1        0.1300234375
2        0.18215625
3        0.0936375
4        0.1029078125
5        0.12341328125
6        0.11723046875
7        0.1166828125
8        0.1581828125
9        0.1543671875
10        0.1514546875
11        0.1506078125
12        0.02340625
13        0.09647265625
14        0.19432265625
15        0.11263984375
16        0.1324859375
17        0.13210078125
18        0.26081640625
19        0.2601796875
20        0.2617796875
21        0.249209375
22        0.181153125
23        0.217084375
24        0.12731796875
25        0.130828125
26        0.179403125
27        0.16386484375
28        0.10930859375
29        0.21761796875
30        0.23839453125
31        0.32736953125
32        0.293040625
33        0.21689375
34        0.237165625
35        0.28705703125
36        0.31929609375
37        0.3085
38        0.27538125
39        0.28622109375
40        0.296053125
41        0.292840625
42        0.260146875
43        0.3663328125
44        0.37772421875
45        0.37008671875
46        0.23623828125
47        0.24422421875
48        0.2583640625
49        0.34391640625
50        0.20229296875
51        0.27091875
52        0.1631421875
53        0.2594890625
54        0.19706171875
55        0.2703953125
56        0.245846875
57        0.3212609375
58        0.25446796875
59        0.3123265625
60        0.24949296875
61        0.259928125
62        0.28786484375
63        0.2865203125
64        0.22172578125
65        0.1992359375
66        0.231775
67        0.24719765625
68        0.3624984375
69        0.34332890625
70        0.2249921875
71        0.17148203125
72        0.2802546875
73        0.273225
74        0.2782484375
75        0.2594234375
76        0.26891484375
77        0.22916328125
78        0.2972015625
79        0.2808390625
80        0.2309890625
81        0.34306953125
82        0.30216171875
83        0.20253203125
84        0.32081875
85        0.3339671875
86        0.2666390625
87        0.25756953125
88        0.20809921875
89        0.21878046875
90        0.14521796875
91        0.20219140625
92        0.25857109375
93        0.29051484375
94        0.308459375
95        0.29700625
96        0.31240859375
97        0.26070546875
98        0.2735140625
99        0.25009296875
100        0.36268203125
101        0.2854359375
102        0.2987546875
103        0.26477109375
104        0.266503125
105        0.29992890625
106        0.26956875
107        0.268653125
108        0.2723421875
109        0.2130828125
110        0.22480078125
111        0.30598671875
112        0.28386640625
113        0.26945390625
114        0.270290625
115        0.26563515625
116        0.21057265625
117        0.29329296875
118        0.22399765625
119        0.06270234375
120        0.1721109375
121        0.28776328125
122        0.19459921875
123        0.393978125
124        0.2947046875
125        0.07608125
126        0.0990734375
127        0.2696171875
128        0.4224296875
