1        0.9970671875
2        0.99699296875
3        0.99551328125
4        0.9966125
5        0.99696640625
6        0.9964015625
7        0.99669140625
8        0.99699921875
9        0.99693671875
10        0.9969640625
11        0.99695390625
12        0.68702109375
13        0.99398515625
14        0.99702109375
15        0.996115625
16        0.99698671875
17        0.99703359375
18        0.99700546875
19        0.99703671875
20        0.99703125
21        0.99706328125
22        0.99703203125
23        0.99701171875
24        0.9967453125
25        0.99617890625
26        0.99703984375
27        0.99710078125
28        0.99601953125
29        0.99695390625
30        0.9971015625
31        0.9971078125
32        0.99703046875
33        0.9970296875
34        0.99705859375
35        0.99706328125
36        0.99702578125
37        0.99703828125
38        0.997025
39        0.99703203125
40        0.9969671875
41        0.99707265625
42        0.99700546875
43        0.9969796875
44        0.9970390625
45        0.996975
46        0.99693984375
47        0.9970609375
48        0.9970046875
49        0.99703203125
50        0.99701171875
51        0.9970296875
52        0.9970375
53        0.9970703125
54        0.996978125
55        0.9971296875
56        0.996990625
57        0.99701015625
58        0.9970015625
59        0.99708515625
60        0.99706796875
61        0.997128125
62        0.99704296875
63        0.9969890625
64        0.9970671875
65        0.997053125
66        0.99705078125
67        0.997065625
68        0.996959375
69        0.99704296875
70        0.99700546875
71        0.9970640625
72        0.99703828125
73        0.99702265625
74        0.9969921875
75        0.99699375
76        0.99699375
77        0.99696640625
78        0.9970078125
79        0.99706796875
80        0.9971515625
81        0.99709609375
82        0.99706484375
83        0.99694296875
84        0.997053125
85        0.99704453125
86        0.997025
87        0.99700859375
88        0.99709765625
89        0.99706171875
90        0.99679609375
91        0.997046875
92        0.99704453125
93        0.9969984375
94        0.99706171875
95        0.99701875
96        0.997028125
97        0.99708046875
98        0.99699921875
99        0.99703125
100        0.99703671875
101        0.9970234375
102        0.99705234375
103        0.99696640625
104        0.99700078125
105        0.9970125
106        0.99708515625
107        0.99709375
108        0.9970046875
109        0.99699453125
110        0.99699140625
111        0.997040625
112        0.99704609375
113        0.99705
114        0.9970515625
115        0.99701875
116        0.99704765625
117        0.996996875
118        0.99703828125
119        0.9409125
120        0.99699765625
121        0.99703046875
122        0.99699921875
123        0.99700390625
124        0.997065625
125        0.99697734375
126        0.99706640625
127        0.996984375
128        0.99700859375
