1        0.92161328125
2        0.9620125
3        0.8403875
4        0.8791140625
5        0.91181953125
6        0.89890703125
7        0.89659296875
8        0.9341828125
9        0.9315828125
10        0.92305
11        0.9227875
12        0.30246796875
13        0.81960390625
14        0.96028671875
15        0.86473828125
16        0.9105234375
17        0.9305171875
18        0.9737453125
19        0.9733015625
20        0.973440625
21        0.9725984375
22        0.9480421875
23        0.97014375
24        0.88493359375
25        0.88820546875
26        0.9488265625
27        0.95747734375
28        0.8683171875
29        0.9671875
30        0.97253125
31        0.97421640625
32        0.97440546875
33        0.96610703125
34        0.96873828125
35        0.973121875
36        0.974325
37        0.9741234375
38        0.9733265625
39        0.97351171875
40        0.97397421875
41        0.97413984375
42        0.972584375
43        0.9744234375
44        0.974221875
45        0.974221875
46        0.969503125
47        0.97029765625
48        0.97224453125
49        0.97426328125
50        0.9546390625
51        0.97409921875
52        0.93388671875
53        0.97124609375
54        0.9576703125
55        0.97298359375
56        0.9698984375
57        0.97403984375
58        0.97358984375
59        0.97409296875
60        0.969709375
61        0.97200234375
62        0.9735078125
63        0.9731234375
64        0.9623703125
65        0.96444765625
66        0.96905625
67        0.97210625
68        0.97406328125
69        0.97420234375
70        0.96265234375
71        0.9576875
72        0.97361953125
73        0.97196328125
74        0.9729796875
75        0.97109375
76        0.972215625
77        0.96411328125
78        0.97383984375
79        0.97347578125
80        0.96541484375
81        0.974240625
82        0.973115625
83        0.95569765625
84        0.97416875
85        0.97438671875
86        0.9721328125
87        0.9706421875
88        0.95789296875
89        0.96644921875
90        0.88995703125
91        0.96471796875
92        0.97132578125
93        0.97298125
94        0.97403203125
95        0.97391171875
96        0.97363046875
97        0.9723015625
98        0.972965625
99        0.9708375
100        0.97394140625
101        0.97349296875
102        0.97348203125
103        0.97038359375
104        0.971353125
105        0.9734859375
106        0.971159375
107        0.971453125
108        0.97171875
109        0.9582625
110        0.96570078125
111        0.97368515625
112        0.97354375
113        0.97031953125
114        0.97169765625
115        0.97058515625
116        0.9557296875
117        0.973415625
118        0.96490859375
119        0.58701171875
120        0.93451328125
121        0.972671875
122        0.95364140625
123        0.974275
124        0.97415703125
125        0.88824453125
126        0.92160703125
127        0.97366328125
128        0.97426953125
