1        0.04231875
2        0.0606515625
3        0.03018359375
4        0.03525546875
5        0.039896875
6        0.03934921875
7        0.037884375
8        0.0525546875
9        0.053403125
10        0.0513421875
11        0.05216484375
12        0.012565625
13        0.032325
14        0.06415859375
15        0.037315625
16        0.044284375
17        0.04584375
18        0.08836796875
19        0.088059375
20        0.0904328125
21        0.08699140625
22        0.059521875
23        0.0746734375
24        0.04081328125
25        0.04183046875
26        0.061003125
27        0.05565703125
28        0.03631640625
29        0.0767890625
30        0.0794203125
31        0.11966640625
32        0.1048890625
33        0.073040625
34        0.0800875
35        0.10051171875
36        0.11716953125
37        0.10838203125
38        0.09353046875
39        0.100296875
40        0.10326640625
41        0.10676171875
42        0.09163515625
43        0.141346875
44        0.153646875
45        0.14474296875
46        0.0832765625
47        0.0824
48        0.08743828125
49        0.12964609375
50        0.06640703125
51        0.09745234375
52        0.052409375
53        0.09058984375
54        0.07000390625
55        0.0947421875
56        0.0840671875
57        0.11471484375
58        0.08948125
59        0.11282734375
60        0.0877125
61        0.09101484375
62        0.10556875
63        0.10095546875
64        0.07598984375
65        0.0667078125
66        0.080428125
67        0.08312734375
68        0.13653828125
69        0.12615546875
70        0.07801328125
71        0.05762109375
72        0.0997
73        0.0947828125
74        0.09913984375
75        0.0887578125
76        0.097075
77        0.07684921875
78        0.10746328125
79        0.1019328125
80        0.08007734375
81        0.1298671875
82        0.10474375
83        0.07133984375
84        0.11834140625
85        0.12333125
86        0.09554609375
87        0.0894640625
88        0.07238359375
89        0.07270625
90        0.04699765625
91        0.06915234375
92        0.090484375
93        0.10333515625
94        0.11073828125
95        0.10690390625
96        0.111603125
97        0.09052109375
98        0.09577734375
99        0.0879984375
100        0.1403390625
101        0.0985390625
102        0.10728984375
103        0.09297890625
104        0.0925421875
105        0.10925078125
106        0.09756171875
107        0.0941953125
108        0.094978125
109        0.073996875
110        0.07517578125
111        0.111775
112        0.10113671875
113        0.0951953125
114        0.09526875
115        0.09535546875
116        0.0722046875
117        0.10448671875
118        0.077378125
119        0.0240765625
120        0.060809375
121        0.100453125
122        0.0654453125
123        0.1584140625
124        0.10612265625
125        0.0242375
126        0.03386015625
127        0.093665625
128        0.17822890625
