1        0.99591953125
2        0.99623125
3        0.991890625
4        0.994309375
5        0.99592734375
6        0.9954890625
7        0.9948140625
8        0.9962203125
9        0.99590078125
10        0.99588203125
11        0.99608984375
12        0.6250921875
13        0.99011015625
14        0.99608125
15        0.9937125
16        0.996028125
17        0.99584375
18        0.9961359375
19        0.9962
20        0.99613671875
21        0.99623359375
22        0.99608359375
23        0.9961625
24        0.9942921875
25        0.99523046875
26        0.99598671875
27        0.99600546875
28        0.99305078125
29        0.996165625
30        0.99618515625
31        0.99616796875
32        0.9962
33        0.9961671875
34        0.99616796875
35        0.996228125
36        0.99626171875
37        0.9962140625
38        0.9961734375
39        0.99619375
40        0.99622578125
41        0.99619375
42        0.99618984375
43        0.996165625
44        0.99619453125
45        0.99616953125
46        0.99629765625
47        0.99623125
48        0.99621484375
49        0.9961875
50        0.99613515625
51        0.9962046875
52        0.99598046875
53        0.99619921875
54        0.9961796875
55        0.99618359375
56        0.99609921875
57        0.9962109375
58        0.99622109375
59        0.99620625
60        0.99629296875
61        0.99617421875
62        0.9961484375
63        0.99623359375
64        0.99617109375
65        0.99626953125
66        0.99615
67        0.9962234375
68        0.99621484375
69        0.9962
70        0.99615625
71        0.9962140625
72        0.996228125
73        0.99626328125
74        0.99624296875
75        0.9961859375
76        0.996190625
77        0.9961859375
78        0.9962515625
79        0.996184375
80        0.99618828125
81        0.99614765625
82        0.99615234375
83        0.99624375
84        0.99614609375
85        0.99619453125
86        0.99625546875
87        0.9961453125
88        0.99623125
89        0.99618828125
90        0.99462421875
91        0.99616875
92        0.996240625
93        0.99619296875
94        0.99626015625
95        0.9962203125
96        0.9962515625
97        0.99614921875
98        0.99625
99        0.996265625
100        0.9962171875
101        0.99620703125
102        0.99630234375
103        0.99618125
104        0.99609375
105        0.996128125
106        0.99619453125
107        0.9962296875
108        0.99618515625
109        0.99611171875
110        0.9961640625
111        0.9961796875
112        0.99619765625
113        0.99616171875
114        0.99617265625
115        0.99626640625
116        0.9961265625
117        0.99626328125
118        0.99618671875
119        0.913765625
120        0.99609921875
121        0.996165625
122        0.9961421875
123        0.99613671875
124        0.99620703125
125        0.99523984375
126        0.996140625
127        0.9961671875
128        0.9962796875
