1        0.99555546875
2        0.99596875
3        0.99142734375
4        0.99464765625
5        0.99496875
6        0.9941421875
7        0.994809375
8        0.995690625
9        0.99519296875
10        0.9954953125
11        0.99531484375
12        0.62106015625
13        0.98888515625
14        0.9960359375
15        0.9925625
16        0.99504765625
17        0.9954875
18        0.995915625
19        0.99596953125
20        0.99595546875
21        0.99603828125
22        0.9958796875
23        0.99600234375
24        0.99435546875
25        0.99412578125
26        0.9959625
27        0.99597265625
28        0.99241015625
29        0.9959109375
30        0.99604765625
31        0.99601015625
32        0.99596875
33        0.99594375
34        0.99595390625
35        0.99598984375
36        0.99604609375
37        0.99598359375
38        0.996065625
39        0.99600234375
40        0.9959546875
41        0.996009375
42        0.9960296875
43        0.99604296875
44        0.99602265625
45        0.996009375
46        0.996015625
47        0.99595390625
48        0.99591171875
49        0.99603828125
50        0.99603828125
51        0.9960109375
52        0.9954140625
53        0.99602578125
54        0.996053125
55        0.995959375
56        0.996025
57        0.99606875
58        0.9960015625
59        0.996015625
60        0.9959578125
61        0.9959984375
62        0.99595625
63        0.9959171875
64        0.9960640625
65        0.99597890625
66        0.9959515625
67        0.9959578125
68        0.9960125
69        0.99604375
70        0.99600078125
71        0.9960046875
72        0.9960875
73        0.99598359375
74        0.99597890625
75        0.9959796875
76        0.99594921875
77        0.996021875
78        0.99595234375
79        0.99600703125
80        0.99600234375
81        0.99602890625
82        0.99603671875
83        0.99586875
84        0.99598671875
85        0.99596015625
86        0.99603125
87        0.995971875
88        0.9959796875
89        0.995953125
90        0.99392109375
91        0.99597265625
92        0.99599609375
93        0.99606953125
94        0.9959984375
95        0.995975
96        0.99600390625
97        0.99590703125
98        0.99593671875
99        0.9959828125
100        0.9960546875
101        0.996028125
102        0.99604921875
103        0.99601015625
104        0.9959546875
105        0.9960875
106        0.99588671875
107        0.99598203125
108        0.99594140625
109        0.995934375
110        0.99606640625
111        0.9959734375
112        0.9960609375
113        0.99594921875
114        0.9959625
115        0.99598828125
116        0.9959890625
117        0.995975
118        0.99593359375
119        0.900959375
120        0.99568515625
121        0.995946875
122        0.9958125
123        0.99599140625
124        0.99600859375
125        0.9941578125
126        0.99551328125
127        0.99595859375
128        0.99605
