1        0.99703046875
2        0.997259375
3        0.99625390625
4        0.99695390625
5        0.99723671875
6        0.99712578125
7        0.9969890625
8        0.997196875
9        0.9972765625
10        0.99730390625
11        0.9970375
12        0.7044421875
13        0.99498984375
14        0.9972703125
15        0.99681328125
16        0.99700390625
17        0.99735859375
18        0.997296875
19        0.99731484375
20        0.99730234375
21        0.99730703125
22        0.99727265625
23        0.99734140625
24        0.9967984375
25        0.99708671875
26        0.99726953125
27        0.9973484375
28        0.99691796875
29        0.9973078125
30        0.9972875
31        0.99727109375
32        0.99733046875
33        0.9972390625
34        0.99736875
35        0.9972625
36        0.997353125
37        0.997275
38        0.99728515625
39        0.99734453125
40        0.99735078125
41        0.99729375
42        0.997325
43        0.997340625
44        0.997309375
45        0.9973046875
46        0.99735234375
47        0.9973875
48        0.9973015625
49        0.997296875
50        0.99722734375
51        0.99731640625
52        0.99719609375
53        0.99728125
54        0.99733046875
55        0.997271875
56        0.997334375
57        0.9972984375
58        0.99728984375
59        0.99731015625
60        0.99727109375
61        0.9973328125
62        0.9972546875
63        0.9972859375
64        0.9972515625
65        0.99738828125
66        0.99726171875
67        0.997290625
68        0.99729765625
69        0.99727109375
70        0.99738359375
71        0.99724296875
72        0.997321875
73        0.99736953125
74        0.99736328125
75        0.997334375
76        0.9973296875
77        0.997346875
78        0.99729375
79        0.99729921875
80        0.99726484375
81        0.99731875
82        0.99731328125
83        0.9973578125
84        0.99726171875
85        0.9973109375
86        0.997340625
87        0.99730078125
88        0.99733359375
89        0.9973359375
90        0.996896875
91        0.9972875
92        0.99731953125
93        0.99732578125
94        0.99732734375
95        0.997328125
96        0.99723515625
97        0.9972796875
98        0.9973421875
99        0.9973015625
100        0.99732890625
101        0.997296875
102        0.99734140625
103        0.9972625
104        0.99725390625
105        0.99725390625
106        0.99733203125
107        0.9973015625
108        0.99729375
109        0.99738125
110        0.99732421875
111        0.9973015625
112        0.99728671875
113        0.99732421875
114        0.99728828125
115        0.99727421875
116        0.997290625
117        0.9972734375
118        0.99737109375
119        0.9494578125
120        0.99727734375
121        0.99732890625
122        0.997346875
123        0.9974078125
124        0.99733828125
125        0.99709296875
126        0.99730546875
127        0.9973296875
128        0.99727109375
