1        0.9973203125
2        0.99733125
3        0.99655546875
4        0.99725
5        0.9974046875
6        0.997275
7        0.9970546875
8        0.99737109375
9        0.99744765625
10        0.99735078125
11        0.997396875
12        0.71993203125
13        0.99541484375
14        0.9974453125
15        0.99679609375
16        0.9973
17        0.99746015625
18        0.99745234375
19        0.99738828125
20        0.99749140625
21        0.99743359375
22        0.997378125
23        0.9974546875
24        0.9972140625
25        0.997196875
26        0.99742109375
27        0.99737421875
28        0.99682890625
29        0.9973953125
30        0.99750234375
31        0.99737421875
32        0.99743046875
33        0.99749453125
34        0.99742421875
35        0.9974453125
36        0.99743671875
37        0.9973765625
38        0.9974859375
39        0.99747890625
40        0.99740546875
41        0.997371875
42        0.99741875
43        0.99744609375
44        0.997428125
45        0.99743203125
46        0.9974015625
47        0.997425
48        0.9973859375
49        0.99739140625
50        0.99737734375
51        0.99749140625
52        0.997384375
53        0.9974265625
54        0.99742265625
55        0.99746328125
56        0.997484375
57        0.99742578125
58        0.99748046875
59        0.9974234375
60        0.9974453125
61        0.99745078125
62        0.99748046875
63        0.99741484375
64        0.9974203125
65        0.99745546875
66        0.997440625
67        0.9974078125
68        0.99746328125
69        0.99740234375
70        0.99740078125
71        0.99745703125
72        0.9974515625
73        0.9974
74        0.99744140625
75        0.99747265625
76        0.99738828125
77        0.99746875
78        0.9974171875
79        0.9974328125
80        0.997375
81        0.9974703125
82        0.99743359375
83        0.99741640625
84        0.99748203125
85        0.99739296875
86        0.997434375
87        0.9973734375
88        0.99745625
89        0.99744765625
90        0.99703671875
91        0.99741953125
92        0.99741171875
93        0.99745703125
94        0.99752578125
95        0.9974359375
96        0.99746640625
97        0.99746796875
98        0.99743203125
99        0.99743125
100        0.99741171875
101        0.9973875
102        0.99739765625
103        0.99741171875
104        0.99750390625
105        0.997465625
106        0.99736796875
107        0.997403125
108        0.99746640625
109        0.9974203125
110        0.99746875
111        0.99737265625
112        0.99743828125
113        0.99735078125
114        0.9974296875
115        0.99746015625
116        0.9974125
117        0.99742578125
118        0.99742578125
119        0.95291640625
120        0.9974
121        0.9974578125
122        0.99741484375
123        0.99738125
124        0.9974796875
125        0.997109375
126        0.99740078125
127        0.997446875
128        0.997421875
