1        0.98965546875
2        0.9933328125
3        0.973425
4        0.98319921875
5        0.98817890625
6        0.98636328125
7        0.98669375
8        0.99170390625
9        0.9915546875
10        0.989828125
11        0.99062265625
12        0.51534609375
13        0.964653125
14        0.99293203125
15        0.979040625
16        0.988596875
17        0.99140234375
18        0.9934484375
19        0.99351796875
20        0.99333984375
21        0.99341171875
22        0.99254296875
23        0.99352265625
24        0.98265546875
25        0.98498984375
26        0.9924515625
27        0.99313046875
28        0.9801890625
29        0.99343984375
30        0.99346484375
31        0.9935015625
32        0.993428125
33        0.993325
34        0.9935546875
35        0.99348515625
36        0.9933765625
37        0.9935578125
38        0.9934578125
39        0.99349296875
40        0.9934515625
41        0.99354921875
42        0.99344765625
43        0.993428125
44        0.9932921875
45        0.993503125
46        0.9933578125
47        0.993378125
48        0.9935046875
49        0.9933953125
50        0.99281796875
51        0.993434375
52        0.991425
53        0.9934046875
54        0.99259140625
55        0.99338046875
56        0.99342890625
57        0.99342421875
58        0.99335390625
59        0.99340078125
60        0.993453125
61        0.99338125
62        0.9934625
63        0.99342890625
64        0.993165625
65        0.99325625
66        0.99333515625
67        0.9935375
68        0.99335859375
69        0.9934625
70        0.99313203125
71        0.99294765625
72        0.9934328125
73        0.9935203125
74        0.9935140625
75        0.99347734375
76        0.99341015625
77        0.99332265625
78        0.99337734375
79        0.9934703125
80        0.99313515625
81        0.9934
82        0.9935265625
83        0.992634375
84        0.9934328125
85        0.993425
86        0.99343125
87        0.99338984375
88        0.99321328125
89        0.99338125
90        0.9842171875
91        0.9935046875
92        0.9934765625
93        0.9934546875
94        0.993496875
95        0.9935546875
96        0.9934890625
97        0.99349921875
98        0.99347578125
99        0.9934109375
100        0.99341484375
101        0.9935234375
102        0.99342265625
103        0.993484375
104        0.99338828125
105        0.99356015625
106        0.99349609375
107        0.99363671875
108        0.993325
109        0.99346875
110        0.9935796875
111        0.99344921875
112        0.99347890625
113        0.993584375
114        0.99348671875
115        0.99349140625
116        0.9933671875
117        0.993409375
118        0.9933171875
119        0.827178125
120        0.990775
121        0.993578125
122        0.99278984375
123        0.99338046875
124        0.99343828125
125        0.9860609375
126        0.99016953125
127        0.9933984375
128        0.99352421875
