0        0.494032258065
1        0.426048387097
2        0.365483870968
3        0.40564516129
4        0.183467741935
5        0.3075
6        0.379758064516
7        0.425
8        0.493790322581
9        0.347903225806
10        0.471935483871
11        0.183870967742
12        0.184274193548
13        0.377903225806
14        0.546612903226
15        0.502258064516
16        0.511048387097
17        0.398790322581
18        0.527096774194
19        0.355564516129
20        0.516693548387
21        0.500806451613
22        0.152419354839
23        0.35685483871
24        0.503790322581
25        0.255564516129
26        0.261532258065
27        0.328629032258
28        0.411532258065
29        0.507661290323
30        0.37314516129
31        0.129758064516
32        0.226290322581
33        0.559596774194
34        0.405725806452
35        0.192741935484
36        0.460080645161
37        0.539677419355
38        0.505241935484
39        0.261209677419
40        0.56314516129
41        0.391532258065
42        0.478709677419
43        0.461370967742
44        0.393548387097
45        0.567419354839
46        0.224596774194
47        0.455725806452
48        0.132338709677
49        0.164677419355
50        0.525080645161
51        0.529677419355
52        0.454435483871
53        0.252258064516
54        0.370806451613
55        0.285322580645
56        0.221129032258
57        0.410967741935
58        0.172580645161
59        0.452177419355
60        0.0803225806452
61        0.248790322581
