0        0.17314516129
1        0.149032258065
2        0.0775
3        0.081935483871
4        0.045564516129
5        0.0721774193548
6        0.0925
7        0.12064516129
8        0.172096774194
9        0.112096774194
10        0.13064516129
11        0.0515322580645
12        0.0574193548387
13        0.119677419355
14        0.227903225806
15        0.17435483871
16        0.19
17        0.122580645161
18        0.190161290323
19        0.100080645161
20        0.184435483871
21        0.178629032258
22        0.0377419354839
23        0.104032258065
24        0.160564516129
25        0.061935483871
26        0.0579032258065
27        0.109516129032
28        0.14435483871
29        0.180322580645
30        0.109274193548
31        0.0412096774194
32        0.0570161290323
33        0.213629032258
34        0.125483870968
35        0.059435483871
36        0.155241935484
37        0.211048387097
38        0.170483870968
39        0.0793548387097
40        0.189032258065
41        0.120322580645
42        0.138548387097
43        0.167661290323
44        0.0982258064516
45        0.215322580645
46        0.0610483870968
47        0.141451612903
48        0.0396774193548
49        0.0520967741935
50        0.189596774194
51        0.183306451613
52        0.143790322581
53        0.0599193548387
54        0.114112903226
55        0.0929032258065
56        0.0416935483871
57        0.121370967742
58        0.0637903225806
59        0.137016129032
60        0.0291935483871
61        0.086935483871
