0        0.433951612903
1        0.355161290323
2        0.270725806452
3        0.29814516129
4        0.124112903226
5        0.239758064516
6        0.295322580645
7        0.291612903226
8        0.410564516129
9        0.248225806452
10        0.343225806452
11        0.101129032258
12        0.128548387097
13        0.304838709677
14        0.459193548387
15        0.424838709677
16        0.422016129032
17        0.313064516129
18        0.395967741935
19        0.265161290323
20        0.439193548387
21        0.419677419355
22        0.10685483871
23        0.300322580645
24        0.40314516129
25        0.190403225806
26        0.191290322581
27        0.253709677419
28        0.356532258065
29        0.424838709677
30        0.314677419355
31        0.123387096774
32        0.163064516129
33        0.479596774194
34        0.362580645161
35        0.138709677419
36        0.39564516129
37        0.476612903226
38        0.442580645161
39        0.195483870968
40        0.458064516129
41        0.278870967742
42        0.350725806452
43        0.401774193548
44        0.327983870968
45        0.467661290323
46        0.175322580645
47        0.365806451613
48        0.0971774193548
49        0.16314516129
50        0.455322580645
51        0.434838709677
52        0.353225806452
53        0.167177419355
54        0.311209677419
55        0.257983870968
56        0.140483870968
57        0.28685483871
58        0.142822580645
59        0.376048387097
60        0.0662903225806
61        0.222903225806
