0        0.0235483870968
1        0.0254032258065
2        0.0197580645161
3        0.0197580645161
4        0.018064516129
5        0.0204032258065
6        0.0214516129032
7        0.0214516129032
8        0.0235483870968
9        0.0236290322581
10        0.0223387096774
11        0.0179838709677
12        0.0182258064516
13        0.0227419354839
14        0.0285483870968
15        0.0248387096774
16        0.0217741935484
17        0.0242741935484
18        0.0254032258065
19        0.0199193548387
20        0.0251612903226
21        0.0263709677419
22        0.0176612903226
23        0.0193548387097
24        0.0222580645161
25        0.0198387096774
26        0.0193548387097
27        0.0221774193548
28        0.0212903225806
29        0.0239516129032
30        0.020564516129
31        0.0170967741935
32        0.0186290322581
33        0.0302419354839
34        0.0218548387097
35        0.0179838709677
36        0.0241129032258
37        0.0278225806452
38        0.0257258064516
39        0.0185483870968
40        0.0254838709677
41        0.021935483871
42        0.0233870967742
43        0.0241129032258
44        0.0196774193548
45        0.0288709677419
46        0.0172580645161
47        0.0216935483871
48        0.0171774193548
49        0.0187903225806
50        0.0275
51        0.0256451612903
52        0.0200806451613
53        0.0187096774194
54        0.0259677419355
55        0.0192741935484
56        0.0187903225806
57        0.0261290322581
58        0.0170161290323
59        0.0220161290323
60        0.0168548387097
61        0.0190322580645
