0        0.815806451613
1        0.790806451613
2        0.698064516129
3        0.686370967742
4        0.409516129032
5        0.741129032258
6        0.776774193548
7        0.770887096774
8        0.805080645161
9        0.740483870968
10        0.771693548387
11        0.388306451613
12        0.372580645161
13        0.793467741935
14        0.829677419355
15        0.809032258065
16        0.798467741935
17        0.78064516129
18        0.814112903226
19        0.717177419355
20        0.819596774194
21        0.807338709677
22        0.410725806452
23        0.729677419355
24        0.813387096774
25        0.633548387097
26        0.659758064516
27        0.75
28        0.779193548387
29        0.817903225806
30        0.783709677419
31        0.430483870968
32        0.532258064516
33        0.824112903226
34        0.777580645161
35        0.44
36        0.792016129032
37        0.829193548387
38        0.797903225806
39        0.602983870968
40        0.826774193548
41        0.762419354839
42        0.811693548387
43        0.811209677419
44        0.736693548387
45        0.816532258065
46        0.47935483871
47        0.816048387097
48        0.409596774194
49        0.513387096774
50        0.818225806452
51        0.824919354839
52        0.749596774194
53        0.555564516129
54        0.791774193548
55        0.630564516129
56        0.527661290323
57        0.778629032258
58        0.428387096774
59        0.789032258065
60        0.304193548387
61        0.595
