0        0.0204032258065
1        0.0199193548387
2        0.0183870967742
3        0.0185483870968
4        0.0166935483871
5        0.0181451612903
6        0.0195161290323
7        0.0191129032258
8        0.0204032258065
9        0.0199193548387
10        0.0195161290323
11        0.0170161290323
12        0.0170161290323
13        0.0207258064516
14        0.0243548387097
15        0.0207258064516
16        0.0196774193548
17        0.0204838709677
18        0.0214516129032
19        0.0181451612903
20        0.0216129032258
21        0.0190322580645
22        0.016935483871
23        0.0181451612903
24        0.0191129032258
25        0.0179032258065
26        0.0179032258065
27        0.0181451612903
28        0.0191935483871
29        0.0209677419355
30        0.0185483870968
31        0.0163709677419
32        0.0185483870968
33        0.020564516129
34        0.0188709677419
35        0.0167741935484
36        0.0211290322581
37        0.0237096774194
38        0.0215322580645
39        0.0170161290323
40        0.0227419354839
41        0.0192741935484
42        0.0200806451613
43        0.0198387096774
44        0.0182258064516
45        0.0234677419355
46        0.0171774193548
47        0.020564516129
48        0.0166129032258
49        0.0181451612903
50        0.0206451612903
51        0.0223387096774
52        0.0179032258065
53        0.0177419354839
54        0.0210483870968
55        0.016935483871
56        0.0172580645161
57        0.0211290322581
58        0.0170161290323
59        0.0187903225806
60        0.0165322580645
61        0.0176612903226
