0        0.0510483870968
1        0.0559677419355
2        0.0372580645161
3        0.0353225806452
4        0.0275806451613
5        0.031935483871
6        0.0457258064516
7        0.041935483871
8        0.0435483870968
9        0.0432258064516
10        0.0388709677419
11        0.0217741935484
12        0.0281451612903
13        0.0477419354839
14        0.0682258064516
15        0.0514516129032
16        0.0478225806452
17        0.0453225806452
18        0.064435483871
19        0.0345161290323
20        0.0583064516129
21        0.0503225806452
22        0.0220967741935
23        0.0367741935484
24        0.0559677419355
25        0.0271774193548
26        0.0263709677419
27        0.0332258064516
28        0.0403225806452
29        0.0557258064516
30        0.0353225806452
31        0.0221774193548
32        0.0316129032258
33        0.0608064516129
34        0.0516935483871
35        0.0256451612903
36        0.0589516129032
37        0.0700806451613
38        0.0549193548387
39        0.0282258064516
40        0.0591935483871
41        0.0376612903226
42        0.0434677419355
43        0.0570161290323
44        0.0338709677419
45        0.0663709677419
46        0.0258064516129
47        0.0496774193548
48        0.0228225806452
49        0.0261290322581
50        0.0591935483871
51        0.0568548387097
52        0.0367741935484
53        0.0260483870968
54        0.0420161290323
55        0.0263709677419
56        0.0228225806452
57        0.0542741935484
58        0.0218548387097
59        0.0416129032258
60        0.0181451612903
61        0.0309677419355
