0        0.0520161290323
1        0.0487903225806
2        0.0321774193548
3        0.0337903225806
4        0.0281451612903
5        0.035564516129
6        0.0441129032258
7        0.049435483871
8        0.0566129032258
9        0.0513709677419
10        0.0408064516129
11        0.0228225806452
12        0.0225806451613
13        0.0491129032258
14        0.0848387096774
15        0.06
16        0.0661290322581
17        0.0537096774194
18        0.0663709677419
19        0.0362096774194
20        0.0691935483871
21        0.0557258064516
22        0.0257258064516
23        0.0356451612903
24        0.0513709677419
25        0.0276612903226
26        0.0298387096774
27        0.0376612903226
28        0.0449193548387
29        0.0676612903226
30        0.0403225806452
31        0.0245967741935
32        0.0286290322581
33        0.0770161290323
34        0.0514516129032
35        0.026935483871
36        0.0608064516129
37        0.0746774193548
38        0.0622580645161
39        0.028064516129
40        0.0666935483871
41        0.0482258064516
42        0.045564516129
43        0.0609677419355
44        0.0393548387097
45        0.0691935483871
46        0.0254032258065
47        0.0541935483871
48        0.0225
49        0.0239516129032
50        0.063064516129
51        0.0636290322581
52        0.0431451612903
53        0.0277419354839
54        0.0477419354839
55        0.0360483870968
56        0.0241129032258
57        0.0579838709677
58        0.0271774193548
59        0.0437096774194
60        0.0207258064516
61        0.0340322580645
