0        0.0220967741935
1        0.0225
2        0.0196774193548
3        0.0187096774194
4        0.0175806451613
5        0.0198387096774
6        0.0211290322581
7        0.0202419354839
8        0.0214516129032
9        0.0216129032258
10        0.0196774193548
11        0.0172580645161
12        0.0171774193548
13        0.0218548387097
14        0.0239516129032
15        0.020564516129
16        0.0212096774194
17        0.0232258064516
18        0.0216129032258
19        0.019435483871
20        0.0224193548387
21        0.0211290322581
22        0.0174193548387
23        0.0190322580645
24        0.0222580645161
25        0.0182258064516
26        0.0187096774194
27        0.0213709677419
28        0.0195161290323
29        0.0233064516129
30        0.02
31        0.0173387096774
32        0.0184677419355
33        0.0261290322581
34        0.0199193548387
35        0.0168548387097
36        0.0210483870968
37        0.0248387096774
38        0.0220967741935
39        0.0185483870968
40        0.023064516129
41        0.0208870967742
42        0.0207258064516
43        0.0209677419355
44        0.0191935483871
45        0.0266935483871
46        0.0173387096774
47        0.0218548387097
48        0.0170161290323
49        0.0179032258065
50        0.0231451612903
51        0.0234677419355
52        0.0206451612903
53        0.0170967741935
54        0.0220161290323
55        0.0187903225806
56        0.0174193548387
57        0.0240322580645
58        0.016935483871
59        0.0198387096774
60        0.0172580645161
61        0.0191129032258
