1        0.00163543441227
2        0.00203577512777
3        0.00217206132879
4        0.00230834752981
5        0.00144804088586
6        0.00660988074957
7        0.0115161839864
8        0.00823679727428
9        0.0073594548552
10        0.00637989778535
11        0.00470187393526
12        0.00428449744463
13        0.00349233390119
14        0.00229131175468
15        0.00133730834753
16        0.00184838160136
17        0.00232538330494
18        0.00279386712095
19        0.00333901192504
20        0.00223168654174
21        0.0015332197615
22        0.0064139693356
23        0.00724872231687
24        0.00501703577513
25        0.00276831345826
26        0.00238500851789
27        0.0058262350937
28        0.00279386712095
29        0.00289608177172
30        0.00341567291312
31        0.00267461669506
32        0.00183134582624
33        0.00196763202726
34        0.00215502555366
35        0.00272572402044
36        0.00276831345826
37        0.00695059625213
38        0.00457410562181
39        0.00914821124361
40        0.00477001703578
41        0.00541737649063
42        0.00912265758092
43        0.00906303236797
44        0.00587734241908
45        0.00500851788756
46        0.0050936967632
47        0.00556218057922
48        0.00555366269165
49        0.0055195911414
50        0.00744463373083
51        0.00865417376491
52        0.00450596252129
53        0.00549403747871
54        0.00433560477002
55        0.00323679727428
56        0.00524701873935
57        0.00512776831346
58        0.00127768313458
59        0.00136286201022
60        0.00127768313458
61        0.00124361158433
62        0.00159284497445
63        0.0013202725724
64        0.0079727427598
65        0.00576660988075
66        0.00288756388416
67        0.00327086882453
68        0.00649063032368
69        0.00602214650767
70        0.00752129471891
71        0.00487223168654
72        0.00431856899489
73        0.00523850085179
74        0.00280238500852
75        0.00405451448041
76        0.00277683134583
77        0.0022402044293
78        0.00226575809199
79        0.00226575809199
80        0.00284497444634
81        0.00550255536627
82        0.00359454855196
83        0.00298977853492
84        0.00485519591141
85        0.0035860306644
86        0.00397785349233
87        0.00134582623509
88        0.00166098807496
89        0.0020272572402
90        0.00348381601363
91        0.00256388415673
92        0.00231686541738
93        0.00347529812606
94        0.00158432708688
95        0.00182282793867
96        0.00173764906303
97        0.00176320272572
98        0.00230834752981
99        0.00335604770017
100        0.00627768313458
101        0.00502555366269
102        0.00341567291312
103        0.00404599659284
104        0.00486371379898
105        0.00810051107325
106        0.00792163543441
107        0.00897785349233
108        0.00465928449744
109        0.00449744463373
110        0.00455706984668
111        0.00311754684838
112        0.00292163543441
113        0.00209540034072
114        0.00267461669506
115        0.00349233390119
116        0.00308347529813
117        0.00383304940375
118        0.00228279386712
119        0.0023339011925
120        0.00261499148211
121        0.00252981260647
122        0.00259795570698
123        0.0020528109029
124        0.00155877342419
125        0.00188245315162
126        0.00198466780239
127        0.00173764906303
128        0.00161839863714
129        0.00125212947189
130        0.00259795570698
131        0.00226575809199
132        0.00184838160136
133        0.00196763202726
134        0.00166950596252
135        0.00132879045997
136        0.0036797274276
137        0.00731686541738
138        0.00472742759796
139        0.00557069846678
140        0.00463373083475
141        0.0084667802385
142        0.00499148211244
143        0.00747018739353
144        0.00707836456559
145        0.00531516183986
146        0.00239352640545
147        0.00252981260647
148        0.00269165247019
149        0.00390119250426
150        0.00225724020443
151        0.00242759795571
152        0.00260647359455
153        0.00270868824532
154        0.00321124361158
155        0.00282793867121
156        0.00260647359455
157        0.00220613287905
158        0.001933560477
159        0.00229982964225
160        0.00244463373083
161        0.00185689948893
162        0.00182282793867
163        0.00224872231687
164        0.00330494037479
165        0.00155025553663
166        0.00155025553663
167        0.00288756388416
168        0.00296422487223
169        0.00517887563884
170        0.00333049403748
171        0.00636286201022
172        0.00492333901193
173        0.00559625212947
174        0.00301533219761
175        0.0026660988075
176        0.00293867120954
177        0.00528960817717
178        0.00413117546848
179        0.0077597955707
180        0.00880749574106
181        0.0102044293015
182        0.00464224872232
183        0.0029471890971
184        0.00229982964225
185        0.00402044293015
186        0.00518739352641
187        0.00421635434412
188        0.00607325383305
189        0.00383304940375
190        0.00427597955707
191        0.00420783645656
192        0.00441226575809
193        0.00381601362862
194        0.00491482112436
195        0.00373083475298
196        0.00571550255537
197        0.00393526405451
198        0.00250425894378
199        0.00229131175468
200        0.00188245315162
201        0.00217206132879
202        0.00298977853492
203        0.00497444633731
204        0.0046933560477
205        0.00339011925043
206        0.00372231686542
207        0.00246166950596
208        0.00188245315162
209        0.00134582623509
210        0.00225724020443
211        0.00246166950596
212        0.00237649063032
213        0.00120102214651
214        0.00163543441227
215        0.00155025553663
216        0.00183134582624
217        0.00288756388416
218        0.00191652470187
219        0.00187393526405
220        0.00203577512777
221        0.0022402044293
222        0.00229982964225
223        0.00241056218058
224        0.00293015332198
225        0.00318568994889
226        0.0021465076661
227        0.00228279386712
228        0.00267461669506
229        0.00363713798978
230        0.00459114139693
231        0.00315161839864
232        0.00697614991482
233        0.00847529812606
234        0.00711243611584
235        0.00620102214651
236        0.00912265758092
237        0.00529812606474
238        0.00388415672913
239        0.00318568994889
240        0.00515332197615
241        0.0055195911414
242        0.00488074957411
243        0.00281090289608
244        0.00241056218058
245        0.00247870528109
246        0.00479557069847
247        0.00370528109029
248        0.00211243611584
249        0.00165247018739
250        0.00169505962521
251        0.0013202725724
252        0.00333049403748
253        0.00841567291312
254        0.00687393526405
255        0.00307495741056
256        0.00229131175468
257        0.00229131175468
258        0.00198466780239
259        0.00275127768313
260        0.00239352640545
261        0.00305792163543
262        0.003867120954
263        0.00295570698467
264        0.00374787052811
265        0.00565587734242
266        0.00322827938671
267        0.00313458262351
268        0.0028534923339
269        0.00316865417376
270        0.00393526405451
271        0.00224872231687
272        0.00238500851789
273        0.00187393526405
274        0.00181431005111
275        0.00255536626917
276        0.00286201022147
277        0.00537478705281
278        0.00494037478705
279        0.00498296422487
280        0.00631175468484
281        0.00446337308348
282        0.00148211243612
283        0.00125212947189
284        0.00798126064736
285        0.00404599659284
286        0.00270017035775
287        0.00456558773424
288        0.00179727427598
289        0.00223168654174
290        0.00390119250426
291        0.00568994889267
292        0.00452299829642
293        0.00240204429302
294        0.00155877342419
295        0.00137989778535
296        0.00341567291312
297        0.00471039182283
298        0.0033730834753
299        0.00258091993186
300        0.00212095400341
301        0.00200170357751
302        0.0018398637138
303        0.0020528109029
304        0.00289608177172
305        0.00234241908007
306        0.00208688245315
307        0.00195059625213
308        0.00176320272572
309        0.00117546848382
310        0.00453151618399
311        0.00256388415673
312        0.00362862010221
313        0.00378194207836
314        0.0029471890971
315        0.00206132879046
316        0.00264906303237
317        0.00241056218058
318        0.0014395229983
319        0.00287052810903
320        0.00401192504259
321        0.00344974446337
322        0.00265758091993
323        0.00212095400341
324        0.00155025553663
325        0.00195911413969
326        0.00201022146508
327        0.00184838160136
328        0.00194207836457
329        0.00388415672913
330        0.00208688245315
331        0.00195059625213
332        0.00237649063032
333        0.00204429301533
334        0.00307495741056
335        0.00238500851789
336        0.00316865417376
337        0.00312606473595
338        0.00344122657581
339        0.00318568994889
340        0.00179727427598
341        0.00320272572402
342        0.00287904599659
343        0.00373935264055
344        0.00224872231687
345        0.00221465076661
346        0.00374787052811
347        0.00323679727428
348        0.00212095400341
349        0.00179727427598
350        0.0028534923339
351        0.00293015332198
352        0.00275127768313
353        0.00252129471891
354        0.00160136286201
355        0.00114139693356
356        0.00109028960818
357        0.00124361158433
358        0.00147359454855
359        0.00178023850085
360        0.0018398637138
361        0.00248722316865
362        0.00240204429302
363        0.00228279386712
364        0.00270017035775
365        0.00132879045997
366        0.00184838160136
367        0.00211243611584
368        0.00160988074957
369        0.00209540034072
370        0.00221465076661
371        0.00134582623509
372        0.00167802385009
373        0.00252981260647
374        0.00279386712095
375        0.00350085178876
376        0.00271720613288
377        0.00408858603066
378        0.00437819420784
379        0.00163543441227
380        0.00160988074957
381        0.00182282793867
382        0.00182282793867
383        0.00119250425894
384        0.00160988074957
385        0.00163543441227
386        0.00180579216354
387        0.00194207836457
388        0.00212095400341
389        0.00307495741056
390        0.0023339011925
391        0.00151618398637
392        0.00230834752981
393        0.00332197614991
394        0.00568143100511
395        0.00289608177172
396        0.00267461669506
397        0.0042930153322
398        0.00299829642249
399        0.00516183986371
400        0.00787904599659
401        0.00879045996593
402        0.00604770017036
403        0.00603066439523
404        0.00413117546848
405        0.00333049403748
406        0.00265758091993
407        0.00310051107325
408        0.00247018739353
409        0.00555366269165
410        0.00594548551959
411        0.0105451448041
412        0.00719761499148
413        0.00734241908007
414        0.00557921635434
415        0.00491482112436
416        0.00642248722317
417        0.0058262350937
418        0.00234241908007
419        0.00206984667802
420        0.00260647359455
421        0.00356899488927
422        0.00432708688245
423        0.00430153321976
424        0.00618398637138
425        0.00364565587734
426        0.0027597955707
427        0.00353492333901
428        0.00446337308348
429        0.00448892674617
430        0.00353492333901
431        0.0029471890971
432        0.00565587734242
433        0.00604770017036
434        0.00437819420784
435        0.00279386712095
436        0.00223168654174
437        0.00189097103918
438        0.00229131175468
439        0.00319420783646
440        0.00324531516184
441        0.00270868824532
442        0.00219761499148
443        0.00261499148211
444        0.00250425894378
445        0.00272572402044
446        0.00208688245315
447        0.00231686541738
448        0.00244463373083
449        0.00222316865417
450        0.00199318568995
451        0.00134582623509
452        0.0053066439523
453        0.00823679727428
454        0.00899488926746
455        0.00644804088586
456        0.00516183986371
457        0.00619250425894
458        0.00512776831346
459        0.00773424190801
460        0.00500851788756
461        0.00412265758092
462        0.0064395229983
463        0.00454855195911
464        0.0052129471891
465        0.00441226575809
466        0.00253833049404
467        0.00272572402044
468        0.00450596252129
469        0.00241908006814
470        0.00350085178876
471        0.00250425894378
472        0.00211243611584
473        0.00251277683135
474        0.00208688245315
475        0.00401192504259
476        0.00281090289608
477        0.00344974446337
478        0.00581771720613
479        0.00800681431005
480        0.00399488926746
481        0.00329642248722
482        0.00419931856899
483        0.00277683134583
484        0.00315161839864
485        0.00547700170358
486        0.0035860306644
487        0.00444633730835
488        0.00206984667802
489        0.00419931856899
490        0.00392674616695
491        0.00392674616695
492        0.00251277683135
493        0.00237649063032
494        0.00316865417376
495        0.00309199318569
496        0.00524701873935
497        0.006132879046
498        0.00597955706985
499        0.00893526405451
500        0.00434412265758
501        0.00518739352641
502        0.00502555366269
503        0.00445485519591
504        0.0065332197615
505        0.00319420783646
506        0.00440374787053
507        0.00303236797274
508        0.00455706984668
509        0.00413969335605
510        0.00378194207836
511        0.00305792163543
512        0.00443781942078
513        0.00264906303237
514        0.00179727427598
515        0.0023339011925
516        0.00219761499148
517        0.00206132879046
518        0.00227427597956
519        0.00196763202726
520        0.00199318568995
521        0.00176320272572
522        0.00192504258944
523        0.00277683134583
524        0.00210391822828
525        0.00171209540034
526        0.00181431005111
527        0.00257240204429
528        0.00249574105622
529        0.00234241908007
530        0.00207836456559
531        0.0023339011925
532        0.00295570698467
533        0.00212095400341
534        0.00241056218058
535        0.00287052810903
536        0.00382453151618
537        0.00564735945486
538        0.00864565587734
539        0.00449744463373
540        0.00625212947189
541        0.00543441226576
542        0.00473594548552
543        0.00482964224872
544        0.00441226575809
545        0.00626916524702
546        0.00471039182283
547        0.00410562180579
548        0.00456558773424
549        0.00534923339012
550        0.00385860306644
551        0.00326235093697
552        0.00247870528109
553        0.00304088586031
554        0.0033730834753
555        0.00163543441227
556        0.00160988074957
557        0.00181431005111
558        0.0017461669506
559        0.0042930153322
560        0.00282793867121
561        0.006933560477
562        0.00407155025554
563        0.00431005110733
564        0.00284497444634
565        0.00241908006814
566        0.00263202725724
567        0.0024531516184
568        0.00206132879046
569        0.00168654173765
570        0.00160988074957
571        0.00116695059625
572        0.00185689948893
573        0.0016269165247
574        0.0015332197615
575        0.00230834752981
576        0.00230834752981
577        0.00366269165247
578        0.00319420783646
579        0.00186541737649
580        0.00316865417376
581        0.00269165247019
582        0.00203577512777
583        0.00173764906303
584        0.0016269165247
585        0.00150766609881
586        0.0014139693356
587        0.00212095400341
588        0.00197614991482
589        0.00181431005111
590        0.0018398637138
591        0.00208688245315
592        0.0026405451448
593        0.00362862010221
594        0.00268313458262
595        0.00249574105622
596        0.00222316865417
597        0.00298126064736
598        0.00216354344123
599        0.00165247018739
600        0.0039863713799
601        0.0026660988075
602        0.00237649063032
603        0.00291311754685
604        0.00348381601363
605        0.00221465076661
606        0.00192504258944
607        0.00224872231687
608        0.00248722316865
609        0.00194207836457
610        0.00123509369676
611        0.00191652470187
612        0.00229982964225
613        0.00204429301533
614        0.0021465076661
615        0.00206984667802
616        0.00194207836457
617        0.00129471890971
618        0.00165247018739
619        0.00206132879046
620        0.00355195911414
621        0.00505110732538
622        0.00243611584327
623        0.00223168654174
624        0.00196763202726
625        0.00182282793867
626        0.00209540034072
627        0.00227427597956
628        0.00585178875639
629        0.00608177172061
630        0.00300681431005
631        0.00217206132879
632        0.00155025553663
633        0.00588586030664
634        0.00230834752981
635        0.00182282793867
636        0.00166950596252
637        0.00189097103918
638        0.00176320272572
639        0.00147359454855
640        0.00131175468484
641        0.00143100511073
642        0.00167802385009
643        0.00189097103918
644        0.00180579216354
645        0.00134582623509
646        0.00123509369676
647        0.00155025553663
648        0.00109880749574
649        0.00135434412266
650        0.00167802385009
651        0.00194207836457
652        0.00146507666099
653        0.0012265758092
654        0.00149063032368
655        0.00151618398637
656        0.00132879045997
657        0.00137137989779
658        0.00159284497445
659        0.00180579216354
660        0.00177172061329
661        0.00194207836457
662        0.00167802385009
663        0.00177172061329
664        0.00171209540034
665        0.00161839863714
666        0.00136286201022
667        0.00158432708688
668        0.00176320272572
669        0.00637137989779
670        0.00552810902896
671        0.00666950596252
672        0.00336456558773
673        0.00756388415673
674        0.00574105621806
675        0.00227427597956
676        0.00166950596252
677        0.00201873935264
678        0.00145655877342
679        0.00142248722317
680        0.00228279386712
681        0.00365417376491
682        0.00360306643952
683        0.00498296422487
684        0.00302385008518
685        0.00264906303237
686        0.00406303236797
687        0.00519591141397
688        0.00437819420784
689        0.00411413969336
690        0.00455706984668
691        0.00317717206133
692        0.00434412265758
693        0.00495741056218
694        0.00310051107325
695        0.00379045996593
696        0.00457410562181
697        0.0045996592845
698        0.00817717206133
699        0.00640545144804
700        0.00425042589438
701        0.00360306643952
702        0.00402896081772
703        0.00178023850085
704        0.00178875638842
705        0.0017206132879
706        0.00168654173765
707        0.00166098807496
708        0.00244463373083
709        0.00305792163543
710        0.00240204429302
711        0.00769165247019
712        0.00344122657581
713        0.00282793867121
714        0.00340715502555
715        0.00627768313458
716        0.00155025553663
717        0.00511925042589
718        0.00419080068143
719        0.00286201022147
720        0.00270017035775
721        0.0029727427598
722        0.00267461669506
723        0.00206984667802
724        0.0018398637138
725        0.00304088586031
726        0.0020528109029
727        0.00158432708688
728        0.0052129471891
729        0.00458262350937
730        0.00284497444634
731        0.00568994889267
732        0.00543441226576
733        0.00385860306644
734        0.00375638841567
735        0.00764906303237
736        0.00314310051107
737        0.00534923339012
738        0.00344122657581
739        0.00534923339012
740        0.0026405451448
741        0.0032538330494
742        0.00221465076661
743        0.00126064735945
744        0.00189948892675
745        0.00296422487223
746        0.00313458262351
747        0.00281942078365
748        0.00392674616695
749        0.00456558773424
750        0.00279386712095
751        0.00413117546848
752        0.00497444633731
753        0.00638841567291
754        0.00218057921635
755        0.00175468483816
756        0.00260647359455
757        0.00287052810903
758        0.00343270868825
759        0.00288756388416
760        0.00336456558773
761        0.00216354344123
762        0.00166098807496
763        0.0018398637138
764        0.00192504258944
765        0.00220613287905
766        0.00227427597956
767        0.00279386712095
768        0.00329642248722
769        0.00180579216354
770        0.00177172061329
771        0.00157580919932
772        0.00175468483816
773        0.00163543441227
774        0.00123509369676
775        0.00264906303237
776        0.00127768313458
777        0.00152470187394
778        0.00165247018739
779        0.00142248722317
780        0.00118398637138
781        0.0023594548552
782        0.00258943781942
783        0.00197614991482
784        0.0020528109029
785        0.00209540034072
786        0.001132879046
787        0.00164395229983
788        0.00158432708688
789        0.00169505962521
790        0.00173764906303
791        0.00158432708688
792        0.00195911413969
793        0.00232538330494
794        0.00178023850085
795        0.00238500851789
796        0.00241908006814
797        0.00201873935264
798        0.00242759795571
799        0.00227427597956
800        0.00229982964225
801        0.00241056218058
802        0.00272572402044
803        0.00121805792164
804        0.00149914821124
805        0.00166950596252
806        0.00178023850085
807        0.0017461669506
808        0.00232538330494
809        0.00281942078365
810        0.00208688245315
811        0.00239352640545
812        0.00160136286201
813        0.00176320272572
814        0.00170357751278
815        0.00185689948893
816        0.00199318568995
817        0.0017206132879
818        0.00155877342419
819        0.00220613287905
820        0.00147359454855
821        0.00119250425894
822        0.00178875638842
823        0.0022402044293
824        0.00175468483816
825        0.0017206132879
826        0.00172913117547
827        0.00182282793867
828        0.00218909710392
829        0.00259795570698
830        0.00253833049404
831        0.00256388415673
832        0.00212947189097
833        0.00177172061329
834        0.00170357751278
835        0.0018398637138
836        0.00213798977853
837        0.00326235093697
838        0.0014139693356
839        0.00148211243612
840        0.00213798977853
841        0.00135434412266
842        0.00399488926746
843        0.00258943781942
844        0.00243611584327
845        0.00277683134583
846        0.00482112436116
847        0.0040800681431
848        0.00406303236797
849        0.00242759795571
850        0.00223168654174
851        0.00235093696763
852        0.00201022146508
853        0.00216354344123
854        0.00198466780239
855        0.00201022146508
856        0.00223168654174
857        0.00201022146508
858        0.00208688245315
859        0.00213798977853
860        0.00396933560477
861        0.00177172061329
862        0.00344974446337
863        0.00387563884157
864        0.00454003407155
865        0.00293015332198
866        0.00331345826235
867        0.00242759795571
868        0.00222316865417
869        0.00189097103918
870        0.00230834752981
871        0.00145655877342
872        0.00190800681431
873        0.00314310051107
874        0.0062265758092
875        0.0058262350937
876        0.00793867120954
877        0.00370528109029
878        0.00373083475298
879        0.00311754684838
880        0.00586882453152
881        0.00836456558773
882        0.00496592844974
883        0.00534071550256
884        0.00435264054514
885        0.00732538330494
886        0.00212947189097
887        0.00352640545145
888        0.0035604770017
889        0.00688245315162
890        0.0036797274276
891        0.00436115843271
892        0.00344974446337
893        0.0063202725724
894        0.00336456558773
895        0.0025468483816
896        0.00501703577513
897        0.00258091993186
898        0.00225724020443
899        0.001933560477
900        0.0029727427598
901        0.00422487223169
902        0.00257240204429
903        0.00281090289608
904        0.00259795570698
905        0.00250425894378
906        0.00270017035775
907        0.00533219761499
908        0.00287904599659
909        0.00185689948893
910        0.00626064735945
911        0.00280238500852
912        0.00298126064736
913        0.00129471890971
914        0.00207836456559
915        0.00145655877342
916        0.00178875638842
917        0.00201873935264
918        0.00290459965928
919        0.00252129471891
920        0.00221465076661
921        0.00155025553663
922        0.00160988074957
923        0.00140545144804
924        0.00120102214651
925        0.00155877342419
926        0.00146507666099
927        0.00132879045997
928        0.00210391822828
929        0.00189948892675
930        0.00126916524702
931        0.00293867120954
932        0.0020528109029
933        0.00181431005111
934        0.00137137989779
935        0.0020272572402
936        0.00170357751278
937        0.0013202725724
938        0.00128620102215
939        0.00154173764906
940        0.00144804088586
941        0.00131175468484
942        0.00178875638842
943        0.00155877342419
944        0.00137989778535
945        0.0017461669506
946        0.0020272572402
947        0.00186541737649
948        0.00171209540034
949        0.00177172061329
950        0.00241056218058
951        0.0018398637138
952        0.00225724020443
953        0.00161839863714
954        0.00274275979557
955        0.00289608177172
956        0.00252981260647
957        0.00218909710392
958        0.00213798977853
959        0.00310051107325
960        0.0020272572402
961        0.0014395229983
962        0.00216354344123
963        0.00164395229983
964        0.00138841567291
965        0.00227427597956
966        0.00211243611584
967        0.00133730834753
968        0.00231686541738
969        0.0024531516184
970        0.00146507666099
971        0.001132879046
972        0.00117546848382
973        0.00143100511073
974        0.00156729131175
975        0.00172913117547
976        0.00212095400341
977        0.00181431005111
978        0.00145655877342
979        0.00139693356048
980        0.00160136286201
981        0.00158432708688
982        0.0020528109029
983        0.00216354344123
984        0.00192504258944
985        0.001933560477
986        0.00120954003407
987        0.00456558773424
988        0.00200170357751
989        0.00200170357751
990        0.00237649063032
991        0.00357751277683
992        0.00310902896082
993        0.003867120954
994        0.00364565587734
995        0.00593696763203
996        0.00510221465077
997        0.00274275979557
998        0.0044804088586
999        0.00179727427598
1000        0.00114991482112
1001        0.00166950596252
1002        0.00215502555366
1003        0.0017461669506
1004        0.00154173764906
1005        0.00135434412266
1006        0.00215502555366
1007        0.00161839863714
1008        0.0040800681431
1009        0.00309199318569
1010        0.00401192504259
1011        0.00421635434412
1012        0.00353492333901
1013        0.00166950596252
1014        0.003066439523
1015        0.00371379897785
1016        0.00308347529813
1017        0.001933560477
1018        0.00221465076661
1019        0.00519591141397
1020        0.00361158432709
1021        0.00116695059625
1022        0.001132879046
1023        0.00264906303237
1024        0.00302385008518
1025        0.00229982964225
1026        0.00273424190801
1027        0.00221465076661
1028        0.0029471890971
1029        0.00281942078365
1030        0.00339863713799
1031        0.00603066439523
1032        0.00449744463373
1033        0.00520442930153
1034        0.00118398637138
1035        0.00116695059625
1036        0.00270868824532
1037        0.0023339011925
1038        0.00118398637138
1039        0.00116695059625
1040        0.00514480408859
1041        0.00291311754685
1042        0.00273424190801
1043        0.00155877342419
1044        0.00479557069847
1045        0.00218909710392
1046        0.00272572402044
1047        0.00264906303237
1048        0.00267461669506
1049        0.00485519591141
1050        0.00310051107325
1051        0.00364565587734
1052        0.00238500851789
1053        0.0023339011925
1054        0.00129471890971
1055        0.00164395229983
1056        0.00159284497445
1057        0.0018398637138
1058        0.00160136286201
1059        0.00152470187394
1060        0.00127768313458
1061        0.00152470187394
1062        0.00163543441227
1063        0.0021465076661
1064        0.00309199318569
1065        0.00155025553663
1066        0.00241056218058
1067        0.00192504258944
1068        0.0014395229983
1069        0.0032538330494
1070        0.00111584327087
1071        0.00114991482112
1072        0.0017206132879
1073        0.00301533219761
1074        0.00396933560477
1075        0.00173764906303
1076        0.001132879046
1077        0.001132879046
1078        0.00443781942078
1079        0.00370528109029
1080        0.0041737649063
1081        0.00219761499148
1082        0.00324531516184
1083        0.00298977853492
1084        0.00139693356048
1085        0.0015332197615
1086        0.00179727427598
1087        0.00160136286201
1088        0.00173764906303
1089        0.00172913117547
1090        0.00209540034072
1091        0.00204429301533
1092        0.00296422487223
1093        0.00118398637138
1094        0.00115843270869
1095        0.00166098807496
1096        0.00129471890971
1097        0.0012265758092
1098        0.0015332197615
1099        0.00182282793867
1100        0.00166950596252
1101        0.00170357751278
1102        0.00169505962521
1103        0.00173764906303
1104        0.00168654173765
1105        0.00160988074957
1106        0.00128620102215
1107        0.00131175468484
1108        0.00192504258944
1109        0.0034667802385
1110        0.00431005110733
1111        0.00220613287905
1112        0.0031601362862
1113        0.00298126064736
1114        0.00204429301533
1115        0.00139693356048
1116        0.00374787052811
1117        0.00272572402044
1118        0.00395229982964
1119        0.00273424190801
1120        0.00167802385009
1121        0.00169505962521
1122        0.00149914821124
1123        0.00130323679727
1124        0.00376490630324
1125        0.00215502555366
1126        0.00192504258944
1127        0.00134582623509
1128        0.00190800681431
1129        0.00250425894378
1130        0.00156729131175
1131        0.00195059625213
1132        0.00247018739353
1133        0.00198466780239
1134        0.0017206132879
1135        0.00165247018739
1136        0.00120102214651
1137        0.00167802385009
1138        0.00220613287905
1139        0.00230834752981
1140        0.00128620102215
1141        0.00129471890971
1142        0.00166098807496
1143        0.00155877342419
1144        0.00132879045997
1145        0.00224872231687
1146        0.00189948892675
1147        0.00114991482112
1148        0.00114991482112
1149        0.0014395229983
1150        0.00227427597956
1151        0.0011073253833
1152        0.00114991482112
1153        0.00301533219761
1154        0.00368824531516
1155        0.00198466780239
1156        0.00244463373083
1157        0.00173764906303
1158        0.0014395229983
1159        0.00187393526405
1160        0.0014139693356
1161        0.00166950596252
1162        0.00114139693356
1163        0.0011073253833
1164        0.00230834752981
1165        0.0017461669506
1166        0.00142248722317
1167        0.00138841567291
1168        0.00178875638842
1169        0.00195059625213
1170        0.00195059625213
1171        0.00189097103918
1172        0.00146507666099
1173        0.00116695059625
1174        0.00109028960818
