1        0.00137137989779
2        0.00203577512777
3        0.00145655877342
4        0.00183134582624
5        0.00144804088586
6        0.00376490630324
7        0.0076405451448
8        0.00597955706985
9        0.00542589437819
10        0.0050936967632
11        0.00328790459966
12        0.00435264054514
13        0.00330494037479
14        0.0021465076661
15        0.00118398637138
16        0.00145655877342
17        0.00225724020443
18        0.00244463373083
19        0.00259795570698
20        0.0020528109029
21        0.00145655877342
22        0.00379045996593
23        0.00534923339012
24        0.00310051107325
25        0.00196763202726
26        0.00192504258944
27        0.00387563884157
28        0.00208688245315
29        0.00203577512777
30        0.00250425894378
31        0.00222316865417
32        0.00166950596252
33        0.00160136286201
34        0.00192504258944
35        0.00171209540034
36        0.00261499148211
37        0.00352640545145
38        0.00353492333901
39        0.00667802385009
40        0.00404599659284
41        0.00320272572402
42        0.00597103918228
43        0.00709540034072
44        0.00395229982964
45        0.00321976149915
46        0.00450596252129
47        0.00459114139693
48        0.00298126064736
49        0.00432708688245
50        0.00412265758092
51        0.00618398637138
52        0.00242759795571
53        0.00315161839864
54        0.00315161839864
55        0.00281090289608
56        0.00378194207836
57        0.00347529812606
58        0.00114991482112
59        0.0014395229983
60        0.00111584327087
61        0.0012265758092
62        0.00151618398637
63        0.00116695059625
64        0.00471890971039
65        0.00379045996593
66        0.00305792163543
67        0.00253833049404
68        0.00360306643952
69        0.00534071550256
70        0.00477001703578
71        0.0024531516184
72        0.00374787052811
73        0.00275127768313
74        0.00215502555366
75        0.00210391822828
76        0.00194207836457
77        0.00194207836457
78        0.00166950596252
79        0.00177172061329
80        0.00218909710392
81        0.0038926746167
82        0.00273424190801
83        0.00273424190801
84        0.00292163543441
85        0.00278534923339
86        0.00344974446337
87        0.00134582623509
88        0.00149063032368
89        0.00183134582624
90        0.00247018739353
91        0.00215502555366
92        0.00235093696763
93        0.00308347529813
94        0.00125212947189
95        0.00194207836457
96        0.0018398637138
97        0.00175468483816
98        0.00195059625213
99        0.00267461669506
100        0.00473594548552
101        0.00421635434412
102        0.00247018739353
103        0.00281942078365
104        0.00329642248722
105        0.00494889267462
106        0.00560477001704
107        0.00616695059625
108        0.00321976149915
109        0.00269165247019
110        0.00368824531516
111        0.00253833049404
112        0.00234241908007
113        0.00178023850085
114        0.00220613287905
115        0.00340715502555
116        0.00223168654174
117        0.00261499148211
118        0.00166950596252
119        0.00186541737649
120        0.00230834752981
121        0.00229982964225
122        0.00222316865417
123        0.00203577512777
124        0.00160136286201
125        0.00154173764906
126        0.00173764906303
127        0.00161839863714
128        0.00155877342419
129        0.00144804088586
130        0.00241908006814
131        0.00177172061329
132        0.00184838160136
133        0.00164395229983
134        0.00143100511073
135        0.00143100511073
136        0.00270868824532
137        0.00534923339012
138        0.00378194207836
139        0.00351788756388
140        0.00276831345826
141        0.00580919931857
142        0.00356899488927
143        0.00412265758092
144        0.00534071550256
145        0.00367120954003
146        0.00225724020443
147        0.00206132879046
148        0.00281942078365
149        0.00261499148211
150        0.00181431005111
151        0.00198466780239
152        0.00197614991482
153        0.00236797274276
154        0.00229982964225
155        0.00248722316865
156        0.00172913117547
157        0.00155877342419
158        0.0018398637138
159        0.00163543441227
160        0.0023594548552
161        0.00180579216354
162        0.00158432708688
163        0.00187393526405
164        0.00246166950596
165        0.00166098807496
166        0.00130323679727
167        0.00159284497445
168        0.00247870528109
169        0.00317717206133
170        0.00268313458262
171        0.00458262350937
172        0.00280238500852
173        0.00350936967632
174        0.00232538330494
175        0.00230834752981
176        0.00180579216354
177        0.00378194207836
178        0.00281090289608
179        0.00548551959114
180        0.00590289608177
181        0.00730834752981
182        0.00323679727428
183        0.00178023850085
184        0.0021465076661
185        0.0018398637138
186        0.00382453151618
187        0.00287052810903
188        0.00471890971039
189        0.00308347529813
190        0.00290459965928
191        0.00222316865417
192        0.00268313458262
193        0.00276831345826
194        0.0037734241908
195        0.00315161839864
196        0.00454003407155
197        0.00332197614991
198        0.00188245315162
199        0.00191652470187
200        0.00172913117547
201        0.0015332197615
202        0.00189097103918
203        0.00352640545145
204        0.0035860306644
205        0.00257240204429
206        0.00305792163543
207        0.00166098807496
208        0.00134582623509
209        0.00121805792164
210        0.00196763202726
211        0.00208688245315
212        0.00182282793867
213        0.00117546848382
214        0.00137989778535
215        0.00127768313458
216        0.00171209540034
217        0.00218909710392
218        0.00163543441227
219        0.00173764906303
220        0.00182282793867
221        0.00197614991482
222        0.00159284497445
223        0.00182282793867
224        0.00227427597956
225        0.00275127768313
226        0.00195059625213
227        0.00195059625213
228        0.00222316865417
229        0.00258943781942
230        0.00406303236797
231        0.00258943781942
232        0.00516183986371
233        0.00528960817717
234        0.00384156729131
235        0.00354344122658
236        0.00600511073254
237        0.0038926746167
238        0.00247018739353
239        0.00224872231687
240        0.00395229982964
241        0.00455706984668
242        0.00367120954003
243        0.00267461669506
244        0.00188245315162
245        0.00201873935264
246        0.0029471890971
247        0.00252129471891
248        0.00149914821124
249        0.00142248722317
250        0.00154173764906
251        0.00119250425894
252        0.00220613287905
253        0.00529812606474
254        0.00418228279387
255        0.00223168654174
256        0.0016269165247
257        0.00219761499148
258        0.00195911413969
259        0.00261499148211
260        0.00173764906303
261        0.00227427597956
262        0.0031601362862
263        0.00252981260647
264        0.00334752981261
265        0.00442078364566
266        0.0024531516184
267        0.00230834752981
268        0.0024531516184
269        0.00284497444634
270        0.00246166950596
271        0.00182282793867
272        0.0017206132879
273        0.00161839863714
274        0.00158432708688
275        0.00180579216354
276        0.00255536626917
277        0.00364565587734
278        0.0047870528109
279        0.00335604770017
280        0.00464224872232
281        0.00356899488927
282        0.00143100511073
283        0.00128620102215
284        0.00574105621806
285        0.00321976149915
286        0.00217206132879
287        0.0031601362862
288        0.00189948892675
289        0.00186541737649
290        0.00261499148211
291        0.00324531516184
292        0.00327086882453
293        0.00199318568995
294        0.0014139693356
295        0.00124361158433
296        0.00242759795571
297        0.00316865417376
298        0.0024531516184
299        0.00204429301533
300        0.00148211243612
301        0.00165247018739
302        0.00164395229983
303        0.00155025553663
304        0.0022402044293
305        0.00213798977853
306        0.00178023850085
307        0.00161839863714
308        0.00145655877342
309        0.00116695059625
310        0.00258091993186
311        0.00225724020443
312        0.00282793867121
313        0.00247870528109
314        0.00226575809199
315        0.00201873935264
316        0.00208688245315
317        0.00200170357751
318        0.00156729131175
319        0.00226575809199
320        0.00277683134583
321        0.00310902896082
322        0.0016269165247
323        0.0015332197615
324        0.00181431005111
325        0.00159284497445
326        0.00142248722317
327        0.00168654173765
328        0.00173764906303
329        0.00212095400341
330        0.00165247018739
331        0.0016269165247
332        0.00161839863714
333        0.00188245315162
334        0.00250425894378
335        0.00204429301533
336        0.00243611584327
337        0.00282793867121
338        0.00264906303237
339        0.00283645655877
340        0.00158432708688
341        0.00255536626917
342        0.00255536626917
343        0.00301533219761
344        0.001933560477
345        0.00183134582624
346        0.0028534923339
347        0.00313458262351
348        0.00197614991482
349        0.00116695059625
350        0.00211243611584
351        0.00262350936968
352        0.00194207836457
353        0.00223168654174
354        0.00138841567291
355        0.0011073253833
356        0.00108177172061
357        0.00131175468484
358        0.0014139693356
359        0.00168654173765
360        0.00181431005111
361        0.00215502555366
362        0.0016269165247
363        0.0017206132879
364        0.00201022146508
365        0.00126916524702
366        0.00158432708688
367        0.00168654173765
368        0.00128620102215
369        0.00186541737649
370        0.00184838160136
371        0.00139693356048
372        0.00134582623509
373        0.00263202725724
374        0.00244463373083
375        0.00279386712095
376        0.00244463373083
377        0.00380749574106
378        0.00270017035775
379        0.0014395229983
380        0.0015332197615
381        0.00142248722317
382        0.00137137989779
383        0.0012265758092
384        0.00149914821124
385        0.00156729131175
386        0.00155025553663
387        0.00148211243612
388        0.00200170357751
389        0.00226575809199
390        0.001933560477
391        0.00132879045997
392        0.00181431005111
393        0.00236797274276
394        0.00343270868825
395        0.00218909710392
396        0.0020272572402
397        0.00313458262351
398        0.00238500851789
399        0.0032793867121
400        0.00520442930153
401        0.00617546848382
402        0.00328790459966
403        0.00413117546848
404        0.00332197614991
405        0.00293015332198
406        0.00230834752981
407        0.00252981260647
408        0.00211243611584
409        0.00368824531516
410        0.00304940374787
411        0.00575809199319
412        0.00403747870528
413        0.00393526405451
414        0.00396081771721
415        0.00384156729131
416        0.00391822827939
417        0.00365417376491
418        0.00179727427598
419        0.00170357751278
420        0.00212095400341
421        0.00334752981261
422        0.00348381601363
423        0.00235093696763
424        0.00393526405451
425        0.00209540034072
426        0.00220613287905
427        0.00213798977853
428        0.00453151618399
429        0.00366269165247
430        0.00267461669506
431        0.00224872231687
432        0.00396081771721
433        0.00341567291312
434        0.00373083475298
435        0.00240204429302
436        0.00185689948893
437        0.00164395229983
438        0.00194207836457
439        0.00277683134583
440        0.0032538330494
441        0.00218057921635
442        0.00213798977853
443        0.00187393526405
444        0.00201873935264
445        0.00223168654174
446        0.00175468483816
447        0.00183134582624
448        0.00190800681431
449        0.001933560477
450        0.00176320272572
451        0.00114139693356
452        0.00321124361158
453        0.00545996592845
454        0.00661839863714
455        0.00421635434412
456        0.00437819420784
457        0.0033730834753
458        0.00310902896082
459        0.00519591141397
460        0.0034667802385
461        0.00335604770017
462        0.00422487223169
463        0.00241056218058
464        0.00310051107325
465        0.00333901192504
466        0.00252129471891
467        0.00235093696763
468        0.00268313458262
469        0.00273424190801
470        0.00283645655877
471        0.00203577512777
472        0.0017461669506
473        0.00212095400341
474        0.00171209540034
475        0.00268313458262
476        0.00229982964225
477        0.00247018739353
478        0.00381601362862
479        0.00405451448041
480        0.00292163543441
481        0.00181431005111
482        0.0033730834753
483        0.00215502555366
484        0.00256388415673
485        0.00248722316865
486        0.0025468483816
487        0.00235093696763
488        0.001933560477
489        0.00251277683135
490        0.00338160136286
491        0.00241056218058
492        0.00206132879046
493        0.00189097103918
494        0.00226575809199
495        0.00256388415673
496        0.00255536626917
497        0.00356899488927
498        0.00328790459966
499        0.00685689948893
500        0.00364565587734
501        0.00326235093697
502        0.0031601362862
503        0.00267461669506
504        0.0037734241908
505        0.00270017035775
506        0.00257240204429
507        0.00215502555366
508        0.0029471890971
509        0.00279386712095
510        0.00268313458262
511        0.00199318568995
512        0.00339011925043
513        0.00209540034072
514        0.00160136286201
515        0.00201022146508
516        0.00201873935264
517        0.00160988074957
518        0.00168654173765
519        0.00190800681431
520        0.00177172061329
521        0.0018398637138
522        0.00181431005111
523        0.00227427597956
524        0.00195059625213
525        0.00160988074957
526        0.00183134582624
527        0.00218057921635
528        0.00177172061329
529        0.00186541737649
530        0.00149063032368
531        0.00200170357751
532        0.00224872231687
533        0.00158432708688
534        0.00187393526405
535        0.00207836456559
536        0.00263202725724
537        0.0038926746167
538        0.00403747870528
539        0.00265758091993
540        0.00500851788756
541        0.0032538330494
542        0.003867120954
543        0.00384156729131
544        0.0026660988075
545        0.00416524701874
546        0.00271720613288
547        0.00268313458262
548        0.00359454855196
549        0.00299829642249
550        0.00327086882453
551        0.00339011925043
552        0.00235093696763
553        0.00232538330494
554        0.0029471890971
555        0.00144804088586
556        0.00142248722317
557        0.00140545144804
558        0.00158432708688
559        0.00310902896082
560        0.00218909710392
561        0.00545996592845
562        0.00322827938671
563        0.00318568994889
564        0.00241056218058
565        0.00175468483816
566        0.00219761499148
567        0.00246166950596
568        0.00157580919932
569        0.0014395229983
570        0.00134582623509
571        0.00117546848382
572        0.0016269165247
573        0.00152470187394
574        0.00120954003407
575        0.00187393526405
576        0.0020272572402
577        0.00284497444634
578        0.00207836456559
579        0.00168654173765
580        0.00226575809199
581        0.00229131175468
582        0.00188245315162
583        0.00160988074957
584        0.00155877342419
585        0.00124361158433
586        0.00115843270869
587        0.0020528109029
588        0.0016269165247
589        0.00160988074957
590        0.00150766609881
591        0.00184838160136
592        0.00212947189097
593        0.00253833049404
594        0.00175468483816
595        0.00189948892675
596        0.00166950596252
597        0.0020272572402
598        0.00203577512777
599        0.00142248722317
600        0.00330494037479
601        0.00207836456559
602        0.00185689948893
603        0.00269165247019
604        0.00270868824532
605        0.00181431005111
606        0.00150766609881
607        0.00173764906303
608        0.00201873935264
609        0.00161839863714
610        0.00124361158433
611        0.00135434412266
612        0.00189948892675
613        0.00166098807496
614        0.00186541737649
615        0.00155877342419
616        0.00171209540034
617        0.00116695059625
618        0.00147359454855
619        0.00164395229983
620        0.00282793867121
621        0.00249574105622
622        0.00161839863714
623        0.00190800681431
624        0.00172913117547
625        0.00170357751278
626        0.00166098807496
627        0.00183134582624
628        0.00391822827939
629        0.00322827938671
630        0.00203577512777
631        0.0013202725724
632        0.00137989778535
633        0.00425894378194
634        0.00184838160136
635        0.00176320272572
636        0.00172913117547
637        0.00151618398637
638        0.00152470187394
639        0.00139693356048
640        0.0012265758092
641        0.00114139693356
642        0.00145655877342
643        0.00195059625213
644        0.00170357751278
645        0.00115843270869
646        0.00115843270869
647        0.00127768313458
648        0.00116695059625
649        0.00112436115843
650        0.00146507666099
651        0.0017461669506
652        0.00134582623509
653        0.00126916524702
654        0.0014139693356
655        0.00148211243612
656        0.00124361158433
657        0.00121805792164
658        0.00137989778535
659        0.00147359454855
660        0.00152470187394
661        0.00158432708688
662        0.00149914821124
663        0.0015332197615
664        0.00149914821124
665        0.00146507666099
666        0.0013202725724
667        0.0014395229983
668        0.0018398637138
669        0.00376490630324
670        0.00442078364566
671        0.00367120954003
672        0.00211243611584
673        0.00483816013629
674        0.00577512776831
675        0.00195911413969
676        0.00160988074957
677        0.00160988074957
678        0.00120954003407
679        0.00143100511073
680        0.00181431005111
681        0.00343270868825
682        0.00298977853492
683        0.00277683134583
684        0.0020528109029
685        0.00182282793867
686        0.00259795570698
687        0.00371379897785
688        0.00227427597956
689        0.00339011925043
690        0.00341567291312
691        0.00258943781942
692        0.00296422487223
693        0.00360306643952
694        0.00279386712095
695        0.00291311754685
696        0.00305792163543
697        0.00250425894378
698        0.00468483816014
699        0.0049063032368
700        0.00293867120954
701        0.00213798977853
702        0.003066439523
703        0.00184838160136
704        0.00159284497445
705        0.00160988074957
706        0.0017206132879
707        0.00185689948893
708        0.00206984667802
709        0.0024531516184
710        0.00212947189097
711        0.00454003407155
712        0.00313458262351
713        0.00229982964225
714        0.00291311754685
715        0.00505110732538
716        0.00137137989779
717        0.00332197614991
718        0.00345826235094
719        0.00244463373083
720        0.00310051107325
721        0.00198466780239
722        0.00212947189097
723        0.0016269165247
724        0.00180579216354
725        0.00255536626917
726        0.00157580919932
727        0.00133730834753
728        0.00340715502555
729        0.0024531516184
730        0.00200170357751
731        0.0023339011925
732        0.00433560477002
733        0.00203577512777
734        0.00304088586031
735        0.00416524701874
736        0.00248722316865
737        0.0026660988075
738        0.00336456558773
739        0.0035604770017
740        0.00201873935264
741        0.00246166950596
742        0.00170357751278
743        0.00126064735945
744        0.00178875638842
745        0.00262350936968
746        0.00219761499148
747        0.00239352640545
748        0.00321976149915
749        0.00281090289608
750        0.00223168654174
751        0.00241908006814
752        0.00357751277683
753        0.00418228279387
754        0.00240204429302
755        0.00185689948893
756        0.00200170357751
757        0.00204429301533
758        0.00277683134583
759        0.00258943781942
760        0.00265758091993
761        0.00199318568995
762        0.00158432708688
763        0.00173764906303
764        0.00160136286201
765        0.00175468483816
766        0.00221465076661
767        0.00225724020443
768        0.00264906303237
769        0.00157580919932
770        0.00172913117547
771        0.00160988074957
772        0.00159284497445
773        0.00156729131175
774        0.00111584327087
775        0.00189097103918
776        0.00115843270869
777        0.00135434412266
778        0.00147359454855
779        0.00133730834753
780        0.00129471890971
781        0.00206984667802
782        0.00189097103918
783        0.00176320272572
784        0.0015332197615
785        0.00166098807496
786        0.00125212947189
787        0.0014139693356
788        0.0014395229983
789        0.00160136286201
790        0.00161839863714
791        0.00145655877342
792        0.00148211243612
793        0.00152470187394
794        0.00159284497445
795        0.00198466780239
796        0.00167802385009
797        0.00169505962521
798        0.00229131175468
799        0.00207836456559
800        0.00237649063032
801        0.00168654173765
802        0.00177172061329
803        0.00109028960818
804        0.00146507666099
805        0.00158432708688
806        0.00145655877342
807        0.00181431005111
808        0.00208688245315
809        0.00229131175468
810        0.00160988074957
811        0.00183134582624
812        0.00142248722317
813        0.00155877342419
814        0.00154173764906
815        0.00142248722317
816        0.00152470187394
817        0.00169505962521
818        0.00161839863714
819        0.00229982964225
820        0.00130323679727
821        0.00104770017036
822        0.00152470187394
823        0.0020528109029
824        0.00150766609881
825        0.00158432708688
826        0.00160988074957
827        0.00154173764906
828        0.00177172061329
829        0.00209540034072
830        0.00186541737649
831        0.00200170357751
832        0.00169505962521
833        0.00126064735945
834        0.00158432708688
835        0.00186541737649
836        0.00207836456559
837        0.00212947189097
838        0.00129471890971
839        0.00140545144804
840        0.0016269165247
841        0.00116695059625
842        0.00370528109029
843        0.0022402044293
844        0.0018398637138
845        0.0020528109029
846        0.00367120954003
847        0.00344974446337
848        0.00249574105622
849        0.00176320272572
850        0.00200170357751
851        0.0018398637138
852        0.00165247018739
853        0.00166098807496
854        0.00177172061329
855        0.00167802385009
856        0.00155025553663
857        0.00159284497445
858        0.00166098807496
859        0.00191652470187
860        0.00301533219761
861        0.00142248722317
862        0.00387563884157
863        0.00342419080068
864        0.00206132879046
865        0.00257240204429
866        0.00261499148211
867        0.00187393526405
868        0.00155025553663
869        0.00172913117547
870        0.00183134582624
871        0.00116695059625
872        0.00186541737649
873        0.00194207836457
874        0.00331345826235
875        0.0036797274276
876        0.00454003407155
877        0.00231686541738
878        0.00215502555366
879        0.00191652470187
880        0.00310902896082
881        0.00471890971039
882        0.00323679727428
883        0.00307495741056
884        0.00234241908007
885        0.0049063032368
886        0.00160136286201
887        0.00217206132879
888        0.00204429301533
889        0.00396933560477
890        0.00290459965928
891        0.00289608177172
892        0.00238500851789
893        0.00420783645656
894        0.0023594548552
895        0.00239352640545
896        0.00382453151618
897        0.00226575809199
898        0.0017206132879
899        0.00177172061329
900        0.00273424190801
901        0.00235093696763
902        0.00199318568995
903        0.00211243611584
904        0.00224872231687
905        0.00218057921635
906        0.00213798977853
907        0.00402044293015
908        0.00226575809199
909        0.00146507666099
910        0.00318568994889
911        0.00182282793867
912        0.0024531516184
913        0.00112436115843
914        0.00184838160136
915        0.0013202725724
916        0.00151618398637
917        0.00173764906303
918        0.00270017035775
919        0.00196763202726
920        0.00171209540034
921        0.00128620102215
922        0.00149914821124
923        0.0012265758092
924        0.00103066439523
925        0.00138841567291
926        0.00146507666099
927        0.00109028960818
928        0.00173764906303
929        0.00133730834753
930        0.00123509369676
931        0.00220613287905
932        0.00185689948893
933        0.00158432708688
934        0.00119250425894
935        0.0017206132879
936        0.00149063032368
937        0.0012265758092
938        0.00118398637138
939        0.00144804088586
940        0.0014139693356
941        0.00120954003407
942        0.00160136286201
943        0.00147359454855
944        0.00109880749574
945        0.0016269165247
946        0.00152470187394
947        0.00161839863714
948        0.00151618398637
949        0.00166950596252
950        0.00261499148211
951        0.00150766609881
952        0.00152470187394
953        0.00134582623509
954        0.0022402044293
955        0.001933560477
956        0.00219761499148
957        0.00188245315162
958        0.00184838160136
959        0.00247870528109
960        0.00152470187394
961        0.00129471890971
962        0.00181431005111
963        0.00138841567291
964        0.00118398637138
965        0.00186541737649
966        0.00199318568995
967        0.00128620102215
968        0.00200170357751
969        0.00225724020443
970        0.00121805792164
971        0.00107325383305
972        0.0011073253833
973        0.00136286201022
974        0.00142248722317
975        0.00175468483816
976        0.00182282793867
977        0.00144804088586
978        0.00132879045997
979        0.00116695059625
980        0.00149914821124
981        0.00160136286201
982        0.00155877342419
983        0.00178875638842
984        0.00187393526405
985        0.00178875638842
986        0.00115843270869
987        0.0026660988075
988        0.00201022146508
989        0.0014139693356
990        0.00149063032368
991        0.00176320272572
992        0.00181431005111
993        0.00238500851789
994        0.00276831345826
995        0.00336456558773
996        0.00252129471891
997        0.0017461669506
998        0.00255536626917
999        0.00195059625213
1000        0.00131175468484
1001        0.0014139693356
1002        0.00167802385009
1003        0.00146507666099
1004        0.00140545144804
1005        0.00120954003407
1006        0.00198466780239
1007        0.00130323679727
1008        0.00232538330494
1009        0.00195059625213
1010        0.00283645655877
1011        0.00244463373083
1012        0.00275127768313
1013        0.00163543441227
1014        0.00268313458262
1015        0.00267461669506
1016        0.00182282793867
1017        0.00216354344123
1018        0.00189948892675
1019        0.00338160136286
1020        0.00310051107325
1021        0.00106473594549
1022        0.001132879046
1023        0.001933560477
1024        0.00189097103918
1025        0.00209540034072
1026        0.00217206132879
1027        0.00161839863714
1028        0.00189097103918
1029        0.0017461669506
1030        0.00263202725724
1031        0.00425894378194
1032        0.00246166950596
1033        0.00290459965928
1034        0.00103918228279
1035        0.00118398637138
1036        0.00247018739353
1037        0.00158432708688
1038        0.00106473594549
1039        0.001132879046
1040        0.00278534923339
1041        0.0023339011925
1042        0.00240204429302
1043        0.00195059625213
1044        0.00310051107325
1045        0.00149914821124
1046        0.00237649063032
1047        0.00217206132879
1048        0.00199318568995
1049        0.00298126064736
1050        0.001933560477
1051        0.0020272572402
1052        0.00166098807496
1053        0.00183134582624
1054        0.00120954003407
1055        0.00135434412266
1056        0.00148211243612
1057        0.00148211243612
1058        0.00151618398637
1059        0.00150766609881
1060        0.00124361158433
1061        0.00121805792164
1062        0.00154173764906
1063        0.00227427597956
1064        0.0020272572402
1065        0.0015332197615
1066        0.00188245315162
1067        0.00212947189097
1068        0.00166950596252
1069        0.00230834752981
1070        0.00108177172061
1071        0.00109028960818
1072        0.00116695059625
1073        0.00207836456559
1074        0.0027597955707
1075        0.00195911413969
1076        0.00109028960818
1077        0.00107325383305
1078        0.00192504258944
1079        0.00209540034072
1080        0.00282793867121
1081        0.00201873935264
1082        0.00256388415673
1083        0.00204429301533
1084        0.00125212947189
1085        0.00137137989779
1086        0.00160136286201
1087        0.00147359454855
1088        0.00165247018739
1089        0.00158432708688
1090        0.00225724020443
1091        0.00186541737649
1092        0.00222316865417
1093        0.00111584327087
1094        0.00109880749574
1095        0.00134582623509
1096        0.00117546848382
1097        0.001132879046
1098        0.00140545144804
1099        0.00155877342419
1100        0.00155025553663
1101        0.0014395229983
1102        0.00147359454855
1103        0.00137989778535
1104        0.00172913117547
1105        0.00142248722317
1106        0.00115843270869
1107        0.00117546848382
1108        0.00138841567291
1109        0.00258091993186
1110        0.00258943781942
1111        0.00143100511073
1112        0.00184838160136
1113        0.00186541737649
1114        0.00160988074957
1115        0.0012265758092
1116        0.00301533219761
1117        0.00212947189097
1118        0.00281090289608
1119        0.00171209540034
1120        0.00154173764906
1121        0.00155877342419
1122        0.00155877342419
1123        0.00119250425894
1124        0.00247870528109
1125        0.00146507666099
1126        0.00159284497445
1127        0.00121805792164
1128        0.00177172061329
1129        0.00232538330494
1130        0.00115843270869
1131        0.00143100511073
1132        0.00189948892675
1133        0.00151618398637
1134        0.00156729131175
1135        0.0014139693356
1136        0.00120102214651
1137        0.00120954003407
1138        0.00207836456559
1139        0.00173764906303
1140        0.00152470187394
1141        0.00130323679727
1142        0.00160988074957
1143        0.0020272572402
1144        0.00118398637138
1145        0.00220613287905
1146        0.00199318568995
1147        0.00104770017036
1148        0.00107325383305
1149        0.00125212947189
1150        0.00171209540034
1151        0.00114139693356
1152        0.00107325383305
1153        0.00272572402044
1154        0.00203577512777
1155        0.00196763202726
1156        0.0018398637138
1157        0.00137989778535
1158        0.00117546848382
1159        0.00163543441227
1160        0.00121805792164
1161        0.00158432708688
1162        0.00107325383305
1163        0.00108177172061
1164        0.00176320272572
1165        0.00143100511073
1166        0.00130323679727
1167        0.00121805792164
1168        0.00136286201022
1169        0.00160136286201
1170        0.00185689948893
1171        0.00165247018739
1172        0.0013202725724
1173        0.00108177172061
1174        0.00114139693356
