1        0.00102214650767
2        0.00134582623509
3        0.00109880749574
4        0.00136286201022
5        0.00103066439523
6        0.00166098807496
7        0.0029727427598
8        0.00310902896082
9        0.00212095400341
10        0.00177172061329
11        0.00195059625213
12        0.0024531516184
13        0.00185689948893
14        0.00132879045997
15        0.00106473594549
16        0.00118398637138
17        0.00138841567291
18        0.00148211243612
19        0.00191652470187
20        0.0014139693356
21        0.00118398637138
22        0.00190800681431
23        0.00258091993186
24        0.0017206132879
25        0.00145655877342
26        0.00157580919932
27        0.00191652470187
28        0.00119250425894
29        0.00137137989779
30        0.00148211243612
31        0.00135434412266
32        0.00120102214651
33        0.00112436115843
34        0.0014139693356
35        0.00139693356048
36        0.00149063032368
37        0.00185689948893
38        0.00169505962521
39        0.0029471890971
40        0.00142248722317
41        0.00163543441227
42        0.00210391822828
43        0.00342419080068
44        0.0016269165247
45        0.00169505962521
46        0.00208688245315
47        0.00192504258944
48        0.00187393526405
49        0.0020528109029
50        0.0022402044293
51        0.00219761499148
52        0.00146507666099
53        0.00178023850085
54        0.0016269165247
55        0.00152470187394
56        0.0022402044293
57        0.00179727427598
58        0.00103066439523
59        0.00108177172061
60        0.00109880749574
61        0.00108177172061
62        0.00138841567291
63        0.000954003407155
64        0.00204429301533
65        0.00191652470187
66        0.00138841567291
67        0.00125212947189
68        0.00187393526405
69        0.00246166950596
70        0.00231686541738
71        0.0016269165247
72        0.00168654173765
73        0.00163543441227
74        0.00123509369676
75        0.00133730834753
76        0.00119250425894
77        0.00148211243612
78        0.001132879046
79        0.00126916524702
80        0.0015332197615
81        0.00200170357751
82        0.00131175468484
83        0.00137989778535
84        0.00175468483816
85        0.00144804088586
86        0.00177172061329
87        0.00109028960818
88        0.00120954003407
89        0.001132879046
90        0.00179727427598
91        0.00139693356048
92        0.00139693356048
93        0.0018398637138
94        0.00106473594549
95        0.00133730834753
96        0.00132879045997
97        0.00121805792164
98        0.00109880749574
99        0.0014139693356
100        0.00272572402044
101        0.00175468483816
102        0.00132879045997
103        0.00169505962521
104        0.0014139693356
105        0.00225724020443
106        0.00258943781942
107        0.00279386712095
108        0.00165247018739
109        0.00158432708688
110        0.00183134582624
111        0.00137137989779
112        0.00134582623509
113        0.0014139693356
114        0.00139693356048
115        0.00184838160136
116        0.00130323679727
117        0.00167802385009
118        0.00135434412266
119        0.00121805792164
120        0.00164395229983
121        0.00140545144804
122        0.00136286201022
123        0.00148211243612
124        0.00103066439523
125        0.00120954003407
126        0.00144804088586
127        0.00124361158433
128        0.00130323679727
129        0.00119250425894
130        0.00167802385009
131        0.00127768313458
132        0.0012265758092
133        0.00135434412266
134        0.00120102214651
135        0.00106473594549
136        0.0020272572402
137        0.00278534923339
138        0.00157580919932
139        0.00166950596252
140        0.00142248722317
141        0.00280238500852
142        0.00178023850085
143        0.00218057921635
144        0.00258091993186
145        0.00206132879046
146        0.00137137989779
147        0.00123509369676
148        0.00154173764906
149        0.00169505962521
150        0.00152470187394
151        0.00128620102215
152        0.00124361158433
153        0.00147359454855
154        0.00155877342419
155        0.00152470187394
156        0.00150766609881
157        0.00124361158433
158        0.00135434412266
159        0.00132879045997
160        0.0014395229983
161        0.00151618398637
162        0.00123509369676
163        0.00127768313458
164        0.00177172061329
165        0.00116695059625
166        0.00108177172061
167        0.00119250425894
168        0.00143100511073
169        0.00166950596252
170        0.0015332197615
171        0.00209540034072
172        0.00160136286201
173        0.00185689948893
174        0.00133730834753
175        0.00130323679727
176        0.001132879046
177        0.00178875638842
178        0.00166098807496
179        0.00210391822828
180        0.00235093696763
181        0.0027597955707
182        0.0015332197615
183        0.00140545144804
184        0.00120102214651
185        0.00134582623509
186        0.00186541737649
187        0.00160136286201
188        0.00230834752981
189        0.00184838160136
190        0.00195059625213
191        0.00152470187394
192        0.00167802385009
193        0.00149914821124
194        0.00208688245315
195        0.00177172061329
196        0.00229982964225
197        0.00173764906303
198        0.00140545144804
199        0.0012265758092
200        0.0012265758092
201        0.00120102214651
202        0.0015332197615
203        0.00194207836457
204        0.00201022146508
205        0.00173764906303
206        0.00186541737649
207        0.00154173764906
208        0.00116695059625
209        0.00107325383305
210        0.00124361158433
211        0.00144804088586
212        0.00144804088586
213        0.00103918228279
214        0.00121805792164
215        0.00106473594549
216        0.00124361158433
217        0.00159284497445
218        0.0014395229983
219        0.00116695059625
220        0.00132879045997
221        0.00130323679727
222        0.00133730834753
223        0.00157580919932
224        0.0014395229983
225        0.00165247018739
226        0.00131175468484
227        0.00132879045997
228        0.00152470187394
229        0.00146507666099
230        0.00159284497445
231        0.00139693356048
232        0.0020272572402
233        0.00204429301533
234        0.00212095400341
235        0.00200170357751
236        0.00291311754685
237        0.00171209540034
238        0.00159284497445
239        0.00133730834753
240        0.00189097103918
241        0.00231686541738
242        0.00152470187394
243        0.00146507666099
244        0.00126916524702
245        0.00123509369676
246        0.0020528109029
247        0.00149063032368
248        0.001132879046
249        0.00126916524702
250        0.00126916524702
251        0.00102214650767
252        0.00145655877342
253        0.00217206132879
254        0.00239352640545
255        0.00127768313458
256        0.00120102214651
257        0.00139693356048
258        0.00131175468484
259        0.00166950596252
260        0.00134582623509
261        0.00135434412266
262        0.00166098807496
263        0.00147359454855
264        0.00163543441227
265        0.00238500851789
266        0.00154173764906
267        0.00145655877342
268        0.00161839863714
269        0.00170357751278
270        0.00168654173765
271        0.00137137989779
272        0.00118398637138
273        0.00118398637138
274        0.00132879045997
275        0.00126064735945
276        0.0017206132879
277        0.0020272572402
278        0.00155025553663
279        0.00172913117547
280        0.00212095400341
281        0.00200170357751
282        0.00120102214651
283        0.000979557069847
284        0.00293015332198
285        0.00139693356048
286        0.0014395229983
287        0.00150766609881
288        0.00125212947189
289        0.00128620102215
290        0.0013202725724
291        0.00150766609881
292        0.00188245315162
293        0.00137989778535
294        0.00124361158433
295        0.00100511073254
296        0.00145655877342
297        0.00201022146508
298        0.00134582623509
299        0.00158432708688
300        0.00114991482112
301        0.00131175468484
302        0.00117546848382
303        0.00120954003407
304        0.00179727427598
305        0.00160136286201
306        0.00137989778535
307        0.00120102214651
308        0.00114991482112
309        0.00106473594549
310        0.00160136286201
311        0.00138841567291
312        0.00128620102215
313        0.00160136286201
314        0.00157580919932
315        0.00137989778535
316        0.00133730834753
317        0.00146507666099
318        0.00107325383305
319        0.00147359454855
320        0.00182282793867
321        0.00168654173765
322        0.00134582623509
323        0.00111584327087
324        0.0012265758092
325        0.0012265758092
326        0.0012265758092
327        0.00111584327087
328        0.00124361158433
329        0.00137989778535
330        0.00129471890971
331        0.00123509369676
332        0.00126064735945
333        0.00123509369676
334        0.00147359454855
335        0.0015332197615
336        0.00149914821124
337        0.00189948892675
338        0.00160136286201
339        0.00187393526405
340        0.00133730834753
341        0.0016269165247
342        0.00181431005111
343        0.00169505962521
344        0.00169505962521
345        0.00138841567291
346        0.00158432708688
347        0.00152470187394
348        0.0012265758092
349        0.00102214650767
350        0.00120954003407
351        0.00177172061329
352        0.00151618398637
353        0.00154173764906
354        0.00109880749574
355        0.000996592844974
356        0.00103066439523
357        0.00100511073254
358        0.00118398637138
359        0.00120954003407
360        0.00132879045997
361        0.00161839863714
362        0.00131175468484
363        0.00136286201022
364        0.00151618398637
365        0.00104770017036
366        0.00116695059625
367        0.00142248722317
368        0.00106473594549
369        0.0014395229983
370        0.00142248722317
371        0.00100511073254
372        0.00107325383305
373        0.00139693356048
374        0.00138841567291
375        0.00181431005111
376        0.00149914821124
377        0.00178875638842
378        0.00151618398637
379        0.00120102214651
380        0.00108177172061
381        0.0010136286201
382        0.00137137989779
383        0.0011073253833
384        0.00119250425894
385        0.0012265758092
386        0.00130323679727
387        0.00130323679727
388        0.00139693356048
389        0.00146507666099
390        0.00139693356048
391        0.00112436115843
392        0.00125212947189
393        0.00148211243612
394        0.00195059625213
395        0.00128620102215
396        0.00137989778535
397        0.00155025553663
398        0.00133730834753
399        0.00184838160136
400        0.00219761499148
401        0.003066439523
402        0.00186541737649
403        0.00185689948893
404        0.00176320272572
405        0.0018398637138
406        0.00117546848382
407        0.00143100511073
408        0.00131175468484
409        0.00189097103918
410        0.00156729131175
411        0.00296422487223
412        0.00184838160136
413        0.00192504258944
414        0.00155025553663
415        0.00137989778535
416        0.00201873935264
417        0.00196763202726
418        0.00131175468484
419        0.00119250425894
420        0.00151618398637
421        0.00188245315162
422        0.00154173764906
423        0.00152470187394
424        0.00229982964225
425        0.0014139693356
426        0.00139693356048
427        0.00167802385009
428        0.00165247018739
429        0.00181431005111
430        0.00127768313458
431        0.00152470187394
432        0.00186541737649
433        0.00207836456559
434        0.00175468483816
435        0.00183134582624
436        0.00124361158433
437        0.00126064735945
438        0.0014139693356
439        0.00190800681431
440        0.00192504258944
441        0.00142248722317
442        0.00127768313458
443        0.00133730834753
444        0.00131175468484
445        0.00156729131175
446        0.00132879045997
447        0.00119250425894
448        0.00148211243612
449        0.00131175468484
450        0.00119250425894
451        0.00102214650767
452        0.00144804088586
453        0.0023339011925
454        0.0026660988075
455        0.00155877342419
456        0.00206132879046
457        0.00171209540034
458        0.00164395229983
459        0.00215502555366
460        0.00185689948893
461        0.00140545144804
462        0.00201022146508
463        0.00156729131175
464        0.00212095400341
465        0.00201873935264
466        0.00137137989779
467        0.00126916524702
468        0.0016269165247
469        0.00124361158433
470        0.00148211243612
471        0.00132879045997
472        0.00140545144804
473        0.00140545144804
474        0.00121805792164
475        0.00134582623509
476        0.00134582623509
477        0.00160136286201
478        0.00171209540034
479        0.00195059625213
480        0.00130323679727
481        0.00127768313458
482        0.00150766609881
483        0.00126064735945
484        0.00135434412266
485        0.00196763202726
486        0.00160988074957
487        0.0014139693356
488        0.00144804088586
489        0.00151618398637
490        0.00170357751278
491        0.00160136286201
492        0.00125212947189
493        0.00146507666099
494        0.00150766609881
495        0.00140545144804
496        0.00145655877342
497        0.00200170357751
498        0.00183134582624
499        0.0028534923339
500        0.00169505962521
501        0.00140545144804
502        0.00133730834753
503        0.00167802385009
504        0.00215502555366
505        0.0017461669506
506        0.00146507666099
507        0.00137989778535
508        0.00189948892675
509        0.00172913117547
510        0.00164395229983
511        0.00128620102215
512        0.00189948892675
513        0.00130323679727
514        0.00120102214651
515        0.00138841567291
516        0.0014395229983
517        0.00117546848382
518        0.00120954003407
519        0.00135434412266
520        0.00123509369676
521        0.00127768313458
522        0.00119250425894
523        0.00175468483816
524        0.00118398637138
525        0.0012265758092
526        0.00128620102215
527        0.00138841567291
528        0.0013202725724
529        0.00112436115843
530        0.00123509369676
531        0.0014139693356
532        0.0017461669506
533        0.00130323679727
534        0.00132879045997
535        0.00136286201022
536        0.00142248722317
537        0.00198466780239
538        0.0022402044293
539        0.00138841567291
540        0.00219761499148
541        0.001933560477
542        0.00161839863714
543        0.00195911413969
544        0.00156729131175
545        0.00232538330494
546        0.00157580919932
547        0.00137137989779
548        0.00169505962521
549        0.0020528109029
550        0.00238500851789
551        0.00136286201022
552        0.0013202725724
553        0.00154173764906
554        0.0017461669506
555        0.00125212947189
556        0.00128620102215
557        0.00117546848382
558        0.00121805792164
559        0.00187393526405
560        0.00149063032368
561        0.00273424190801
562        0.00154173764906
563        0.00200170357751
564        0.00129471890971
565        0.00126064735945
566        0.00158432708688
567        0.0015332197615
568        0.00120102214651
569        0.00129471890971
570        0.00121805792164
571        0.000945485519591
572        0.00123509369676
573        0.0013202725724
574        0.000971039182283
575        0.00139693356048
576        0.00145655877342
577        0.0015332197615
578        0.00150766609881
579        0.00109880749574
580        0.00171209540034
581        0.00155025553663
582        0.00128620102215
583        0.00124361158433
584        0.00114991482112
585        0.00100511073254
586        0.000988074957411
587        0.00147359454855
588        0.0013202725724
589        0.00119250425894
590        0.0013202725724
591        0.00115843270869
592        0.0013202725724
593        0.00150766609881
594        0.00134582623509
595        0.00137989778535
596        0.00136286201022
597        0.00137989778535
598        0.0013202725724
599        0.00116695059625
600        0.00195059625213
601        0.00148211243612
602        0.00123509369676
603        0.0014395229983
604        0.00148211243612
605        0.00119250425894
606        0.00120102214651
607        0.00115843270869
608        0.00139693356048
609        0.00126064735945
610        0.000996592844974
611        0.0011073253833
612        0.00131175468484
613        0.00115843270869
614        0.0014395229983
615        0.00130323679727
616        0.00144804088586
617        0.00103066439523
618        0.00114139693356
619        0.00131175468484
620        0.00166950596252
621        0.00134582623509
622        0.00128620102215
623        0.00125212947189
624        0.00129471890971
625        0.00131175468484
626        0.00125212947189
627        0.00127768313458
628        0.00210391822828
629        0.00195059625213
630        0.00123509369676
631        0.000979557069847
632        0.00109880749574
633        0.00247018739353
634        0.00126916524702
635        0.00120102214651
636        0.00125212947189
637        0.00120102214651
638        0.00118398637138
639        0.001132879046
640        0.00106473594549
641        0.00104770017036
642        0.0012265758092
643        0.00158432708688
644        0.00121805792164
645        0.000988074957411
646        0.000979557069847
647        0.001132879046
648        0.00100511073254
649        0.00106473594549
650        0.00120954003407
651        0.00137137989779
652        0.00107325383305
653        0.000962521294719
654        0.00121805792164
655        0.00116695059625
656        0.000979557069847
657        0.000954003407155
658        0.00121805792164
659        0.00129471890971
660        0.00117546848382
661        0.00117546848382
662        0.00131175468484
663        0.00115843270869
664        0.00138841567291
665        0.00140545144804
666        0.00106473594549
667        0.00126916524702
668        0.00118398637138
669        0.0021465076661
670        0.0017206132879
671        0.00192504258944
672        0.00133730834753
673        0.00215502555366
674        0.0020528109029
675        0.00125212947189
676        0.00128620102215
677        0.00125212947189
678        0.00114991482112
679        0.00107325383305
680        0.00126916524702
681        0.00158432708688
682        0.00149063032368
683        0.00180579216354
684        0.00133730834753
685        0.00124361158433
686        0.00150766609881
687        0.0021465076661
688        0.00158432708688
689        0.00166098807496
690        0.00146507666099
691        0.00150766609881
692        0.00164395229983
693        0.00178023850085
694        0.00155025553663
695        0.00166950596252
696        0.00154173764906
697        0.00142248722317
698        0.00217206132879
699        0.00201873935264
700        0.00165247018739
701        0.00119250425894
702        0.00177172061329
703        0.0013202725724
704        0.00127768313458
705        0.00124361158433
706        0.00116695059625
707        0.00132879045997
708        0.00116695059625
709        0.00180579216354
710        0.00127768313458
711        0.0025468483816
712        0.00121805792164
713        0.00149914821124
714        0.00144804088586
715        0.00215502555366
716        0.00114139693356
717        0.00213798977853
718        0.00175468483816
719        0.00145655877342
720        0.00139693356048
721        0.00136286201022
722        0.00147359454855
723        0.00135434412266
724        0.00131175468484
725        0.00169505962521
726        0.00126064735945
727        0.00105621805792
728        0.00191652470187
729        0.00151618398637
730        0.0015332197615
731        0.00145655877342
732        0.00183134582624
733        0.00146507666099
734        0.00147359454855
735        0.00247018739353
736        0.00129471890971
737        0.00148211243612
738        0.0014139693356
739        0.00187393526405
740        0.00133730834753
741        0.00143100511073
742        0.00119250425894
743        0.00102214650767
744        0.0013202725724
745        0.00167802385009
746        0.00155025553663
747        0.00128620102215
748        0.00150766609881
749        0.00167802385009
750        0.00143100511073
751        0.0012265758092
752        0.00198466780239
753        0.00228279386712
754        0.00128620102215
755        0.00131175468484
756        0.00139693356048
757        0.0013202725724
758        0.00154173764906
759        0.0014395229983
760        0.00167802385009
761        0.00126916524702
762        0.00133730834753
763        0.00119250425894
764        0.00124361158433
765        0.00129471890971
766        0.00147359454855
767        0.00139693356048
768        0.00183134582624
769        0.00126916524702
770        0.0012265758092
771        0.00119250425894
772        0.00120102214651
773        0.00123509369676
774        0.0010136286201
775        0.0013202725724
776        0.00103918228279
777        0.00124361158433
778        0.0012265758092
779        0.00114991482112
780        0.0010136286201
781        0.00137989778535
782        0.00149063032368
783        0.0011073253833
784        0.0011073253833
785        0.00129471890971
786        0.00109028960818
787        0.00124361158433
788        0.00118398637138
789        0.0012265758092
790        0.0013202725724
791        0.00124361158433
792        0.00135434412266
793        0.00124361158433
794        0.00128620102215
795        0.00147359454855
796        0.00136286201022
797        0.0012265758092
798        0.00147359454855
799        0.00133730834753
800        0.00156729131175
801        0.00132879045997
802        0.00138841567291
803        0.00109028960818
804        0.00118398637138
805        0.00123509369676
806        0.00125212947189
807        0.00131175468484
808        0.00160988074957
809        0.00166950596252
810        0.00137137989779
811        0.00143100511073
812        0.00103066439523
813        0.00120102214651
814        0.00121805792164
815        0.00130323679727
816        0.00117546848382
817        0.00128620102215
818        0.00128620102215
819        0.00128620102215
820        0.00104770017036
821        0.000988074957411
822        0.00115843270869
823        0.00118398637138
824        0.00118398637138
825        0.00114139693356
826        0.00120954003407
827        0.00131175468484
828        0.00126916524702
829        0.00165247018739
830        0.0012265758092
831        0.00132879045997
832        0.00142248722317
833        0.00103918228279
834        0.00111584327087
835        0.00139693356048
836        0.0013202725724
837        0.00134582623509
838        0.0010136286201
839        0.0011073253833
840        0.00120954003407
841        0.00105621805792
842        0.00179727427598
843        0.00119250425894
844        0.0014395229983
845        0.00123509369676
846        0.00195911413969
847        0.00165247018739
848        0.00143100511073
849        0.00130323679727
850        0.00130323679727
851        0.00146507666099
852        0.00138841567291
853        0.00118398637138
854        0.00120954003407
855        0.00134582623509
856        0.00137989778535
857        0.00117546848382
858        0.00119250425894
859        0.00123509369676
860        0.00137989778535
861        0.00103066439523
862        0.00182282793867
863        0.00146507666099
864        0.00164395229983
865        0.00135434412266
866        0.00143100511073
867        0.00126064735945
868        0.00126064735945
869        0.00124361158433
870        0.00118398637138
871        0.00109880749574
872        0.00117546848382
873        0.00126916524702
874        0.0016269165247
875        0.00149914821124
876        0.00189097103918
877        0.00128620102215
878        0.00136286201022
879        0.00137137989779
880        0.00160136286201
881        0.00259795570698
882        0.00189948892675
883        0.00147359454855
884        0.00131175468484
885        0.001933560477
886        0.00105621805792
887        0.00119250425894
888        0.00138841567291
889        0.00149063032368
890        0.00135434412266
891        0.00136286201022
892        0.00140545144804
893        0.00200170357751
894        0.00167802385009
895        0.0015332197615
896        0.0020272572402
897        0.00139693356048
898        0.00126916524702
899        0.00127768313458
900        0.00138841567291
901        0.00126916524702
902        0.00134582623509
903        0.00129471890971
904        0.00125212947189
905        0.00127768313458
906        0.00121805792164
907        0.00163543441227
908        0.00149063032368
909        0.0011073253833
910        0.0020272572402
911        0.00136286201022
912        0.00146507666099
913        0.00104770017036
914        0.0012265758092
915        0.000945485519591
916        0.00114991482112
917        0.00124361158433
918        0.00158432708688
919        0.00143100511073
920        0.00125212947189
921        0.00108177172061
922        0.00121805792164
923        0.0010136286201
924        0.0010136286201
925        0.00126064735945
926        0.00117546848382
927        0.00103918228279
928        0.00128620102215
929        0.00127768313458
930        0.0010136286201
931        0.00171209540034
932        0.00136286201022
933        0.00131175468484
934        0.00114139693356
935        0.00118398637138
936        0.0012265758092
937        0.00103066439523
938        0.00103066439523
939        0.00120954003407
940        0.00116695059625
941        0.000996592844974
942        0.00136286201022
943        0.00119250425894
944        0.00105621805792
945        0.00124361158433
946        0.00117546848382
947        0.00112436115843
948        0.00120954003407
949        0.0013202725724
950        0.00166950596252
951        0.00114139693356
952        0.00117546848382
953        0.000971039182283
954        0.00155025553663
955        0.00129471890971
956        0.00146507666099
957        0.00125212947189
958        0.00129471890971
959        0.00170357751278
960        0.00126064735945
961        0.00103066439523
962        0.00131175468484
963        0.00126916524702
964        0.00102214650767
965        0.00160988074957
966        0.00117546848382
967        0.00100511073254
968        0.00136286201022
969        0.00133730834753
970        0.00103918228279
971        0.000962521294719
972        0.00106473594549
973        0.00106473594549
974        0.00127768313458
975        0.00112436115843
976        0.00129471890971
977        0.00107325383305
978        0.0010136286201
979        0.00102214650767
980        0.00124361158433
981        0.00120954003407
982        0.00118398637138
983        0.0013202725724
984        0.00125212947189
985        0.00140545144804
986        0.00102214650767
987        0.0016269165247
988        0.00114991482112
989        0.00108177172061
990        0.00109028960818
991        0.00120102214651
992        0.00123509369676
993        0.00132879045997
994        0.0015332197615
995        0.00192504258944
996        0.00130323679727
997        0.0011073253833
998        0.0017461669506
999        0.00119250425894
1000        0.00108177172061
1001        0.00125212947189
1002        0.00142248722317
1003        0.00123509369676
1004        0.00109028960818
1005        0.00100511073254
1006        0.00150766609881
1007        0.00107325383305
1008        0.00139693356048
1009        0.00150766609881
1010        0.0012265758092
1011        0.00133730834753
1012        0.00137137989779
1013        0.00105621805792
1014        0.00140545144804
1015        0.0013202725724
1016        0.00152470187394
1017        0.00116695059625
1018        0.00116695059625
1019        0.00166950596252
1020        0.00147359454855
1021        0.000945485519591
1022        0.00102214650767
1023        0.00118398637138
1024        0.00144804088586
1025        0.00119250425894
1026        0.00123509369676
1027        0.00120954003407
1028        0.00133730834753
1029        0.00121805792164
1030        0.00140545144804
1031        0.00187393526405
1032        0.00124361158433
1033        0.00166098807496
1034        0.00109028960818
1035        0.000988074957411
1036        0.00117546848382
1037        0.00117546848382
1038        0.000988074957411
1039        0.00100511073254
1040        0.00143100511073
1041        0.00107325383305
1042        0.0013202725724
1043        0.00106473594549
1044        0.00191652470187
1045        0.00109028960818
1046        0.00120102214651
1047        0.00144804088586
1048        0.00124361158433
1049        0.00160988074957
1050        0.00136286201022
1051        0.00136286201022
1052        0.00118398637138
1053        0.00114139693356
1054        0.00106473594549
1055        0.00126916524702
1056        0.00123509369676
1057        0.00126916524702
1058        0.00132879045997
1059        0.00124361158433
1060        0.000979557069847
1061        0.00103066439523
1062        0.00119250425894
1063        0.00142248722317
1064        0.00140545144804
1065        0.00109028960818
1066        0.00137989778535
1067        0.00128620102215
1068        0.000971039182283
1069        0.00165247018739
1070        0.00100511073254
1071        0.00103918228279
1072        0.00114139693356
1073        0.00130323679727
1074        0.00146507666099
1075        0.00103918228279
1076        0.00102214650767
1077        0.0010136286201
1078        0.00116695059625
1079        0.00145655877342
1080        0.00137989778535
1081        0.00100511073254
1082        0.00154173764906
1083        0.00103918228279
1084        0.00106473594549
1085        0.00118398637138
1086        0.00111584327087
1087        0.0012265758092
1088        0.00119250425894
1089        0.00128620102215
1090        0.00136286201022
1091        0.00115843270869
1092        0.00127768313458
1093        0.00102214650767
1094        0.000962521294719
1095        0.00120954003407
1096        0.000988074957411
1097        0.00107325383305
1098        0.00120954003407
1099        0.00120954003407
1100        0.00121805792164
1101        0.00114139693356
1102        0.0013202725724
1103        0.00120102214651
1104        0.00124361158433
1105        0.00127768313458
1106        0.00100511073254
1107        0.00107325383305
1108        0.00115843270869
1109        0.00146507666099
1110        0.00160136286201
1111        0.00109880749574
1112        0.00123509369676
1113        0.00120954003407
1114        0.00109028960818
1115        0.00103918228279
1116        0.00163543441227
1117        0.00148211243612
1118        0.00175468483816
1119        0.00128620102215
1120        0.00116695059625
1121        0.00117546848382
1122        0.00114139693356
1123        0.00103066439523
1124        0.00147359454855
1125        0.00109880749574
1126        0.00135434412266
1127        0.00100511073254
1128        0.00128620102215
1129        0.00139693356048
1130        0.00103066439523
1131        0.0012265758092
1132        0.00138841567291
1133        0.00131175468484
1134        0.00124361158433
1135        0.00127768313458
1136        0.000979557069847
1137        0.00109880749574
1138        0.00136286201022
1139        0.00123509369676
1140        0.00107325383305
1141        0.0010136286201
1142        0.00126064735945
1143        0.00103918228279
1144        0.00106473594549
1145        0.00152470187394
1146        0.00126064735945
1147        0.00100511073254
1148        0.00106473594549
1149        0.00106473594549
1150        0.00126064735945
1151        0.000979557069847
1152        0.00106473594549
1153        0.00131175468484
1154        0.00160136286201
1155        0.00120102214651
1156        0.00137989778535
1157        0.001132879046
1158        0.00103066439523
1159        0.00116695059625
1160        0.00105621805792
1161        0.00120954003407
1162        0.000945485519591
1163        0.000988074957411
1164        0.00134582623509
1165        0.0012265758092
1166        0.00105621805792
1167        0.00109028960818
1168        0.00121805792164
1169        0.00120954003407
1170        0.00129471890971
1171        0.00119250425894
1172        0.000996592844974
1173        0.00103066439523
1174        0.00103918228279
