1        0.00123509369676
2        0.0015332197615
3        0.00178023850085
4        0.00188245315162
5        0.00138841567291
6        0.00248722316865
7        0.00568994889267
8        0.005
9        0.00409710391823
10        0.00366269165247
11        0.00302385008518
12        0.00303236797274
13        0.0024531516184
14        0.00175468483816
15        0.00123509369676
16        0.00158432708688
17        0.00183134582624
18        0.0020272572402
19        0.00248722316865
20        0.00167802385009
21        0.00126916524702
22        0.00367120954003
23        0.00369676320273
24        0.00282793867121
25        0.00192504258944
26        0.00154173764906
27        0.00288756388416
28        0.00182282793867
29        0.00164395229983
30        0.00213798977853
31        0.00188245315162
32        0.00138841567291
33        0.0017206132879
34        0.00190800681431
35        0.00139693356048
36        0.00239352640545
37        0.0032538330494
38        0.00272572402044
39        0.00476149914821
40        0.00186541737649
41        0.00243611584327
42        0.00409710391823
43        0.00591141396934
44        0.00279386712095
45        0.00232538330494
46        0.00321124361158
47        0.0032538330494
48        0.00229982964225
49        0.0035860306644
50        0.00380749574106
51        0.00466780238501
52        0.00264906303237
53        0.00287904599659
54        0.00221465076661
55        0.0021465076661
56        0.00344122657581
57        0.00318568994889
58        0.00107325383305
59        0.00125212947189
60        0.00119250425894
61        0.00119250425894
62        0.00155025553663
63        0.00112436115843
64        0.00333901192504
65        0.00342419080068
66        0.0017461669506
67        0.00185689948893
68        0.00257240204429
69        0.00466780238501
70        0.00382453151618
71        0.00239352640545
72        0.00258943781942
73        0.00217206132879
74        0.00185689948893
75        0.00223168654174
76        0.00151618398637
77        0.00204429301533
78        0.0020272572402
79        0.00140545144804
80        0.00215502555366
81        0.00303236797274
82        0.00201873935264
83        0.00206132879046
84        0.00231686541738
85        0.00241908006814
86        0.00252981260647
87        0.00109880749574
88        0.00136286201022
89        0.00170357751278
90        0.0025468483816
91        0.00178875638842
92        0.00185689948893
93        0.00246166950596
94        0.001132879046
95        0.00164395229983
96        0.00161839863714
97        0.00138841567291
98        0.00167802385009
99        0.00196763202726
100        0.00378194207836
101        0.00334752981261
102        0.0015332197615
103        0.0018398637138
104        0.00259795570698
105        0.00336456558773
106        0.00411413969336
107        0.00508517887564
108        0.00243611584327
109        0.00272572402044
110        0.00305792163543
111        0.00186541737649
112        0.00186541737649
113        0.00158432708688
114        0.00160136286201
115        0.00276831345826
116        0.00189948892675
117        0.00248722316865
118        0.00177172061329
119        0.00158432708688
120        0.00198466780239
121        0.00180579216354
122        0.00198466780239
123        0.0017206132879
124        0.00133730834753
125        0.00149063032368
126        0.00201022146508
127        0.00167802385009
128        0.0015332197615
129        0.00134582623509
130        0.00220613287905
131        0.00149914821124
132        0.00157580919932
133        0.00157580919932
134        0.00134582623509
135        0.00116695059625
136        0.00241908006814
137        0.00448892674617
138        0.00329642248722
139        0.00288756388416
140        0.00270868824532
141        0.00444633730835
142        0.00312606473595
143        0.00357751277683
144        0.00479557069847
145        0.00338160136286
146        0.00156729131175
147        0.00186541737649
148        0.00251277683135
149        0.00227427597956
150        0.00188245315162
151        0.00189948892675
152        0.00176320272572
153        0.00169505962521
154        0.00229982964225
155        0.00210391822828
156        0.00199318568995
157        0.00155877342419
158        0.001933560477
159        0.00163543441227
160        0.00177172061329
161        0.00159284497445
162        0.00150766609881
163        0.00149063032368
164        0.00243611584327
165        0.00120102214651
166        0.00138841567291
167        0.00161839863714
168        0.0020272572402
169        0.00293015332198
170        0.00229982964225
171        0.00328790459966
172        0.00237649063032
173        0.00333049403748
174        0.00186541737649
175        0.00192504258944
176        0.00168654173765
177        0.00334752981261
178        0.00262350936968
179        0.00449744463373
180        0.00452299829642
181        0.00494037478705
182        0.00228279386712
183        0.00161839863714
184        0.00172913117547
185        0.00200170357751
186        0.0029471890971
187        0.00237649063032
188        0.00385008517888
189        0.0024531516184
190        0.00276831345826
191        0.00222316865417
192        0.00212095400341
193        0.0024531516184
194        0.00336456558773
195        0.0024531516184
196        0.00357751277683
197        0.00280238500852
198        0.00155025553663
199        0.00142248722317
200        0.00160988074957
201        0.00172913117547
202        0.00187393526405
203        0.00264906303237
204        0.00317717206133
205        0.00235093696763
206        0.00251277683135
207        0.0018398637138
208        0.00139693356048
209        0.00117546848382
210        0.00147359454855
211        0.00164395229983
212        0.00204429301533
213        0.00125212947189
214        0.00138841567291
215        0.00118398637138
216        0.00155025553663
217        0.00208688245315
218        0.00152470187394
219        0.00155025553663
220        0.00167802385009
221        0.00151618398637
222        0.00185689948893
223        0.00195911413969
224        0.00198466780239
225        0.00227427597956
226        0.00185689948893
227        0.0017206132879
228        0.00194207836457
229        0.00255536626917
230        0.00235093696763
231        0.00206132879046
232        0.0038926746167
233        0.0032793867121
234        0.00322827938671
235        0.00327086882453
236        0.00414821124361
237        0.00316865417376
238        0.00231686541738
239        0.00197614991482
240        0.00316865417376
241        0.00367120954003
242        0.00241908006814
243        0.00159284497445
244        0.00161839863714
245        0.00159284497445
246        0.00270868824532
247        0.00200170357751
248        0.00146507666099
249        0.00128620102215
250        0.00155025553663
251        0.00111584327087
252        0.00182282793867
253        0.00368824531516
254        0.00324531516184
255        0.0020272572402
256        0.00155877342419
257        0.00146507666099
258        0.00155877342419
259        0.00251277683135
260        0.00190800681431
261        0.00188245315162
262        0.00257240204429
263        0.00176320272572
264        0.00225724020443
265        0.00368824531516
266        0.00177172061329
267        0.00206132879046
268        0.00200170357751
269        0.00248722316865
270        0.00218057921635
271        0.00180579216354
272        0.00156729131175
273        0.00127768313458
274        0.00134582623509
275        0.00165247018739
276        0.00172913117547
277        0.00355195911414
278        0.00263202725724
279        0.00237649063032
280        0.00371379897785
281        0.00271720613288
282        0.0014395229983
283        0.00118398637138
284        0.00475298126065
285        0.00228279386712
286        0.00212947189097
287        0.00206132879046
288        0.00170357751278
289        0.00157580919932
290        0.00195059625213
291        0.00269165247019
292        0.00256388415673
293        0.00164395229983
294        0.00137137989779
295        0.00131175468484
296        0.00187393526405
297        0.00318568994889
298        0.00163543441227
299        0.00197614991482
300        0.00158432708688
301        0.00152470187394
302        0.0014395229983
303        0.0016269165247
304        0.00239352640545
305        0.00211243611584
306        0.00154173764906
307        0.0015332197615
308        0.00137989778535
309        0.0011073253833
310        0.00204429301533
311        0.00173764906303
312        0.00212947189097
313        0.00222316865417
314        0.00198466780239
315        0.00170357751278
316        0.00195911413969
317        0.00172913117547
318        0.00134582623509
319        0.00197614991482
320        0.00218909710392
321        0.00228279386712
322        0.00172913117547
323        0.00148211243612
324        0.0014139693356
325        0.0015332197615
326        0.00134582623509
327        0.00147359454855
328        0.00177172061329
329        0.00178875638842
330        0.00163543441227
331        0.00144804088586
332        0.00147359454855
333        0.00161839863714
334        0.00201873935264
335        0.00199318568995
336        0.00218909710392
337        0.00231686541738
338        0.00224872231687
339        0.00258091993186
340        0.00144804088586
341        0.00208688245315
342        0.00215502555366
343        0.00247870528109
344        0.00178023850085
345        0.00164395229983
346        0.00216354344123
347        0.00262350936968
348        0.00161839863714
349        0.00109028960818
350        0.00178023850085
351        0.00258091993186
352        0.00169505962521
353        0.00207836456559
354        0.00126916524702
355        0.00103066439523
356        0.00109028960818
357        0.00107325383305
358        0.00139693356048
359        0.00159284497445
360        0.00150766609881
361        0.00189948892675
362        0.00155877342419
363        0.00163543441227
364        0.00198466780239
365        0.00108177172061
366        0.00158432708688
367        0.0017461669506
368        0.00128620102215
369        0.00185689948893
370        0.0017461669506
371        0.00127768313458
372        0.00146507666099
373        0.00218057921635
374        0.00176320272572
375        0.00255536626917
376        0.00189097103918
377        0.00301533219761
378        0.00201022146508
379        0.00137989778535
380        0.00137989778535
381        0.00144804088586
382        0.00160988074957
383        0.00120102214651
384        0.00135434412266
385        0.00144804088586
386        0.00127768313458
387        0.00152470187394
388        0.00154173764906
389        0.00210391822828
390        0.00165247018739
391        0.00126064735945
392        0.00167802385009
393        0.00157580919932
394        0.00269165247019
395        0.00208688245315
396        0.00211243611584
397        0.00279386712095
398        0.00215502555366
399        0.00229982964225
400        0.00349233390119
401        0.00489778534923
402        0.00366269165247
403        0.00310902896082
404        0.0025468483816
405        0.0020272572402
406        0.00204429301533
407        0.00231686541738
408        0.00192504258944
409        0.00284497444634
410        0.00260647359455
411        0.00423339011925
412        0.00341567291312
413        0.00329642248722
414        0.00316865417376
415        0.00244463373083
416        0.00344974446337
417        0.00247870528109
418        0.00159284497445
419        0.00161839863714
420        0.00180579216354
421        0.00218909710392
422        0.00253833049404
423        0.00227427597956
424        0.00363713798978
425        0.00186541737649
426        0.00195059625213
427        0.00256388415673
428        0.00313458262351
429        0.00279386712095
430        0.00215502555366
431        0.00201022146508
432        0.00269165247019
433        0.00273424190801
434        0.00298126064736
435        0.0017461669506
436        0.00187393526405
437        0.00176320272572
438        0.0017461669506
439        0.00281942078365
440        0.0026405451448
441        0.00178875638842
442        0.00183134582624
443        0.0016269165247
444        0.00183134582624
445        0.00183134582624
446        0.00148211243612
447        0.00168654173765
448        0.00150766609881
449        0.00166098807496
450        0.00154173764906
451        0.001132879046
452        0.00195911413969
453        0.00451448040886
454        0.00504258943782
455        0.00319420783646
456        0.00300681431005
457        0.00279386712095
458        0.00242759795571
459        0.00312606473595
460        0.00258943781942
461        0.00279386712095
462        0.00321976149915
463        0.00222316865417
464        0.00270868824532
465        0.00252981260647
466        0.00169505962521
467        0.00200170357751
468        0.00248722316865
469        0.00197614991482
470        0.00201022146508
471        0.00171209540034
472        0.00158432708688
473        0.00198466780239
474        0.0014395229983
475        0.00185689948893
476        0.00192504258944
477        0.00257240204429
478        0.0032538330494
479        0.00276831345826
480        0.00191652470187
481        0.00178875638842
482        0.00224872231687
483        0.00173764906303
484        0.0025468483816
485        0.00268313458262
486        0.00213798977853
487        0.00258943781942
488        0.00183134582624
489        0.00200170357751
490        0.00247018739353
491        0.00244463373083
492        0.00186541737649
493        0.00192504258944
494        0.00240204429302
495        0.00209540034072
496        0.00268313458262
497        0.0035860306644
498        0.00239352640545
499        0.00567291311755
500        0.0029471890971
501        0.00305792163543
502        0.00232538330494
503        0.0026660988075
504        0.00366269165247
505        0.00287052810903
506        0.00222316865417
507        0.00188245315162
508        0.00339011925043
509        0.00237649063032
510        0.00199318568995
511        0.00195911413969
512        0.00282793867121
513        0.00196763202726
514        0.00155025553663
515        0.00195911413969
516        0.00190800681431
517        0.00144804088586
518        0.00142248722317
519        0.00163543441227
520        0.00171209540034
521        0.00148211243612
522        0.00164395229983
523        0.00218057921635
524        0.00157580919932
525        0.00164395229983
526        0.00158432708688
527        0.00188245315162
528        0.00203577512777
529        0.00165247018739
530        0.00166098807496
531        0.00187393526405
532        0.00230834752981
533        0.00157580919932
534        0.00168654173765
535        0.00154173764906
536        0.00290459965928
537        0.0027597955707
538        0.00351788756388
539        0.00194207836457
540        0.00322827938671
541        0.00363713798978
542        0.00350085178876
543        0.00270868824532
544        0.00192504258944
545        0.00364565587734
546        0.00276831345826
547        0.00199318568995
548        0.00258091993186
549        0.00255536626917
550        0.00298126064736
551        0.00258091993186
552        0.00180579216354
553        0.0024531516184
554        0.00240204429302
555        0.00149914821124
556        0.00152470187394
557        0.00154173764906
558        0.00169505962521
559        0.0029727427598
560        0.00184838160136
561        0.00361158432709
562        0.00278534923339
563        0.00311754684838
564        0.00160136286201
565        0.00160136286201
566        0.00200170357751
567        0.00217206132879
568        0.00157580919932
569        0.00137137989779
570        0.00140545144804
571        0.00121805792164
572        0.00134582623509
573        0.00143100511073
574        0.00118398637138
575        0.00179727427598
576        0.00166950596252
577        0.00255536626917
578        0.00197614991482
579        0.00150766609881
580        0.0022402044293
581        0.00227427597956
582        0.00170357751278
583        0.00152470187394
584        0.00135434412266
585        0.00108177172061
586        0.00124361158433
587        0.00187393526405
588        0.00159284497445
589        0.00152470187394
590        0.0016269165247
591        0.00144804088586
592        0.0016269165247
593        0.00216354344123
594        0.00163543441227
595        0.00157580919932
596        0.00221465076661
597        0.0018398637138
598        0.00181431005111
599        0.00144804088586
600        0.00261499148211
601        0.00195911413969
602        0.00175468483816
603        0.00178875638842
604        0.00232538330494
605        0.00188245315162
606        0.0015332197615
607        0.00154173764906
608        0.00176320272572
609        0.00150766609881
610        0.00126916524702
611        0.00115843270869
612        0.00166950596252
613        0.00168654173765
614        0.00172913117547
615        0.00160988074957
616        0.00151618398637
617        0.00114139693356
618        0.00129471890971
619        0.00165247018739
620        0.00186541737649
621        0.00251277683135
622        0.00176320272572
623        0.00178875638842
624        0.00149063032368
625        0.00133730834753
626        0.00137989778535
627        0.00169505962521
628        0.00400340715503
629        0.00295570698467
630        0.00171209540034
631        0.00149063032368
632        0.00123509369676
633        0.00384156729131
634        0.00167802385009
635        0.00137989778535
636        0.00158432708688
637        0.00133730834753
638        0.0014139693356
639        0.00125212947189
640        0.00104770017036
641        0.00123509369676
642        0.00156729131175
643        0.00185689948893
644        0.00146507666099
645        0.00120102214651
646        0.00121805792164
647        0.00129471890971
648        0.00114139693356
649        0.00114139693356
650        0.00146507666099
651        0.0016269165247
652        0.00120954003407
653        0.00120102214651
654        0.00137137989779
655        0.00135434412266
656        0.00109880749574
657        0.00120102214651
658        0.00131175468484
659        0.00137989778535
660        0.00145655877342
661        0.00168654173765
662        0.00146507666099
663        0.00135434412266
664        0.00137137989779
665        0.00144804088586
666        0.00115843270869
667        0.00130323679727
668        0.00147359454855
669        0.00305792163543
670        0.00293867120954
671        0.00292163543441
672        0.00223168654174
673        0.0036797274276
674        0.00311754684838
675        0.00155877342419
676        0.00144804088586
677        0.00155025553663
678        0.00131175468484
679        0.001132879046
680        0.0017206132879
681        0.0022402044293
682        0.00241056218058
683        0.00257240204429
684        0.00186541737649
685        0.00166950596252
686        0.00227427597956
687        0.00317717206133
688        0.0026405451448
689        0.0025468483816
690        0.00270868824532
691        0.0018398637138
692        0.00236797274276
693        0.00262350936968
694        0.00225724020443
695        0.00210391822828
696        0.00225724020443
697        0.00208688245315
698        0.00380749574106
699        0.00362862010221
700        0.00270017035775
701        0.00172913117547
702        0.00236797274276
703        0.00159284497445
704        0.00140545144804
705        0.00146507666099
706        0.00157580919932
707        0.00160988074957
708        0.00182282793867
709        0.00232538330494
710        0.00160988074957
711        0.00511073253833
712        0.00185689948893
713        0.00170357751278
714        0.00169505962521
715        0.00291311754685
716        0.00117546848382
717        0.00301533219761
718        0.00293015332198
719        0.00155025553663
720        0.0022402044293
721        0.00166950596252
722        0.00180579216354
723        0.00189948892675
724        0.00186541737649
725        0.00272572402044
726        0.0016269165247
727        0.00120954003407
728        0.00373935264055
729        0.00219761499148
730        0.001933560477
731        0.00241056218058
732        0.00281942078365
733        0.00188245315162
734        0.00210391822828
735        0.00406303236797
736        0.00200170357751
737        0.00189948892675
738        0.00225724020443
739        0.00303236797274
740        0.00229982964225
741        0.00201873935264
742        0.00159284497445
743        0.00124361158433
744        0.00171209540034
745        0.00206984667802
746        0.00169505962521
747        0.0020272572402
748        0.00227427597956
749        0.00277683134583
750        0.00178875638842
751        0.00187393526405
752        0.00317717206133
753        0.003066439523
754        0.00175468483816
755        0.00185689948893
756        0.00206984667802
757        0.0020528109029
758        0.00218057921635
759        0.00216354344123
760        0.00226575809199
761        0.00155025553663
762        0.00155025553663
763        0.0014139693356
764        0.00131175468484
765        0.00164395229983
766        0.0020272572402
767        0.00159284497445
768        0.00210391822828
769        0.00161839863714
770        0.00160988074957
771        0.00154173764906
772        0.00145655877342
773        0.00135434412266
774        0.00112436115843
775        0.00188245315162
776        0.001132879046
777        0.00136286201022
778        0.00147359454855
779        0.00156729131175
780        0.00128620102215
781        0.00192504258944
782        0.00155025553663
783        0.00178875638842
784        0.00167802385009
785        0.00165247018739
786        0.00117546848382
787        0.00125212947189
788        0.00146507666099
789        0.00135434412266
790        0.00144804088586
791        0.00137989778535
792        0.00147359454855
793        0.00172913117547
794        0.00149063032368
795        0.00173764906303
796        0.00155025553663
797        0.00187393526405
798        0.00192504258944
799        0.00166098807496
800        0.0020528109029
801        0.00167802385009
802        0.00195911413969
803        0.0011073253833
804        0.00132879045997
805        0.00138841567291
806        0.00127768313458
807        0.00147359454855
808        0.0017206132879
809        0.00172913117547
810        0.0017206132879
811        0.00164395229983
812        0.00118398637138
813        0.00147359454855
814        0.00144804088586
815        0.00134582623509
816        0.00138841567291
817        0.00140545144804
818        0.0016269165247
819        0.00178875638842
820        0.00130323679727
821        0.00121805792164
822        0.00152470187394
823        0.0014395229983
824        0.00125212947189
825        0.00149063032368
826        0.00148211243612
827        0.00140545144804
828        0.00167802385009
829        0.00196763202726
830        0.0017206132879
831        0.00189097103918
832        0.00155025553663
833        0.0013202725724
834        0.0016269165247
835        0.00159284497445
836        0.0017461669506
837        0.00189948892675
838        0.00120102214651
839        0.00138841567291
840        0.0014395229983
841        0.00121805792164
842        0.00290459965928
843        0.00175468483816
844        0.00181431005111
845        0.00187393526405
846        0.00281942078365
847        0.00321976149915
848        0.00236797274276
849        0.0017461669506
850        0.00161839863714
851        0.00212095400341
852        0.00160136286201
853        0.00154173764906
854        0.00170357751278
855        0.00159284497445
856        0.00158432708688
857        0.0015332197615
858        0.00157580919932
859        0.00167802385009
860        0.0020528109029
861        0.00150766609881
862        0.00259795570698
863        0.00210391822828
864        0.00207836456559
865        0.00189948892675
866        0.00216354344123
867        0.00160136286201
868        0.00159284497445
869        0.00149063032368
870        0.00152470187394
871        0.001132879046
872        0.00149063032368
873        0.00200170357751
874        0.00295570698467
875        0.00277683134583
876        0.00359454855196
877        0.00192504258944
878        0.00135434412266
879        0.00196763202726
880        0.00246166950596
881        0.00476149914821
882        0.00378194207836
883        0.00216354344123
884        0.00192504258944
885        0.00362010221465
886        0.00169505962521
887        0.00189097103918
888        0.00247018739353
889        0.00278534923339
890        0.00218057921635
891        0.00243611584327
892        0.00178875638842
893        0.00304088586031
894        0.0023339011925
895        0.00189948892675
896        0.00279386712095
897        0.00165247018739
898        0.00145655877342
899        0.00157580919932
900        0.0017461669506
901        0.00183134582624
902        0.00166098807496
903        0.00173764906303
904        0.0017206132879
905        0.00163543441227
906        0.00218057921635
907        0.00255536626917
908        0.00196763202726
909        0.00149914821124
910        0.0026660988075
911        0.00184838160136
912        0.00237649063032
913        0.00126064735945
914        0.00177172061329
915        0.00114139693356
916        0.00137137989779
917        0.00137989778535
918        0.00196763202726
919        0.00168654173765
920        0.00145655877342
921        0.00105621805792
922        0.00137989778535
923        0.00126916524702
924        0.00114991482112
925        0.00135434412266
926        0.00139693356048
927        0.00112436115843
928        0.00158432708688
929        0.00146507666099
930        0.00114139693356
931        0.00201873935264
932        0.00143100511073
933        0.00152470187394
934        0.00105621805792
935        0.00161839863714
936        0.00138841567291
937        0.00118398637138
938        0.00105621805792
939        0.00130323679727
940        0.00137989778535
941        0.00109880749574
942        0.00149063032368
943        0.00148211243612
944        0.00115843270869
945        0.0014139693356
946        0.00158432708688
947        0.00137137989779
948        0.00147359454855
949        0.00145655877342
950        0.00208688245315
951        0.00125212947189
952        0.00123509369676
953        0.00131175468484
954        0.00196763202726
955        0.00160136286201
956        0.00226575809199
957        0.00178023850085
958        0.00167802385009
959        0.00223168654174
960        0.00166098807496
961        0.00109880749574
962        0.00161839863714
963        0.00137989778535
964        0.00116695059625
965        0.00189097103918
966        0.00159284497445
967        0.00109028960818
968        0.00150766609881
969        0.00201022146508
970        0.00125212947189
971        0.00107325383305
972        0.00103066439523
973        0.00125212947189
974        0.0013202725724
975        0.00147359454855
976        0.00149914821124
977        0.0014395229983
978        0.00112436115843
979        0.0012265758092
980        0.00131175468484
981        0.00139693356048
982        0.00168654173765
983        0.00169505962521
984        0.00146507666099
985        0.00164395229983
986        0.00125212947189
987        0.00209540034072
988        0.00189097103918
989        0.00120954003407
990        0.00114139693356
991        0.00186541737649
992        0.00189097103918
993        0.00176320272572
994        0.00217206132879
995        0.00279386712095
996        0.00276831345826
997        0.00139693356048
998        0.00208688245315
999        0.00166950596252
1000        0.00114991482112
1001        0.00149914821124
1002        0.00186541737649
1003        0.00143100511073
1004        0.00139693356048
1005        0.00121805792164
1006        0.00176320272572
1007        0.00127768313458
1008        0.0020272572402
1009        0.00170357751278
1010        0.00210391822828
1011        0.00212095400341
1012        0.00170357751278
1013        0.00132879045997
1014        0.00185689948893
1015        0.00168654173765
1016        0.00165247018739
1017        0.0017461669506
1018        0.0018398637138
1019        0.00330494037479
1020        0.00207836456559
1021        0.00109028960818
1022        0.00111584327087
1023        0.0017206132879
1024        0.00165247018739
1025        0.00147359454855
1026        0.00180579216354
1027        0.00137989778535
1028        0.00167802385009
1029        0.00138841567291
1030        0.00260647359455
1031        0.00418228279387
1032        0.0017206132879
1033        0.00250425894378
1034        0.00109880749574
1035        0.00104770017036
1036        0.00126064735945
1037        0.0013202725724
1038        0.00104770017036
1039        0.00105621805792
1040        0.00228279386712
1041        0.00149063032368
1042        0.00161839863714
1043        0.00140545144804
1044        0.00301533219761
1045        0.0014139693356
1046        0.00188245315162
1047        0.00181431005111
1048        0.00152470187394
1049        0.0029727427598
1050        0.00155025553663
1051        0.00212095400341
1052        0.00139693356048
1053        0.00145655877342
1054        0.00114139693356
1055        0.00136286201022
1056        0.00137989778535
1057        0.00147359454855
1058        0.00142248722317
1059        0.00135434412266
1060        0.00124361158433
1061        0.001132879046
1062        0.00140545144804
1063        0.00171209540034
1064        0.00171209540034
1065        0.00137137989779
1066        0.00192504258944
1067        0.00176320272572
1068        0.00135434412266
1069        0.0021465076661
1070        0.001132879046
1071        0.00114991482112
1072        0.00119250425894
1073        0.00177172061329
1074        0.00241056218058
1075        0.0014395229983
1076        0.00103066439523
1077        0.00104770017036
1078        0.00220613287905
1079        0.00180579216354
1080        0.00189948892675
1081        0.00126916524702
1082        0.00204429301533
1083        0.00168654173765
1084        0.0011073253833
1085        0.00140545144804
1086        0.00145655877342
1087        0.00137137989779
1088        0.00154173764906
1089        0.0014395229983
1090        0.00150766609881
1091        0.00164395229983
1092        0.00237649063032
1093        0.00103066439523
1094        0.00108177172061
1095        0.00158432708688
1096        0.00125212947189
1097        0.00119250425894
1098        0.00131175468484
1099        0.0016269165247
1100        0.00148211243612
1101        0.0014395229983
1102        0.0014395229983
1103        0.00128620102215
1104        0.00136286201022
1105        0.00142248722317
1106        0.00118398637138
1107        0.00115843270869
1108        0.00126064735945
1109        0.00212947189097
1110        0.00186541737649
1111        0.00142248722317
1112        0.00173764906303
1113        0.00177172061329
1114        0.00103066439523
1115        0.00124361158433
1116        0.00246166950596
1117        0.0017461669506
1118        0.0028534923339
1119        0.00171209540034
1120        0.00158432708688
1121        0.00152470187394
1122        0.00136286201022
1123        0.00111584327087
1124        0.00194207836457
1125        0.00149914821124
1126        0.00133730834753
1127        0.0012265758092
1128        0.00148211243612
1129        0.00159284497445
1130        0.00134582623509
1131        0.00149063032368
1132        0.00166098807496
1133        0.00178875638842
1134        0.00145655877342
1135        0.00130323679727
1136        0.00107325383305
1137        0.00111584327087
1138        0.00151618398637
1139        0.00169505962521
1140        0.00147359454855
1141        0.00114991482112
1142        0.00140545144804
1143        0.00131175468484
1144        0.00112436115843
1145        0.00175468483816
1146        0.00176320272572
1147        0.00103918228279
1148        0.00109880749574
1149        0.00121805792164
1150        0.00149914821124
1151        0.00108177172061
1152        0.00107325383305
1153        0.00238500851789
1154        0.00188245315162
1155        0.00180579216354
1156        0.0015332197615
1157        0.0014395229983
1158        0.0012265758092
1159        0.00148211243612
1160        0.00121805792164
1161        0.00163543441227
1162        0.0011073253833
1163        0.00104770017036
1164        0.00158432708688
1165        0.0014395229983
1166        0.00125212947189
1167        0.00125212947189
1168        0.00149063032368
1169        0.00161839863714
1170        0.0017206132879
1171        0.00144804088586
1172        0.00123509369676
1173        0.00109028960818
1174        0.00109880749574
