1        0.0013202725724
2        0.00189948892675
3        0.00185689948893
4        0.00183134582624
5        0.00163543441227
6        0.00482112436116
7        0.00897785349233
8        0.00769165247019
9        0.00607325383305
10        0.00462521294719
11        0.00409710391823
12        0.00390971039182
13        0.00371379897785
14        0.00230834752981
15        0.00143100511073
16        0.0017461669506
17        0.00230834752981
18        0.00228279386712
19        0.003066439523
20        0.00178023850085
21        0.00148211243612
22        0.00624361158433
23        0.00655025553663
24        0.00390119250426
25        0.00301533219761
26        0.00323679727428
27        0.00384156729131
28        0.00279386712095
29        0.00219761499148
30        0.00286201022147
31        0.00170357751278
32        0.00182282793867
33        0.00187393526405
34        0.00211243611584
35        0.00192504258944
36        0.0023339011925
37        0.00406303236797
38        0.00393526405451
39        0.00695059625213
40        0.00391822827939
41        0.00322827938671
42        0.00752129471891
43        0.00747018739353
44        0.00432708688245
45        0.00424190800681
46        0.00401192504259
47        0.00620954003407
48        0.00290459965928
49        0.0047870528109
50        0.00547700170358
51        0.00655877342419
52        0.00324531516184
53        0.00349233390119
54        0.0038926746167
55        0.00300681431005
56        0.00464224872232
57        0.00356899488927
58        0.00123509369676
59        0.00140545144804
60        0.00120102214651
61        0.00133730834753
62        0.00170357751278
63        0.00120102214651
64        0.00557921635434
65        0.00408858603066
66        0.00238500851789
67        0.00333901192504
68        0.00519591141397
69        0.00510221465077
70        0.00611584327087
71        0.00372231686542
72        0.00425042589438
73        0.00326235093697
74        0.00228279386712
75        0.00248722316865
76        0.00189097103918
77        0.00222316865417
78        0.00220613287905
79        0.00209540034072
80        0.00222316865417
81        0.00462521294719
82        0.0028534923339
83        0.00296422487223
84        0.00298126064736
85        0.00274275979557
86        0.0028534923339
87        0.00129471890971
88        0.00169505962521
89        0.00171209540034
90        0.00279386712095
91        0.00196763202726
92        0.00241908006814
93        0.00336456558773
94        0.00143100511073
95        0.0017206132879
96        0.00173764906303
97        0.00185689948893
98        0.00192504258944
99        0.00272572402044
100        0.0070528109029
101        0.00355195911414
102        0.00263202725724
103        0.00296422487223
104        0.00393526405451
105        0.00655877342419
106        0.00651618398637
107        0.00718909710392
108        0.00426746166951
109        0.00283645655877
110        0.00321976149915
111        0.00229982964225
112        0.00234241908007
113        0.00180579216354
114        0.00255536626917
115        0.0035860306644
116        0.00255536626917
117        0.00277683134583
118        0.00201873935264
119        0.00172913117547
120        0.00226575809199
121        0.00275127768313
122        0.00263202725724
123        0.00175468483816
124        0.00137989778535
125        0.00173764906303
126        0.00201873935264
127        0.0017461669506
128        0.00172913117547
129        0.00161839863714
130        0.00237649063032
131        0.00197614991482
132        0.00161839863714
133        0.00195059625213
134        0.00146507666099
135        0.00118398637138
136        0.00449744463373
137        0.00649063032368
138        0.00454855195911
139        0.00318568994889
140        0.00357751277683
141        0.00575809199319
142        0.00330494037479
143        0.00629471890971
144        0.00647359454855
145        0.00526405451448
146        0.0023339011925
147        0.0020272572402
148        0.00279386712095
149        0.0025468483816
150        0.0022402044293
151        0.00226575809199
152        0.00248722316865
153        0.00195911413969
154        0.00270868824532
155        0.00237649063032
156        0.0022402044293
157        0.00173764906303
158        0.00201873935264
159        0.00185689948893
160        0.00232538330494
161        0.00182282793867
162        0.00171209540034
163        0.00206984667802
164        0.00321124361158
165        0.00166098807496
166        0.00138841567291
167        0.00191652470187
168        0.00249574105622
169        0.0033730834753
170        0.00298977853492
171        0.00564735945486
172        0.00289608177172
173        0.005
174        0.00247870528109
175        0.00252981260647
176        0.00206984667802
177        0.00349233390119
178        0.0035860306644
179        0.00589437819421
180        0.00747870528109
181        0.00718909710392
182        0.00351788756388
183        0.00226575809199
184        0.00218909710392
185        0.00240204429302
186        0.00481260647359
187        0.00312606473595
188        0.0049063032368
189        0.00379045996593
190        0.00314310051107
191        0.00278534923339
192        0.00368824531516
193        0.00321976149915
194        0.00373935264055
195        0.00365417376491
196        0.00431856899489
197        0.00360306643952
198        0.00227427597956
199        0.00209540034072
200        0.00158432708688
201        0.00191652470187
202        0.00213798977853
203        0.0035604770017
204        0.00418228279387
205        0.00326235093697
206        0.00321124361158
207        0.00210391822828
208        0.00192504258944
209        0.00120102214651
210        0.00192504258944
211        0.0020528109029
212        0.00220613287905
213        0.00123509369676
214        0.00154173764906
215        0.00118398637138
216        0.00152470187394
217        0.00224872231687
218        0.00188245315162
219        0.00168654173765
220        0.0018398637138
221        0.00222316865417
222        0.00181431005111
223        0.00236797274276
224        0.00252981260647
225        0.00288756388416
226        0.00183134582624
227        0.00194207836457
228        0.00246166950596
229        0.0027597955707
230        0.00333901192504
231        0.00301533219761
232        0.00493185689949
233        0.00557921635434
234        0.00528109028961
235        0.00534071550256
236        0.00649063032368
237        0.00423339011925
238        0.00347529812606
239        0.00284497444634
240        0.005
241        0.00437819420784
242        0.00392674616695
243        0.00194207836457
244        0.00195911413969
245        0.00244463373083
246        0.00344122657581
247        0.00298126064736
248        0.0015332197615
249        0.00169505962521
250        0.0014139693356
251        0.00118398637138
252        0.00252981260647
253        0.00646507666099
254        0.0053066439523
255        0.003066439523
256        0.00213798977853
257        0.00170357751278
258        0.00207836456559
259        0.00280238500852
260        0.00223168654174
261        0.00189948892675
262        0.00339863713799
263        0.00276831345826
264        0.00388415672913
265        0.00485519591141
266        0.00279386712095
267        0.00234241908007
268        0.00249574105622
269        0.00282793867121
270        0.00273424190801
271        0.00226575809199
272        0.0017206132879
273        0.00176320272572
274        0.00180579216354
275        0.00194207836457
276        0.00259795570698
277        0.00458262350937
278        0.00510221465077
279        0.00443781942078
280        0.00515332197615
281        0.00397785349233
282        0.00149063032368
283        0.00121805792164
284        0.00609028960818
285        0.00278534923339
286        0.00243611584327
287        0.00314310051107
288        0.0021465076661
289        0.00271720613288
290        0.00257240204429
291        0.00357751277683
292        0.0035604770017
293        0.00250425894378
294        0.00169505962521
295        0.00118398637138
296        0.00259795570698
297        0.00431005110733
298        0.00251277683135
299        0.00239352640545
300        0.00197614991482
301        0.00160136286201
302        0.00184838160136
303        0.00172913117547
304        0.00237649063032
305        0.00235093696763
306        0.00171209540034
307        0.00151618398637
308        0.00152470187394
309        0.00143100511073
310        0.00279386712095
311        0.00206132879046
312        0.00235093696763
313        0.00261499148211
314        0.00240204429302
315        0.00191652470187
316        0.00219761499148
317        0.00201873935264
318        0.00167802385009
319        0.00293867120954
320        0.00303236797274
321        0.00327086882453
322        0.00222316865417
323        0.00183134582624
324        0.00152470187394
325        0.00182282793867
326        0.00160988074957
327        0.00178023850085
328        0.00203577512777
329        0.00239352640545
330        0.00187393526405
331        0.00169505962521
332        0.00168654173765
333        0.00212947189097
334        0.00229131175468
335        0.00247018739353
336        0.00321976149915
337        0.00281942078365
338        0.00239352640545
339        0.00326235093697
340        0.00149914821124
341        0.00302385008518
342        0.00308347529813
343        0.00317717206133
344        0.00231686541738
345        0.00212947189097
346        0.00321976149915
347        0.00315161839864
348        0.0020528109029
349        0.00154173764906
350        0.00243611584327
351        0.00300681431005
352        0.00228279386712
353        0.00212947189097
354        0.0014395229983
355        0.00115843270869
356        0.00117546848382
357        0.00131175468484
358        0.00147359454855
359        0.00163543441227
360        0.00173764906303
361        0.00228279386712
362        0.00197614991482
363        0.00196763202726
364        0.00236797274276
365        0.00112436115843
366        0.00163543441227
367        0.0020528109029
368        0.00148211243612
369        0.00189097103918
370        0.00224872231687
371        0.00148211243612
372        0.00179727427598
373        0.00261499148211
374        0.00257240204429
375        0.00284497444634
376        0.00260647359455
377        0.00357751277683
378        0.00283645655877
379        0.00154173764906
380        0.00150766609881
381        0.00161839863714
382        0.0016269165247
383        0.00125212947189
384        0.0015332197615
385        0.00152470187394
386        0.00171209540034
387        0.00167802385009
388        0.0020272572402
389        0.00218909710392
390        0.00197614991482
391        0.00128620102215
392        0.00191652470187
393        0.00225724020443
394        0.00422487223169
395        0.00279386712095
396        0.0022402044293
397        0.00333049403748
398        0.00263202725724
399        0.0037734241908
400        0.00452299829642
401        0.00625212947189
402        0.00465076660988
403        0.00462521294719
404        0.00363713798978
405        0.00300681431005
406        0.00230834752981
407        0.00227427597956
408        0.00168654173765
409        0.00565587734242
410        0.00316865417376
411        0.00625212947189
412        0.00504258943782
413        0.00517887563884
414        0.00373083475298
415        0.00475298126065
416        0.00514480408859
417        0.00403747870528
418        0.00178023850085
419        0.00244463373083
420        0.00184838160136
421        0.00312606473595
422        0.00350085178876
423        0.00287052810903
424        0.00484667802385
425        0.00253833049404
426        0.00188245315162
427        0.00345826235094
428        0.00420783645656
429        0.00351788756388
430        0.00196763202726
431        0.00283645655877
432        0.00480408858603
433        0.00492333901193
434        0.00396933560477
435        0.00295570698467
436        0.00197614991482
437        0.00178875638842
438        0.00221465076661
439        0.00260647359455
440        0.00342419080068
441        0.00229982964225
442        0.00203577512777
443        0.00249574105622
444        0.00270868824532
445        0.00267461669506
446        0.00197614991482
447        0.0017461669506
448        0.00203577512777
449        0.00197614991482
450        0.00195911413969
451        0.00125212947189
452        0.00352640545145
453        0.00741056218058
454        0.00791311754685
455        0.00470187393526
456        0.00608177172061
457        0.00374787052811
458        0.00410562180579
459        0.00584327086882
460        0.00494889267462
461        0.00278534923339
462        0.00454003407155
463        0.00267461669506
464        0.00360306643952
465        0.00410562180579
466        0.00356899488927
467        0.00252981260647
468        0.00308347529813
469        0.00291311754685
470        0.00284497444634
471        0.00182282793867
472        0.00178875638842
473        0.00195059625213
474        0.00208688245315
475        0.00267461669506
476        0.00225724020443
477        0.00321976149915
478        0.00489778534923
479        0.0055195911414
480        0.00329642248722
481        0.00275127768313
482        0.00302385008518
483        0.0020272572402
484        0.00212947189097
485        0.00407155025554
486        0.00390119250426
487        0.00282793867121
488        0.00213798977853
489        0.00270017035775
490        0.00385008517888
491        0.00313458262351
492        0.00212947189097
493        0.00235093696763
494        0.00273424190801
495        0.00243611584327
496        0.0033730834753
497        0.00452299829642
498        0.00415672913118
499        0.00770017035775
500        0.00373083475298
501        0.00343270868825
502        0.00305792163543
503        0.00278534923339
504        0.00430153321976
505        0.00361158432709
506        0.00262350936968
507        0.00216354344123
508        0.00404599659284
509        0.00408858603066
510        0.00277683134583
511        0.00230834752981
512        0.00371379897785
513        0.00268313458262
514        0.00172913117547
515        0.00199318568995
516        0.00206132879046
517        0.00182282793867
518        0.00180579216354
519        0.00197614991482
520        0.00189097103918
521        0.00183134582624
522        0.00171209540034
523        0.00255536626917
524        0.00175468483816
525        0.00190800681431
526        0.00177172061329
527        0.00247870528109
528        0.00178875638842
529        0.00186541737649
530        0.00180579216354
531        0.0020272572402
532        0.00265758091993
533        0.00185689948893
534        0.00194207836457
535        0.00178875638842
536        0.00274275979557
537        0.00471039182283
538        0.00483816013629
539        0.00407155025554
540        0.00392674616695
541        0.00431005110733
542        0.00379045996593
543        0.00454855195911
544        0.00321124361158
545        0.00494889267462
546        0.00332197614991
547        0.00276831345826
548        0.00312606473595
549        0.00401192504259
550        0.00428449744463
551        0.00369676320273
552        0.00235093696763
553        0.00296422487223
554        0.00293015332198
555        0.00165247018739
556        0.00163543441227
557        0.00166098807496
558        0.00166950596252
559        0.00332197614991
560        0.0022402044293
561        0.00595400340716
562        0.00323679727428
563        0.00418228279387
564        0.00229982964225
565        0.0020528109029
566        0.0025468483816
567        0.0022402044293
568        0.00170357751278
569        0.00189948892675
570        0.00151618398637
571        0.0013202725724
572        0.00149063032368
573        0.0016269165247
574        0.00139693356048
575        0.00220613287905
576        0.00217206132879
577        0.00332197614991
578        0.00237649063032
579        0.00178875638842
580        0.00287052810903
581        0.00264906303237
582        0.00173764906303
583        0.0018398637138
584        0.00167802385009
585        0.00126916524702
586        0.00139693356048
587        0.00206132879046
588        0.00184838160136
589        0.00155877342419
590        0.00180579216354
591        0.00198466780239
592        0.00186541737649
593        0.00293867120954
594        0.00210391822828
595        0.00198466780239
596        0.00208688245315
597        0.00243611584327
598        0.00218909710392
599        0.00160136286201
600        0.00330494037479
601        0.00227427597956
602        0.00180579216354
603        0.00250425894378
604        0.00292163543441
605        0.00176320272572
606        0.00166950596252
607        0.00195911413969
608        0.00229131175468
609        0.00152470187394
610        0.00145655877342
611        0.00143100511073
612        0.00179727427598
613        0.00161839863714
614        0.00218057921635
615        0.0020272572402
616        0.00169505962521
617        0.00125212947189
618        0.00163543441227
619        0.00169505962521
620        0.00253833049404
621        0.00303236797274
622        0.00197614991482
623        0.00190800681431
624        0.00161839863714
625        0.00150766609881
626        0.00167802385009
627        0.0018398637138
628        0.0052129471891
629        0.00480408858603
630        0.00224872231687
631        0.00172913117547
632        0.00170357751278
633        0.00560477001704
634        0.00181431005111
635        0.00180579216354
636        0.00183134582624
637        0.00152470187394
638        0.00160136286201
639        0.00159284497445
640        0.00118398637138
641        0.00137989778535
642        0.00161839863714
643        0.00184838160136
644        0.00149914821124
645        0.00126064735945
646        0.00125212947189
647        0.00136286201022
648        0.00115843270869
649        0.00137137989779
650        0.0018398637138
651        0.00186541737649
652        0.00131175468484
653        0.00117546848382
654        0.00142248722317
655        0.00142248722317
656        0.00125212947189
657        0.00118398637138
658        0.00149914821124
659        0.00160988074957
660        0.00158432708688
661        0.00172913117547
662        0.0015332197615
663        0.00173764906303
664        0.00160136286201
665        0.00166098807496
666        0.00125212947189
667        0.0015332197615
668        0.00171209540034
669        0.00407155025554
670        0.00479557069847
671        0.00508517887564
672        0.00260647359455
673        0.00666098807496
674        0.00569846678024
675        0.00180579216354
676        0.0018398637138
677        0.00176320272572
678        0.00126916524702
679        0.00178023850085
680        0.00182282793867
681        0.00344122657581
682        0.00275127768313
683        0.00305792163543
684        0.00234241908007
685        0.00208688245315
686        0.00303236797274
687        0.00447189097104
688        0.00379045996593
689        0.00457410562181
690        0.00280238500852
691        0.00271720613288
692        0.00307495741056
693        0.00430153321976
694        0.00361158432709
695        0.0032793867121
696        0.00302385008518
697        0.00305792163543
698        0.00619250425894
699        0.00528960817717
700        0.00313458262351
701        0.00323679727428
702        0.00369676320273
703        0.00187393526405
704        0.00177172061329
705        0.00155025553663
706        0.00173764906303
707        0.00201022146508
708        0.00228279386712
709        0.00310051107325
710        0.00191652470187
711        0.00608177172061
712        0.00275127768313
713        0.00225724020443
714        0.00308347529813
715        0.00467632027257
716        0.0014395229983
717        0.00402044293015
718        0.00430153321976
719        0.00298977853492
720        0.00323679727428
721        0.00166098807496
722        0.00231686541738
723        0.0017206132879
724        0.00195911413969
725        0.00270017035775
726        0.00166098807496
727        0.00126064735945
728        0.00445485519591
729        0.00264906303237
730        0.00290459965928
731        0.00330494037479
732        0.00444633730835
733        0.00284497444634
734        0.00353492333901
735        0.0055195911414
736        0.00287904599659
737        0.00307495741056
738        0.00307495741056
739        0.00382453151618
740        0.00232538330494
741        0.00262350936968
742        0.00222316865417
743        0.00132879045997
744        0.00187393526405
745        0.00281090289608
746        0.00263202725724
747        0.00231686541738
748        0.00258943781942
749        0.00316865417376
750        0.0023339011925
751        0.00248722316865
752        0.00453151618399
753        0.0045996592845
754        0.00197614991482
755        0.00178875638842
756        0.00239352640545
757        0.00238500851789
758        0.00352640545145
759        0.00229982964225
760        0.00282793867121
761        0.00189097103918
762        0.00159284497445
763        0.0016269165247
764        0.0015332197615
765        0.0017206132879
766        0.00204429301533
767        0.00223168654174
768        0.00271720613288
769        0.00207836456559
770        0.00169505962521
771        0.00158432708688
772        0.00161839863714
773        0.00146507666099
774        0.00116695059625
775        0.00206984667802
776        0.00123509369676
777        0.00143100511073
778        0.00158432708688
779        0.00135434412266
780        0.00124361158433
781        0.00235093696763
782        0.00246166950596
783        0.00241056218058
784        0.00187393526405
785        0.00173764906303
786        0.00120954003407
787        0.00149063032368
788        0.00157580919932
789        0.00160988074957
790        0.00166950596252
791        0.00171209540034
792        0.00159284497445
793        0.00194207836457
794        0.00163543441227
795        0.00252981260647
796        0.00237649063032
797        0.00216354344123
798        0.00262350936968
799        0.00239352640545
800        0.00268313458262
801        0.00218057921635
802        0.0022402044293
803        0.00130323679727
804        0.00149063032368
805        0.00146507666099
806        0.0018398637138
807        0.00177172061329
808        0.00189097103918
809        0.00224872231687
810        0.00195911413969
811        0.00213798977853
812        0.00139693356048
813        0.00171209540034
814        0.00177172061329
815        0.00149063032368
816        0.00166950596252
817        0.00161839863714
818        0.0016269165247
819        0.00241056218058
820        0.00132879045997
821        0.00116695059625
822        0.00140545144804
823        0.00176320272572
824        0.00158432708688
825        0.00152470187394
826        0.00149063032368
827        0.00177172061329
828        0.00169505962521
829        0.00225724020443
830        0.00206132879046
831        0.00223168654174
832        0.0020528109029
833        0.00127768313458
834        0.00139693356048
835        0.00204429301533
836        0.00206984667802
837        0.00261499148211
838        0.00133730834753
839        0.00147359454855
840        0.00177172061329
841        0.00137989778535
842        0.0040800681431
843        0.0032793867121
844        0.00212095400341
845        0.00190800681431
846        0.0032793867121
847        0.00380749574106
848        0.00260647359455
849        0.00182282793867
850        0.00179727427598
851        0.00207836456559
852        0.00185689948893
853        0.00184838160136
854        0.00221465076661
855        0.001933560477
856        0.00184838160136
857        0.00204429301533
858        0.00242759795571
859        0.0032538330494
860        0.00274275979557
861        0.00156729131175
862        0.0034667802385
863        0.00376490630324
864        0.00350936967632
865        0.00366269165247
866        0.00273424190801
867        0.00190800681431
868        0.00156729131175
869        0.0017206132879
870        0.00201022146508
871        0.00118398637138
872        0.00206984667802
873        0.00241908006814
874        0.00468483816014
875        0.00480408858603
876        0.00528109028961
877        0.00339011925043
878        0.00224872231687
879        0.00355195911414
880        0.00367120954003
881        0.00588586030664
882        0.0049063032368
883        0.0025468483816
884        0.00270868824532
885        0.00512776831346
886        0.00206984667802
887        0.00258943781942
888        0.00291311754685
889        0.00480408858603
890        0.0035604770017
891        0.00320272572402
892        0.00324531516184
893        0.00465076660988
894        0.00310051107325
895        0.00241908006814
896        0.00347529812606
897        0.00292163543441
898        0.00195059625213
899        0.00184838160136
900        0.00273424190801
901        0.00298126064736
902        0.00215502555366
903        0.00246166950596
904        0.00268313458262
905        0.00211243611584
906        0.00304940374787
907        0.00369676320273
908        0.0033730834753
909        0.00178875638842
910        0.00462521294719
911        0.0026405451448
912        0.00303236797274
913        0.00119250425894
914        0.00191652470187
915        0.00133730834753
916        0.00164395229983
917        0.00164395229983
918        0.00355195911414
919        0.00218909710392
920        0.0017461669506
921        0.00133730834753
922        0.0015332197615
923        0.0014139693356
924        0.0011073253833
925        0.00138841567291
926        0.00149914821124
927        0.00120102214651
928        0.00156729131175
929        0.00145655877342
930        0.00114991482112
931        0.00237649063032
932        0.00258943781942
933        0.0015332197615
934        0.00130323679727
935        0.00182282793867
936        0.0017206132879
937        0.00121805792164
938        0.00131175468484
939        0.00147359454855
940        0.00146507666099
941        0.00114991482112
942        0.00169505962521
943        0.00156729131175
944        0.00120102214651
945        0.00192504258944
946        0.00161839863714
947        0.00171209540034
948        0.00181431005111
949        0.0014395229983
950        0.00225724020443
951        0.00134582623509
952        0.00149914821124
953        0.0014139693356
954        0.00273424190801
955        0.00200170357751
956        0.00250425894378
957        0.00204429301533
958        0.00185689948893
959        0.00248722316865
960        0.00177172061329
961        0.00140545144804
962        0.00189097103918
963        0.00164395229983
964        0.00126064735945
965        0.00252981260647
966        0.00177172061329
967        0.00149914821124
968        0.00190800681431
969        0.00241908006814
970        0.0012265758092
971        0.00109880749574
972        0.00109880749574
973        0.00126064735945
974        0.00149914821124
975        0.00175468483816
976        0.00179727427598
977        0.00175468483816
978        0.00126064735945
979        0.00133730834753
980        0.0015332197615
981        0.00169505962521
982        0.00173764906303
983        0.00197614991482
984        0.001933560477
985        0.00173764906303
986        0.00130323679727
987        0.00321976149915
988        0.00204429301533
989        0.00118398637138
990        0.00155025553663
991        0.00206132879046
992        0.00212095400341
993        0.00195059625213
994        0.00267461669506
995        0.00492333901193
996        0.00321124361158
997        0.00242759795571
998        0.00252981260647
999        0.00192504258944
1000        0.00136286201022
1001        0.00186541737649
1002        0.00183134582624
1003        0.00160136286201
1004        0.00149063032368
1005        0.00131175468484
1006        0.001933560477
1007        0.00138841567291
1008        0.00322827938671
1009        0.00270868824532
1010        0.0026660988075
1011        0.00276831345826
1012        0.00308347529813
1013        0.00171209540034
1014        0.00292163543441
1015        0.00237649063032
1016        0.00264906303237
1017        0.00166950596252
1018        0.00227427597956
1019        0.00436967632027
1020        0.00324531516184
1021        0.00109028960818
1022        0.00112436115843
1023        0.00149914821124
1024        0.0027597955707
1025        0.00237649063032
1026        0.00189948892675
1027        0.00166950596252
1028        0.0017461669506
1029        0.00252129471891
1030        0.00289608177172
1031        0.00621805792164
1032        0.00252981260647
1033        0.0035604770017
1034        0.00109880749574
1035        0.00114991482112
1036        0.00270017035775
1037        0.00187393526405
1038        0.00108177172061
1039        0.00112436115843
1040        0.00361158432709
1041        0.00220613287905
1042        0.00303236797274
1043        0.00181431005111
1044        0.00413117546848
1045        0.00208688245315
1046        0.0025468483816
1047        0.00241908006814
1048        0.00173764906303
1049        0.00366269165247
1050        0.00215502555366
1051        0.00311754684838
1052        0.00175468483816
1053        0.00149063032368
1054        0.00130323679727
1055        0.00147359454855
1056        0.00154173764906
1057        0.0015332197615
1058        0.00139693356048
1059        0.00155025553663
1060        0.00112436115843
1061        0.00131175468484
1062        0.00151618398637
1063        0.0017461669506
1064        0.00273424190801
1065        0.00172913117547
1066        0.00194207836457
1067        0.00295570698467
1068        0.00160988074957
1069        0.00255536626917
1070        0.00114991482112
1071        0.00116695059625
1072        0.00147359454855
1073        0.00217206132879
1074        0.00298977853492
1075        0.0015332197615
1076        0.00111584327087
1077        0.001132879046
1078        0.00333049403748
1079        0.00274275979557
1080        0.0029471890971
1081        0.00155025553663
1082        0.00206132879046
1083        0.00207836456559
1084        0.00121805792164
1085        0.0014139693356
1086        0.00140545144804
1087        0.00151618398637
1088        0.0017461669506
1089        0.00168654173765
1090        0.00211243611584
1091        0.00175468483816
1092        0.00212095400341
1093        0.00111584327087
1094        0.00107325383305
1095        0.00176320272572
1096        0.00134582623509
1097        0.00126064735945
1098        0.00159284497445
1099        0.00163543441227
1100        0.0015332197615
1101        0.00165247018739
1102        0.00166950596252
1103        0.00181431005111
1104        0.00151618398637
1105        0.00149063032368
1106        0.00133730834753
1107        0.00126064735945
1108        0.00154173764906
1109        0.00258943781942
1110        0.00353492333901
1111        0.00149063032368
1112        0.00219761499148
1113        0.00180579216354
1114        0.00126916524702
1115        0.00148211243612
1116        0.0034667802385
1117        0.00218057921635
1118        0.00308347529813
1119        0.00207836456559
1120        0.001933560477
1121        0.00166098807496
1122        0.00154173764906
1123        0.00120102214651
1124        0.00270017035775
1125        0.00149063032368
1126        0.00189948892675
1127        0.00130323679727
1128        0.00168654173765
1129        0.00201022146508
1130        0.00140545144804
1131        0.00199318568995
1132        0.00200170357751
1133        0.00175468483816
1134        0.00152470187394
1135        0.0016269165247
1136        0.00119250425894
1137        0.00135434412266
1138        0.00236797274276
1139        0.00185689948893
1140        0.00133730834753
1141        0.00144804088586
1142        0.00166950596252
1143        0.00218057921635
1144        0.00123509369676
1145        0.00225724020443
1146        0.00221465076661
1147        0.001132879046
1148        0.001132879046
1149        0.0013202725724
1150        0.00196763202726
1151        0.00109880749574
1152        0.00105621805792
1153        0.00275127768313
1154        0.00265758091993
1155        0.0018398637138
1156        0.00172913117547
1157        0.00156729131175
1158        0.00124361158433
1159        0.0018398637138
1160        0.00132879045997
1161        0.00155877342419
1162        0.00107325383305
1163        0.00109880749574
1164        0.00192504258944
1165        0.00158432708688
1166        0.00111584327087
1167        0.00125212947189
1168        0.00139693356048
1169        0.00155877342419
1170        0.00207836456559
1171        0.00179727427598
1172        0.00130323679727
1173        0.0011073253833
1174        0.00112436115843
