1        0.00181431005111
2        0.00277683134583
3        0.00259795570698
4        0.00231686541738
5        0.00178875638842
6        0.0112521294719
7        0.0180919931857
8        0.0165587734242
9        0.0115502555366
10        0.0113458262351
11        0.00708688245315
12        0.00684838160136
13        0.00555366269165
14        0.00366269165247
15        0.00149063032368
16        0.00228279386712
17        0.00295570698467
18        0.00330494037479
19        0.00375638841567
20        0.00252981260647
21        0.00160136286201
22        0.012129471891
23        0.01433560477
24        0.00885008517888
25        0.00539182282794
26        0.0044804088586
27        0.00833049403748
28        0.00474446337308
29        0.00380749574106
30        0.00534923339012
31        0.00293015332198
32        0.0022402044293
33        0.00281090289608
34        0.00257240204429
35        0.00468483816014
36        0.00525553662692
37        0.00833901192504
38        0.00740204429302
39        0.016933560477
40        0.00925894378194
41        0.00638841567291
42        0.0151703577513
43        0.0156984667802
44        0.0123509369676
45        0.0078534923339
46        0.0107666098807
47        0.00971890971039
48        0.00671209540034
49        0.0100255536627
50        0.0134412265758
51        0.0127001703578
52        0.00779386712095
53        0.00738500851789
54        0.00517887563884
55        0.00532367972743
56        0.0093867120954
57        0.00715502555366
58        0.00128620102215
59        0.00140545144804
60        0.00134582623509
61        0.00130323679727
62        0.00182282793867
63        0.00167802385009
64        0.0100936967632
65        0.00753833049404
66        0.0064395229983
67        0.00632879045997
68        0.00925894378194
69        0.010136286201
70        0.0140545144804
71        0.00941226575809
72        0.0101107325383
73        0.00689097103918
74        0.00331345826235
75        0.00517035775128
76        0.00357751277683
77        0.00269165247019
78        0.00215502555366
79        0.00239352640545
80        0.00538330494037
81        0.0097870528109
82        0.00365417376491
83        0.00395229982964
84        0.00580919931857
85        0.00557921635434
86        0.00676320272572
87        0.00165247018739
88        0.0020528109029
89        0.0026660988075
90        0.00421635434412
91        0.0032793867121
92        0.00293867120954
93        0.00416524701874
94        0.00168654173765
95        0.00222316865417
96        0.00201022146508
97        0.00257240204429
98        0.00284497444634
99        0.005
100        0.0105451448041
101        0.00828790459966
102        0.00511925042589
103        0.00703577512777
104        0.00945485519591
105        0.0133730834753
106        0.0131686541738
107        0.0141056218058
108        0.00792163543441
109        0.00701022146508
110        0.00600511073254
111        0.00341567291312
112        0.00328790459966
113        0.00350085178876
114        0.00341567291312
115        0.00615843270869
116        0.00418228279387
117        0.00396933560477
118        0.00311754684838
119        0.0025468483816
120        0.00282793867121
121        0.00317717206133
122        0.00278534923339
123        0.00247870528109
124        0.00166098807496
125        0.0023594548552
126        0.00240204429302
127        0.00194207836457
128        0.00217206132879
129        0.00207836456559
130        0.00314310051107
131        0.00241056218058
132        0.00206132879046
133        0.00208688245315
134        0.00203577512777
135        0.00159284497445
136        0.00807495741056
137        0.012538330494
138        0.00854344122658
139        0.00890119250426
140        0.00768313458262
141        0.0121976149915
142        0.00991482112436
143        0.010800681431
144        0.0119165247019
145        0.0106558773424
146        0.00467632027257
147        0.00481260647359
148        0.00460817717206
149        0.00502555366269
150        0.00407155025554
151        0.00336456558773
152        0.00315161839864
153        0.00302385008518
154        0.00455706984668
155        0.00333901192504
156        0.00310051107325
157        0.00236797274276
158        0.00315161839864
159        0.0028534923339
160        0.00282793867121
161        0.0020528109029
162        0.0021465076661
163        0.0020528109029
164        0.00350936967632
165        0.00224872231687
166        0.00159284497445
167        0.00273424190801
168        0.00529812606474
169        0.00632879045997
170        0.00544293015332
171        0.0125468483816
172        0.0081601362862
173        0.00743611584327
174        0.0029727427598
175        0.00351788756388
176        0.00487223168654
177        0.00824531516184
178        0.0073594548552
179        0.0103918228279
180        0.0123850085179
181        0.0125894378194
182        0.00682282793867
183        0.00446337308348
184        0.0041737649063
185        0.0038926746167
186        0.00821976149915
187        0.00663543441227
188        0.00860306643952
189        0.00664395229983
190        0.00590289608177
191        0.00467632027257
192        0.00575809199319
193        0.00457410562181
194        0.00579216354344
195        0.00612436115843
196        0.00841567291312
197        0.0043867120954
198        0.00378194207836
199        0.00269165247019
200        0.0022402044293
201        0.00238500851789
202        0.00336456558773
203        0.00571550255537
204        0.00502555366269
205        0.0041737649063
206        0.00439522998296
207        0.00271720613288
208        0.00195059625213
209        0.00172913117547
210        0.00217206132879
211        0.00243611584327
212        0.00288756388416
213        0.00147359454855
214        0.0016269165247
215        0.00148211243612
216        0.00189097103918
217        0.00335604770017
218        0.00220613287905
219        0.00192504258944
220        0.00199318568995
221        0.00241056218058
222        0.00283645655877
223        0.00301533219761
224        0.00374787052811
225        0.00342419080068
226        0.00252981260647
227        0.00269165247019
228        0.0037734241908
229        0.00642248722317
230        0.00769165247019
231        0.0067461669506
232        0.00988926746167
233        0.00956558773424
234        0.010604770017
235        0.00899488926746
236        0.0128109028961
237        0.00753833049404
238        0.00558773424191
239        0.00461669505963
240        0.00758943781942
241        0.0097870528109
242        0.00659284497445
243        0.00475298126065
244        0.00295570698467
245        0.00274275979557
246        0.00567291311755
247        0.00426746166951
248        0.0024531516184
249        0.00163543441227
250        0.00167802385009
251        0.00139693356048
252        0.00592844974446
253        0.0114821124361
254        0.0081601362862
255        0.00560477001704
256        0.00379897785349
257        0.00350936967632
258        0.00304940374787
259        0.00431005110733
260        0.00388415672913
261        0.00302385008518
262        0.00575809199319
263        0.00420783645656
264        0.00552810902896
265        0.00744463373083
266        0.00479557069847
267        0.00410562180579
268        0.00379897785349
269        0.00467632027257
270        0.00353492333901
271        0.0034667802385
272        0.00224872231687
273        0.00225724020443
274        0.00262350936968
275        0.00235093696763
276        0.00450596252129
277        0.00932708688245
278        0.00803236797274
279        0.0082793867121
280        0.00955706984668
281        0.00666950596252
282        0.00160136286201
283        0.00139693356048
284        0.0109454855196
285        0.00497444633731
286        0.00467632027257
287        0.00667802385009
288        0.00310051107325
289        0.00309199318569
290        0.00453151618399
291        0.00649063032368
292        0.00802385008518
293        0.0029471890971
294        0.00184838160136
295        0.00203577512777
296        0.00525553662692
297        0.00579216354344
298        0.00510221465077
299        0.00314310051107
300        0.0031601362862
301        0.00207836456559
302        0.0021465076661
303        0.00229982964225
304        0.00340715502555
305        0.0029471890971
306        0.00197614991482
307        0.00194207836457
308        0.0017461669506
309        0.00145655877342
310        0.00687393526405
311        0.00237649063032
312        0.00465076660988
313        0.00450596252129
314        0.00428449744463
315        0.00236797274276
316        0.00328790459966
317        0.00264906303237
318        0.00179727427598
319        0.00484667802385
320        0.00516183986371
321        0.00482964224872
322        0.00252981260647
323        0.00256388415673
324        0.00189948892675
325        0.00221465076661
326        0.00197614991482
327        0.00222316865417
328        0.00263202725724
329        0.00383304940375
330        0.00231686541738
331        0.00230834752981
332        0.00249574105622
333        0.00252981260647
334        0.00368824531516
335        0.00320272572402
336        0.00374787052811
337        0.0046933560477
338        0.00405451448041
339        0.00426746166951
340        0.00210391822828
341        0.00362862010221
342        0.00393526405451
343        0.00450596252129
344        0.00334752981261
345        0.00327086882453
346        0.0039863713799
347        0.00414821124361
348        0.00225724020443
349        0.00192504258944
350        0.00372231686542
351        0.00384156729131
352        0.003066439523
353        0.00333901192504
354        0.00209540034072
355        0.00117546848382
356        0.00120954003407
357        0.00124361158433
358        0.00169505962521
359        0.00230834752981
360        0.00241056218058
361        0.00287052810903
362        0.00209540034072
363        0.00237649063032
364        0.00308347529813
365        0.00147359454855
366        0.0017461669506
367        0.00229982964225
368        0.00169505962521
369        0.00238500851789
370        0.00252129471891
371        0.00166950596252
372        0.00189097103918
373        0.00336456558773
374        0.00373935264055
375        0.00462521294719
376        0.0034667802385
377        0.00707836456559
378        0.00589437819421
379        0.00179727427598
380        0.00189948892675
381        0.00212095400341
382        0.00200170357751
383        0.00131175468484
384        0.00196763202726
385        0.00189948892675
386        0.00195059625213
387        0.00225724020443
388        0.00278534923339
389        0.00315161839864
390        0.0027597955707
391        0.00190800681431
392        0.00248722316865
393        0.00519591141397
394        0.00859454855196
395        0.00351788756388
396        0.00362862010221
397        0.00786201022147
398        0.00594548551959
399        0.00632879045997
400        0.0107325383305
401        0.0149148211244
402        0.0110902896082
403        0.011132879046
404        0.00717206132879
405        0.00596252129472
406        0.00443781942078
407        0.00343270868825
408        0.00299829642249
409        0.0099063032368
410        0.00895229982964
411        0.0152896081772
412        0.011660988075
413        0.0100255536627
414        0.0106899488927
415        0.00711243611584
416        0.00959114139693
417        0.00985519591141
418        0.00505962521295
419        0.00382453151618
420        0.00574105621806
421        0.00655877342419
422        0.00579216354344
423        0.00755536626917
424        0.00921635434412
425        0.00586882453152
426        0.00463373083475
427        0.00548551959114
428        0.008066439523
429        0.00729982964225
430        0.00544293015332
431        0.00549403747871
432        0.00734241908007
433        0.00850936967632
434        0.00782793867121
435        0.00432708688245
436        0.00255536626917
437        0.00248722316865
438        0.00310051107325
439        0.00441226575809
440        0.00437819420784
441        0.00310902896082
442        0.00239352640545
443        0.00313458262351
444        0.00373935264055
445        0.0032538330494
446        0.00289608177172
447        0.00206132879046
448        0.0023339011925
449        0.00260647359455
450        0.00201022146508
451        0.00165247018739
452        0.00856899488927
453        0.0144463373083
454        0.0166865417376
455        0.0143185689949
456        0.00993185689949
457        0.00704429301533
458        0.00716354344123
459        0.0117717206133
460        0.00946337308348
461        0.00635434412266
462        0.00916524701874
463        0.00715502555366
464        0.00912265758092
465        0.00901192504259
466        0.00603066439523
467        0.0034667802385
468        0.00666098807496
469        0.00427597955707
470        0.00488926746167
471        0.00308347529813
472        0.00278534923339
473        0.00362862010221
474        0.00271720613288
475        0.00491482112436
476        0.00353492333901
477        0.00495741056218
478        0.0114310051107
479        0.0101703577513
480        0.00741908006814
481        0.00499148211244
482        0.00703577512777
483        0.00473594548552
484        0.00462521294719
485        0.00687393526405
486        0.00602214650767
487        0.00565587734242
488        0.0035860306644
489        0.00418228279387
490        0.00600511073254
491        0.0065332197615
492        0.00399488926746
493        0.00356899488927
494        0.00474446337308
495        0.0035604770017
496        0.0104599659284
497        0.0123679727428
498        0.0111669505963
499        0.0146422487223
500        0.00750425894378
501        0.00872231686542
502        0.00761499148211
503        0.00492333901193
504        0.00924190800681
505        0.00735093696763
506        0.00565587734242
507        0.00351788756388
508        0.00691652470187
509        0.00539182282794
510        0.00529812606474
511        0.00480408858603
512        0.00594548551959
513        0.00373083475298
514        0.00270868824532
515        0.00298126064736
516        0.00251277683135
517        0.00248722316865
518        0.00237649063032
519        0.00250425894378
520        0.00283645655877
521        0.00258943781942
522        0.00240204429302
523        0.00367120954003
524        0.0026405451448
525        0.00206132879046
526        0.00263202725724
527        0.00382453151618
528        0.00340715502555
529        0.00250425894378
530        0.00182282793867
531        0.00310051107325
532        0.00396081771721
533        0.00333049403748
534        0.00240204429302
535        0.0032793867121
536        0.00426746166951
537        0.0103407155026
538        0.0103833049404
539        0.00912265758092
540        0.00856899488927
541        0.0077597955707
542        0.00651618398637
543        0.00708688245315
544        0.0068398637138
545        0.00899488926746
546        0.00563884156729
547        0.00612436115843
548        0.00699318568995
549        0.00680579216354
550        0.00589437819421
551        0.00666950596252
552        0.00299829642249
553        0.00427597955707
554        0.00523850085179
555        0.00175468483816
556        0.00185689948893
557        0.00178875638842
558        0.00187393526405
559        0.00599659284497
560        0.00563884156729
561        0.0107751277683
562        0.00816865417376
563        0.00673764906303
564        0.00399488926746
565        0.00289608177172
566        0.00315161839864
567        0.00376490630324
568        0.00241908006814
569        0.00199318568995
570        0.00177172061329
571        0.00148211243612
572        0.00197614991482
573        0.00200170357751
574        0.00159284497445
575        0.00271720613288
576        0.00270868824532
577        0.00455706984668
578        0.0038926746167
579        0.00269165247019
580        0.00357751277683
581        0.0034667802385
582        0.00257240204429
583        0.00176320272572
584        0.00185689948893
585        0.00140545144804
586        0.00149063032368
587        0.00247870528109
588        0.00196763202726
589        0.0020528109029
590        0.00236797274276
591        0.00287904599659
592        0.00259795570698
593        0.00447189097104
594        0.0039863713799
595        0.00332197614991
596        0.0031601362862
597        0.00356899488927
598        0.00293015332198
599        0.00190800681431
600        0.00471890971039
601        0.00328790459966
602        0.00244463373083
603        0.00317717206133
604        0.00405451448041
605        0.00273424190801
606        0.00231686541738
607        0.00221465076661
608        0.00312606473595
609        0.00221465076661
610        0.00152470187394
611        0.00172913117547
612        0.00212095400341
613        0.00220613287905
614        0.00237649063032
615        0.00234241908007
616        0.0021465076661
617        0.00133730834753
618        0.00178023850085
619        0.00217206132879
620        0.00828790459966
621        0.0078534923339
622        0.00360306643952
623        0.00248722316865
624        0.00226575809199
625        0.00206132879046
626        0.00218057921635
627        0.00271720613288
628        0.0119250425894
629        0.00964224872232
630        0.00506814310051
631        0.00258943781942
632        0.0026405451448
633        0.0126149914821
634        0.00295570698467
635        0.0024531516184
636        0.00207836456559
637        0.00209540034072
638        0.00185689948893
639        0.00176320272572
640        0.00115843270869
641        0.00147359454855
642        0.00200170357751
643        0.00223168654174
644        0.00192504258944
645        0.00156729131175
646        0.00140545144804
647        0.00151618398637
648        0.00133730834753
649        0.00155025553663
650        0.00177172061329
651        0.00213798977853
652        0.00148211243612
653        0.00131175468484
654        0.00154173764906
655        0.00156729131175
656        0.00142248722317
657        0.00145655877342
658        0.00170357751278
659        0.00200170357751
660        0.00208688245315
661        0.0018398637138
662        0.0017461669506
663        0.00191652470187
664        0.00206984667802
665        0.00189097103918
666        0.00126916524702
667        0.00160136286201
668        0.00194207836457
669        0.00944633730835
670        0.00940374787053
671        0.0105025553663
672        0.00604770017036
673        0.0120187393526
674        0.0102214650767
675        0.00282793867121
676        0.00284497444634
677        0.00208688245315
678        0.00160988074957
679        0.00360306643952
680        0.00258091993186
681        0.00593696763203
682        0.00551107325383
683        0.00739352640545
684        0.00525553662692
685        0.00492333901193
686        0.00688245315162
687        0.0123339011925
688        0.00654173764906
689        0.00809199318569
690        0.00655025553663
691        0.0060136286201
692        0.00673764906303
693        0.0087734241908
694        0.00689097103918
695        0.00984667802385
696        0.00701873935264
697        0.00542589437819
698        0.0094804088586
699        0.010604770017
700        0.00750425894378
701        0.00617546848382
702        0.00603918228279
703        0.0022402044293
704        0.00209540034072
705        0.00215502555366
706        0.00188245315162
707        0.00210391822828
708        0.0029471890971
709        0.00356899488927
710        0.00274275979557
711        0.010996592845
712        0.00603066439523
713        0.00383304940375
714        0.00445485519591
715        0.0103918228279
716        0.00181431005111
717        0.00864565587734
718        0.006933560477
719        0.00387563884157
720        0.00454003407155
721        0.00395229982964
722        0.00367120954003
723        0.00249574105622
724        0.00315161839864
725        0.00380749574106
726        0.00228279386712
727        0.00139693356048
728        0.00718909710392
729        0.00510221465077
730        0.00388415672913
731        0.00748722316865
732        0.00923339011925
733        0.00568143100511
734        0.00758091993186
735        0.0120102214651
736        0.00525553662692
737        0.00503407155026
738        0.00545996592845
739        0.00798126064736
740        0.00379045996593
741        0.00499148211244
742        0.00416524701874
743        0.00212095400341
744        0.00280238500852
745        0.00400340715503
746        0.00407155025554
747        0.00367120954003
748        0.00623509369676
749        0.00520442930153
750        0.00421635434412
751        0.00487223168654
752        0.00748722316865
753        0.00803236797274
754        0.00258091993186
755        0.00288756388416
756        0.00376490630324
757        0.00452299829642
758        0.00355195911414
759        0.00475298126065
760        0.00446337308348
761        0.00252129471891
762        0.00286201022147
763        0.0020528109029
764        0.00236797274276
765        0.00206132879046
766        0.00290459965928
767        0.00288756388416
768        0.00402044293015
769        0.00270868824532
770        0.00223168654174
771        0.00218057921635
772        0.0017206132879
773        0.00183134582624
774        0.00152470187394
775        0.00330494037479
776        0.00130323679727
777        0.0017461669506
778        0.00154173764906
779        0.0018398637138
780        0.00134582623509
781        0.00380749574106
782        0.00293015332198
783        0.00363713798978
784        0.0023339011925
785        0.00277683134583
786        0.00138841567291
787        0.00175468483816
788        0.00187393526405
789        0.00186541737649
790        0.00179727427598
791        0.00189948892675
792        0.00212095400341
793        0.00281090289608
794        0.00240204429302
795        0.00317717206133
796        0.00274275979557
797        0.00300681431005
798        0.0032538330494
799        0.0026405451448
800        0.00310051107325
801        0.00258943781942
802        0.00293867120954
803        0.00149063032368
804        0.00152470187394
805        0.00204429301533
806        0.0023594548552
807        0.00250425894378
808        0.00319420783646
809        0.00321976149915
810        0.00284497444634
811        0.00349233390119
812        0.00140545144804
813        0.00195911413969
814        0.00194207836457
815        0.0020528109029
816        0.00237649063032
817        0.00229131175468
818        0.00243611584327
819        0.00321976149915
820        0.00161839863714
821        0.00179727427598
822        0.00210391822828
823        0.00253833049404
824        0.001933560477
825        0.00189948892675
826        0.00197614991482
827        0.00208688245315
828        0.00291311754685
829        0.00384156729131
830        0.00328790459966
831        0.00344122657581
832        0.00262350936968
833        0.00180579216354
834        0.00222316865417
835        0.00232538330494
836        0.00250425894378
837        0.00436115843271
838        0.00140545144804
839        0.00190800681431
840        0.00206132879046
841        0.00163543441227
842        0.00865417376491
843        0.00442930153322
844        0.00293867120954
845        0.00388415672913
846        0.00718909710392
847        0.00645655877342
848        0.00459114139693
849        0.00454003407155
850        0.00258091993186
851        0.00342419080068
852        0.00301533219761
853        0.0024531516184
854        0.00278534923339
855        0.00237649063032
856        0.00329642248722
857        0.00329642248722
858        0.00381601362862
859        0.00344122657581
860        0.00445485519591
861        0.00197614991482
862        0.00935264054514
863        0.00700170357751
864        0.00606473594549
865        0.00493185689949
866        0.00445485519591
867        0.00317717206133
868        0.00206984667802
869        0.00201022146508
870        0.0029727427598
871        0.00210391822828
872        0.00272572402044
873        0.0039863713799
874        0.0110477001704
875        0.00965928449744
876        0.0112606473595
877        0.00631175468484
878        0.00538330494037
879        0.00597955706985
880        0.00901192504259
881        0.0123935264055
882        0.0100596252129
883        0.00727427597956
884        0.00843270868825
885        0.0128023850085
886        0.00473594548552
887        0.00444633730835
888        0.00919931856899
889        0.011132879046
890        0.00664395229983
891        0.00767461669506
892        0.00760647359455
893        0.0109540034072
894        0.00441226575809
895        0.00430153321976
896        0.00626064735945
897        0.00441226575809
898        0.00341567291312
899        0.00274275979557
900        0.00543441226576
901        0.00516183986371
902        0.00442078364566
903        0.00344974446337
904        0.00442930153322
905        0.00452299829642
906        0.00584327086882
907        0.00812606473595
908        0.00673764906303
909        0.0026405451448
910        0.0073594548552
911        0.005
912        0.00583475298126
913        0.00224872231687
914        0.0025468483816
915        0.00137989778535
916        0.00206984667802
917        0.00251277683135
918        0.00333901192504
919        0.00302385008518
920        0.00228279386712
921        0.00150766609881
922        0.00217206132879
923        0.00155877342419
924        0.00134582623509
925        0.00163543441227
926        0.00176320272572
927        0.00133730834753
928        0.0026405451448
929        0.00201022146508
930        0.00144804088586
931        0.00371379897785
932        0.00303236797274
933        0.00215502555366
934        0.00171209540034
935        0.00249574105622
936        0.00213798977853
937        0.00144804088586
938        0.0014395229983
939        0.00160136286201
940        0.00160136286201
941        0.00131175468484
942        0.00206132879046
943        0.00176320272572
944        0.00142248722317
945        0.00190800681431
946        0.00195911413969
947        0.00184838160136
948        0.0020272572402
949        0.00182282793867
950        0.00333049403748
951        0.00192504258944
952        0.00223168654174
953        0.00160136286201
954        0.00349233390119
955        0.0025468483816
956        0.00291311754685
957        0.00321124361158
958        0.0027597955707
959        0.00332197614991
960        0.0020528109029
961        0.00178875638842
962        0.00273424190801
963        0.00195059625213
964        0.00177172061329
965        0.00298126064736
966        0.00225724020443
967        0.00158432708688
968        0.0026405451448
969        0.00317717206133
970        0.00168654173765
971        0.00114991482112
972        0.00120102214651
973        0.00180579216354
974        0.00189097103918
975        0.00225724020443
976        0.00265758091993
977        0.00228279386712
978        0.00150766609881
979        0.00140545144804
980        0.001933560477
981        0.00206132879046
982        0.00249574105622
983        0.00249574105622
984        0.00264906303237
985        0.0023339011925
986        0.00150766609881
987        0.00532367972743
988        0.0035604770017
989        0.00150766609881
990        0.00171209540034
991        0.00750425894378
992        0.00510221465077
993        0.00367120954003
994        0.00679727427598
995        0.00798977853492
996        0.00609028960818
997        0.00463373083475
998        0.00426746166951
999        0.0028534923339
1000        0.00149914821124
1001        0.00253833049404
1002        0.00248722316865
1003        0.00222316865417
1004        0.0023594548552
1005        0.00176320272572
1006        0.00459114139693
1007        0.00216354344123
1008        0.00736797274276
1009        0.00536626916525
1010        0.00624361158433
1011        0.00513628620102
1012        0.00713798977853
1013        0.00212947189097
1014        0.00839863713799
1015        0.0065332197615
1016        0.0038926746167
1017        0.00427597955707
1018        0.00431856899489
1019        0.00810051107325
1020        0.00575809199319
1021        0.00123509369676
1022        0.001132879046
1023        0.00225724020443
1024        0.00462521294719
1025        0.0032793867121
1026        0.00414821124361
1027        0.00363713798978
1028        0.00425894378194
1029        0.00500851788756
1030        0.00671209540034
1031        0.0119080068143
1032        0.00595400340716
1033        0.00810902896082
1034        0.00121805792164
1035        0.00125212947189
1036        0.00598807495741
1037        0.00298126064736
1038        0.00118398637138
1039        0.00114991482112
1040        0.00681431005111
1041        0.00566439522998
1042        0.00480408858603
1043        0.00396933560477
1044        0.0073339011925
1045        0.0029471890971
1046        0.00384156729131
1047        0.00425042589438
1048        0.00321124361158
1049        0.00770017035775
1050        0.00586030664395
1051        0.00462521294719
1052        0.00215502555366
1053        0.003066439523
1054        0.00135434412266
1055        0.00190800681431
1056        0.00179727427598
1057        0.00197614991482
1058        0.00171209540034
1059        0.00170357751278
1060        0.00146507666099
1061        0.00145655877342
1062        0.0020272572402
1063        0.00227427597956
1064        0.00281090289608
1065        0.00318568994889
1066        0.00298126064736
1067        0.00385008517888
1068        0.00247018739353
1069        0.00369676320273
1070        0.00121805792164
1071        0.00116695059625
1072        0.00240204429302
1073        0.00414821124361
1074        0.00750425894378
1075        0.00369676320273
1076        0.00123509369676
1077        0.00114991482112
1078        0.0062265758092
1079        0.00495741056218
1080        0.00756388415673
1081        0.00289608177172
1082        0.00603918228279
1083        0.00276831345826
1084        0.00144804088586
1085        0.00151618398637
1086        0.00188245315162
1087        0.0020528109029
1088        0.00195911413969
1089        0.00268313458262
1090        0.0025468483816
1091        0.00270017035775
1092        0.00394378194208
1093        0.00125212947189
1094        0.00117546848382
1095        0.00275127768313
1096        0.00147359454855
1097        0.00126064735945
1098        0.00170357751278
1099        0.00186541737649
1100        0.0020272572402
1101        0.00181431005111
1102        0.00189948892675
1103        0.00186541737649
1104        0.00173764906303
1105        0.00168654173765
1106        0.00127768313458
1107        0.0015332197615
1108        0.00196763202726
1109        0.00666098807496
1110        0.00603066439523
1111        0.00333049403748
1112        0.0052129471891
1113        0.00379897785349
1114        0.00161839863714
1115        0.00161839863714
1116        0.00506814310051
1117        0.00485519591141
1118        0.00590289608177
1119        0.00376490630324
1120        0.00229982964225
1121        0.00207836456559
1122        0.00188245315162
1123        0.00137137989779
1124        0.00545144804089
1125        0.00246166950596
1126        0.00177172061329
1127        0.0017461669506
1128        0.00223168654174
1129        0.00310051107325
1130        0.00178023850085
1131        0.00241908006814
1132        0.0026405451448
1133        0.00199318568995
1134        0.00200170357751
1135        0.00173764906303
1136        0.00155025553663
1137        0.00200170357751
1138        0.00241908006814
1139        0.00520442930153
1140        0.00288756388416
1141        0.00135434412266
1142        0.00189097103918
1143        0.00430153321976
1144        0.00138841567291
1145        0.00293015332198
1146        0.00244463373083
1147        0.00120102214651
1148        0.00109880749574
1149        0.00268313458262
1150        0.00248722316865
1151        0.00118398637138
1152        0.00119250425894
1153        0.00512776831346
1154        0.00525553662692
1155        0.00263202725724
1156        0.00301533219761
1157        0.00200170357751
1158        0.00164395229983
1159        0.00236797274276
1160        0.00160136286201
1161        0.00203577512777
1162        0.00119250425894
1163        0.00119250425894
1164        0.00336456558773
1165        0.00220613287905
1166        0.00151618398637
1167        0.00140545144804
1168        0.00166098807496
1169        0.00234241908007
1170        0.0029471890971
1171        0.00208688245315
1172        0.00143100511073
1173        0.00121805792164
1174        0.00126064735945
