1        0.991171875
2        0.9971484375
3        0.9974609375
4        0.991640625
5        0.9963671875
6        0.9965625
7        0.99671875
8        0.996953125
9        0.996796875
10        0.9971484375
11        0.9971484375
12        0.996640625
13        0.6624609375
14        0.991953125
15        0.996953125
16        0.9969921875
17        0.99671875
18        0.996953125
19        0.996875
20        0.9966015625
21        0.996953125
22        0.9969140625
23        0.996484375
24        0.9966015625
25        0.99671875
26        0.996484375
27        0.99671875
28        0.996640625
29        0.996953125
30        0.9966015625
31        0.9971875
32        0.9969140625
33        0.9965234375
34        0.9967578125
35        0.9969140625
36        0.996953125
37        0.9973828125
38        0.99703125
39        0.99703125
40        0.99703125
41        0.9967578125
42        0.997109375
43        0.996875
44        0.997109375
45        0.9966796875
46        0.9971875
47        0.9968359375
48        0.99703125
49        0.9965234375
50        0.9970703125
51        0.99703125
52        0.996796875
53        0.9962890625
54        0.9973828125
55        0.9966015625
56        0.996484375
57        0.997109375
58        0.9965234375
59        0.9969921875
60        0.9971875
61        0.996796875
62        0.996796875
63        0.996328125
64        0.996796875
65        0.9971484375
66        0.9965234375
67        0.997109375
68        0.997109375
69        0.991875
70        0.9971484375
71        0.996796875
72        0.9968359375
73        0.99609375
74        0.997265625
75        0.9965234375
76        0.996953125
77        0.997265625
78        0.9972265625
79        0.996484375
80        0.9972265625
81        0.99703125
82        0.997109375
83        0.99734375
84        0.996796875
85        0.9965625
86        0.9968359375
87        0.9966015625
88        0.9966015625
89        0.9969140625
90        0.996953125
91        0.996875
92        0.99703125
93        0.996953125
94        0.9966796875
95        0.99671875
96        0.996640625
97        0.9975
98        0.997109375
99        0.9971484375
100        0.9971875
101        0.996328125
102        0.9965234375
103        0.9975
104        0.996875
105        0.996953125
106        0.9968359375
107        0.9966015625
108        0.9969140625
109        0.9966015625
110        0.9969921875
111        0.9965625
112        0.9966015625
113        0.9971875
114        0.9974609375
115        0.996953125
116        0.996640625
117        0.9973046875
118        0.996953125
119        0.996953125
120        0.9967578125
121        0.996796875
122        0.99640625
123        0.9969921875
124        0.9276953125
125        0.996953125
126        0.996796875
127        0.9971484375
128        0.997109375
