1        0.9874609375
2        0.96734375
3        0.98828125
4        0.9098828125
5        0.9734765625
6        0.97359375
7        0.9694140625
8        0.975234375
9        0.96375
10        0.9879296875
11        0.978359375
12        0.9696875
13        0.39203125
14        0.9412890625
15        0.9866796875
16        0.9881640625
17        0.973125
18        0.9880859375
19        0.958359375
20        0.98671875
21        0.989375
22        0.987265625
23        0.988515625
24        0.987890625
25        0.9889453125
26        0.9880859375
27        0.9875
28        0.9869140625
29        0.9877734375
30        0.98703125
31        0.9886328125
32        0.988203125
33        0.98234375
34        0.9875
35        0.9876953125
36        0.987265625
37        0.98765625
38        0.9880078125
39        0.9886328125
40        0.9879296875
41        0.98296875
42        0.98984375
43        0.9887109375
44        0.98734375
45        0.9872265625
46        0.9880078125
47        0.98765625
48        0.95859375
49        0.988984375
50        0.9877734375
51        0.9885546875
52        0.9879296875
53        0.988828125
54        0.9878515625
55        0.988203125
56        0.93390625
57        0.988203125
58        0.959296875
59        0.96921875
60        0.9874609375
61        0.9874609375
62        0.986875
63        0.9879296875
64        0.9885546875
65        0.9644921875
66        0.956953125
67        0.9824609375
68        0.9872265625
69        0.9139453125
70        0.98796875
71        0.9875390625
72        0.9875390625
73        0.9877734375
74        0.98203125
75        0.9885546875
76        0.9878515625
77        0.9884765625
78        0.9880859375
79        0.987578125
80        0.98859375
81        0.9882421875
82        0.9881640625
83        0.9883203125
84        0.9873828125
85        0.9872265625
86        0.9883203125
87        0.9878125
88        0.988125
89        0.983359375
90        0.988515625
91        0.9887890625
92        0.9880078125
93        0.9887109375
94        0.987734375
95        0.988515625
96        0.9884765625
97        0.988046875
98        0.9876953125
99        0.9878515625
100        0.9872265625
101        0.9880859375
102        0.986953125
103        0.9887890625
104        0.9882421875
105        0.988125
106        0.9875
107        0.987578125
108        0.9882421875
109        0.9822265625
110        0.9888671875
111        0.98953125
112        0.9869140625
113        0.9868359375
114        0.982578125
115        0.9877734375
116        0.9872265625
117        0.988515625
118        0.98359375
119        0.9871484375
120        0.9873046875
121        0.9785546875
122        0.9876953125
123        0.989140625
124        0.7211328125
125        0.9779296875
126        0.9887109375
127        0.978203125
128        0.9874609375
