1        0.9933203125
2        0.9932421875
3        0.9937890625
4        0.9742578125
5        0.9896484375
6        0.989140625
7        0.9894921875
8        0.9941796875
9        0.9941796875
10        0.98921875
11        0.994453125
12        0.9939453125
13        0.542109375
14        0.9642578125
15        0.9942578125
16        0.9939453125
17        0.9884375
18        0.9936328125
19        0.9936328125
20        0.9939453125
21        0.9940625
22        0.9941796875
23        0.99359375
24        0.9939453125
25        0.9938671875
26        0.99359375
27        0.99359375
28        0.993671875
29        0.994296875
30        0.994453125
31        0.993828125
32        0.9937109375
33        0.993828125
34        0.9946484375
35        0.99359375
36        0.9946484375
37        0.99390625
38        0.9941796875
39        0.993828125
40        0.9939453125
41        0.993828125
42        0.99375
43        0.993828125
44        0.99390625
45        0.9946875
46        0.9940625
47        0.9931640625
48        0.978984375
49        0.99390625
50        0.993984375
51        0.9935546875
52        0.994375
53        0.994609375
54        0.993828125
55        0.994296875
56        0.9744921875
57        0.993203125
58        0.9940234375
59        0.994375
60        0.9939453125
61        0.9940625
62        0.9937890625
63        0.9939453125
64        0.994453125
65        0.9840234375
66        0.98375
67        0.9941015625
68        0.9942578125
69        0.973984375
70        0.98890625
71        0.9940234375
72        0.993984375
73        0.994453125
74        0.9939453125
75        0.9937890625
76        0.993203125
77        0.9933203125
78        0.9943359375
79        0.99421875
80        0.9937109375
81        0.9940625
82        0.9941015625
83        0.9932421875
84        0.993671875
85        0.9942578125
86        0.993828125
87        0.9940625
88        0.994453125
89        0.9934375
90        0.9937109375
91        0.99390625
92        0.99359375
93        0.9941015625
94        0.9934765625
95        0.9937109375
96        0.994375
97        0.9948828125
98        0.9942578125
99        0.9940234375
100        0.9947265625
101        0.993671875
102        0.993984375
103        0.9933984375
104        0.9944140625
105        0.994375
106        0.99390625
107        0.993359375
108        0.993828125
109        0.9940234375
110        0.9936328125
111        0.99375
112        0.9935546875
113        0.9936328125
114        0.993359375
115        0.9934765625
116        0.993828125
117        0.99390625
118        0.993984375
119        0.9944921875
120        0.99390625
121        0.9940234375
122        0.9933984375
123        0.9937109375
124        0.8766015625
125        0.9942578125
126        0.9938671875
127        0.9938671875
128        0.9939453125
