1        0.98015625
2        0.9559765625
3        0.9796875
4        0.9031640625
5        0.9212890625
6        0.9657421875
7        0.9309375
8        0.9458984375
9        0.966484375
10        0.9552734375
11        0.960625
12        0.9558203125
13        0.376015625
14        0.8983203125
15        0.98
16        0.9745703125
17        0.9801171875
18        0.9838671875
19        0.9508203125
20        0.985078125
21        0.984453125
22        0.984609375
23        0.9844921875
24        0.9847265625
25        0.984453125
26        0.9857421875
27        0.983515625
28        0.9854296875
29        0.984921875
30        0.985390625
31        0.9847265625
32        0.9869140625
33        0.9799609375
34        0.9841015625
35        0.9854296875
36        0.984375
37        0.9848828125
38        0.9805078125
39        0.9848828125
40        0.9842578125
41        0.9746484375
42        0.9836328125
43        0.9849609375
44        0.98578125
45        0.9799609375
46        0.9841015625
47        0.9755078125
48        0.931328125
49        0.9803515625
50        0.9837109375
51        0.9851953125
52        0.9857421875
53        0.9855078125
54        0.980390625
55        0.985546875
56        0.9221484375
57        0.9853125
58        0.956328125
59        0.9698828125
60        0.98546875
61        0.986171875
62        0.9841796875
63        0.98546875
64        0.9841796875
65        0.9270703125
66        0.950625
67        0.965859375
68        0.975625
69        0.917421875
70        0.985390625
71        0.9855078125
72        0.9848828125
73        0.98484375
74        0.9805859375
75        0.9843359375
76        0.985234375
77        0.9837109375
78        0.9844140625
79        0.98546875
80        0.9857421875
81        0.985703125
82        0.98546875
83        0.9840234375
84        0.9861328125
85        0.9860546875
86        0.984140625
87        0.978984375
88        0.98484375
89        0.984453125
90        0.9831640625
91        0.98484375
92        0.9848828125
93        0.98484375
94        0.9852734375
95        0.984765625
96        0.9843359375
97        0.9851953125
98        0.98078125
99        0.98546875
100        0.985859375
101        0.98390625
102        0.97890625
103        0.984140625
104        0.9848828125
105        0.985625
106        0.985
107        0.9855859375
108        0.9853515625
109        0.98546875
110        0.985
111        0.979453125
112        0.9842578125
113        0.98484375
114        0.98078125
115        0.9794140625
116        0.9840234375
117        0.9848828125
118        0.9856640625
119        0.986015625
120        0.9801171875
121        0.97484375
122        0.9850390625
123        0.9839453125
124        0.65921875
125        0.9806640625
126        0.985390625
127        0.9837890625
128        0.9845703125
