1        0.97109375
2        0.9664453125
3        0.9816796875
4        0.923359375
5        0.9437109375
6        0.9563671875
7        0.962578125
8        0.9681640625
9        0.9616796875
10        0.96734375
11        0.9730078125
12        0.96265625
13        0.371484375
14        0.9434375
15        0.9828515625
16        0.988125
17        0.9776171875
18        0.9871875
19        0.9537890625
20        0.986953125
21        0.9862109375
22        0.986796875
23        0.9863671875
24        0.984921875
25        0.976484375
26        0.9861328125
27        0.98515625
28        0.988125
29        0.9865625
30        0.9873828125
31        0.987265625
32        0.9862890625
33        0.987578125
34        0.9859375
35        0.982265625
36        0.9865625
37        0.986875
38        0.9865625
39        0.98578125
40        0.9858984375
41        0.97203125
42        0.9876953125
43        0.987265625
44        0.98578125
45        0.9861328125
46        0.9857421875
47        0.986796875
48        0.9619140625
49        0.9858984375
50        0.9865234375
51        0.9869921875
52        0.985859375
53        0.9872265625
54        0.9854296875
55        0.9865625
56        0.9383203125
57        0.9862109375
58        0.9669921875
59        0.9616015625
60        0.9856640625
61        0.986875
62        0.9866796875
63        0.98640625
64        0.981171875
65        0.9528125
66        0.908671875
67        0.9769921875
68        0.9860546875
69        0.9433984375
70        0.980703125
71        0.98046875
72        0.98625
73        0.98671875
74        0.9872265625
75        0.9816796875
76        0.98640625
77        0.985859375
78        0.9867578125
79        0.9875390625
80        0.9865234375
81        0.9873828125
82        0.9866015625
83        0.987421875
84        0.98609375
85        0.9878125
86        0.987578125
87        0.9856640625
88        0.9852734375
89        0.98703125
90        0.986484375
91        0.987421875
92        0.9871484375
93        0.9854296875
94        0.9870703125
95        0.986328125
96        0.986953125
97        0.98734375
98        0.9816796875
99        0.9855078125
100        0.986875
101        0.985859375
102        0.9858984375
103        0.985703125
104        0.98625
105        0.9869140625
106        0.9866796875
107        0.9868359375
108        0.9869140625
109        0.986875
110        0.9859375
111        0.9875390625
112        0.9859765625
113        0.9859375
114        0.98234375
115        0.9865625
116        0.9876171875
117        0.9860546875
118        0.9876171875
119        0.986484375
120        0.98140625
121        0.9724609375
122        0.98671875
123        0.986875
124        0.713984375
125        0.977890625
126        0.9863671875
127        0.9820703125
128        0.986328125
