1        0.9898828125
2        0.9910546875
3        0.99515625
4        0.98015625
5        0.99578125
6        0.995234375
7        0.9948828125
8        0.990703125
9        0.99515625
10        0.9955859375
11        0.9953125
12        0.995390625
13        0.6223046875
14        0.9708203125
15        0.995234375
16        0.995703125
17        0.985625
18        0.9958203125
19        0.995234375
20        0.9955078125
21        0.996015625
22        0.995078125
23        0.9955078125
24        0.9953125
25        0.994765625
26        0.9953515625
27        0.9948046875
28        0.99546875
29        0.995
30        0.9953125
31        0.99515625
32        0.995390625
33        0.9949609375
34        0.9952734375
35        0.995
36        0.994765625
37        0.995703125
38        0.994921875
39        0.9950390625
40        0.9949609375
41        0.9951171875
42        0.9951171875
43        0.99515625
44        0.9954296875
45        0.99578125
46        0.9952734375
47        0.995546875
48        0.9952734375
49        0.9957421875
50        0.99515625
51        0.9950390625
52        0.995
53        0.9950390625
54        0.994921875
55        0.9947265625
56        0.99046875
57        0.9953125
58        0.995390625
59        0.99453125
60        0.995703125
61        0.995390625
62        0.994765625
63        0.99484375
64        0.9948828125
65        0.995
66        0.9954296875
67        0.9903125
68        0.9953125
69        0.990234375
70        0.995078125
71        0.9948046875
72        0.9956640625
73        0.9948828125
74        0.9957421875
75        0.9951953125
76        0.9954296875
77        0.9958984375
78        0.9947265625
79        0.99578125
80        0.9946484375
81        0.9953125
82        0.9950390625
83        0.99453125
84        0.995078125
85        0.9952734375
86        0.9954296875
87        0.9953515625
88        0.995703125
89        0.9954296875
90        0.995546875
91        0.9956640625
92        0.99421875
93        0.99546875
94        0.995234375
95        0.9948046875
96        0.995703125
97        0.9957421875
98        0.995234375
99        0.995078125
100        0.995390625
101        0.994296875
102        0.99578125
103        0.995625
104        0.9950390625
105        0.994921875
106        0.9955078125
107        0.9953125
108        0.995390625
109        0.995390625
110        0.9956640625
111        0.9951953125
112        0.995
113        0.995
114        0.9946875
115        0.9951171875
116        0.994921875
117        0.994921875
118        0.9949609375
119        0.994921875
120        0.99546875
121        0.9948046875
122        0.9954296875
123        0.99546875
124        0.867890625
125        0.9948046875
126        0.9954296875
127        0.994765625
128        0.995859375
