1        0.59140625
2        0.6346875
3        0.7798046875
4        0.502421875
5        0.5566796875
6        0.571640625
7        0.610078125
8        0.578046875
9        0.7075390625
10        0.687421875
11        0.6259375
12        0.6637890625
13        0.1762890625
14        0.5208984375
15        0.7811328125
16        0.767421875
17        0.6583203125
18        0.8801953125
19        0.508203125
20        0.8567578125
21        0.880234375
22        0.798671875
23        0.8521875
24        0.8387109375
25        0.75109375
26        0.8608984375
27        0.8343359375
28        0.814140625
29        0.823046875
30        0.861171875
31        0.757578125
32        0.805390625
33        0.77390625
34        0.8405078125
35        0.798515625
36        0.8637109375
37        0.8567578125
38        0.7887109375
39        0.88234375
40        0.8735546875
41        0.7695703125
42        0.8823046875
43        0.871328125
44        0.8366015625
45        0.8362890625
46        0.7955859375
47        0.7857421875
48        0.6498046875
49        0.7715234375
50        0.83203125
51        0.87203125
52        0.8295703125
53        0.825546875
54        0.820703125
55        0.8823828125
56        0.5348046875
57        0.88375
58        0.595078125
59        0.6658984375
60        0.85984375
61        0.865703125
62        0.8346875
63        0.82125
64        0.78703125
65        0.556328125
66        0.5658984375
67        0.7133203125
68        0.73765625
69        0.5490234375
70        0.7925390625
71        0.8405859375
72        0.8778515625
73        0.86703125
74        0.8156640625
75        0.7971484375
76        0.848984375
77        0.878828125
78        0.86921875
79        0.847265625
80        0.8387890625
81        0.875234375
82        0.87125
83        0.82265625
84        0.8848046875
85        0.879140625
86        0.82578125
87        0.8459765625
88        0.883515625
89        0.7607421875
90        0.867890625
91        0.8466796875
92        0.8610546875
93        0.8250390625
94        0.76515625
95        0.790859375
96        0.878203125
97        0.873359375
98        0.7277734375
99        0.8644140625
100        0.8428125
101        0.8347265625
102        0.8615625
103        0.8412890625
104        0.8812890625
105        0.8519921875
106        0.85125
107        0.8491015625
108        0.81640625
109        0.8204296875
110        0.865078125
111        0.8388671875
112        0.8374609375
113        0.853984375
114        0.7751953125
115        0.78484375
116        0.859375
117        0.8664453125
118        0.8532421875
119        0.8414453125
120        0.85234375
121        0.717109375
122        0.853828125
123        0.7443359375
124        0.3085546875
125        0.6723046875
126        0.8353515625
127        0.762421875
128        0.8307421875
