1        0.9980859375
2        0.997890625
3        0.997578125
4        0.997734375
5        0.9983203125
6        0.9975390625
7        0.9975390625
8        0.9978515625
9        0.9976171875
10        0.997890625
11        0.9975390625
12        0.997421875
13        0.8112109375
14        0.997734375
15        0.997265625
16        0.9978515625
17        0.9978515625
18        0.9977734375
19        0.9973046875
20        0.99765625
21        0.997734375
22        0.9977734375
23        0.9976953125
24        0.9977734375
25        0.997578125
26        0.998046875
27        0.99765625
28        0.9979296875
29        0.9978515625
30        0.998046875
31        0.9980078125
32        0.997734375
33        0.9978125
34        0.9972265625
35        0.997890625
36        0.9977734375
37        0.9974609375
38        0.9981640625
39        0.99828125
40        0.9977734375
41        0.9976953125
42        0.99828125
43        0.997578125
44        0.9978125
45        0.9978125
46        0.9978515625
47        0.9977734375
48        0.9975
49        0.9977734375
50        0.9977734375
51        0.9976953125
52        0.998046875
53        0.99765625
54        0.997890625
55        0.9979296875
56        0.997734375
57        0.9977734375
58        0.99765625
59        0.99765625
60        0.9972265625
61        0.9976171875
62        0.9973828125
63        0.9976171875
64        0.997890625
65        0.9979296875
66        0.9974609375
67        0.997578125
68        0.9981640625
69        0.9981640625
70        0.9983203125
71        0.9978515625
72        0.9973046875
73        0.9980078125
74        0.9977734375
75        0.9975390625
76        0.9977734375
77        0.998125
78        0.9979296875
79        0.9978515625
80        0.99796875
81        0.9973828125
82        0.9974609375
83        0.997890625
84        0.9978125
85        0.997578125
86        0.997421875
87        0.99796875
88        0.99765625
89        0.9978125
90        0.998125
91        0.998203125
92        0.998125
93        0.9980859375
94        0.9981640625
95        0.99765625
96        0.998046875
97        0.99765625
98        0.9976171875
99        0.9973046875
100        0.997578125
101        0.9978125
102        0.99734375
103        0.9979296875
104        0.9978125
105        0.9977734375
106        0.9973828125
107        0.9978515625
108        0.9976953125
109        0.9975
110        0.9975390625
111        0.9981640625
112        0.9978125
113        0.9978125
114        0.997890625
115        0.9980859375
116        0.9976953125
117        0.9975390625
118        0.9974609375
119        0.998203125
120        0.9975390625
121        0.9981640625
122        0.997890625
123        0.997890625
124        0.9531640625
125        0.998046875
126        0.9974609375
127        0.9979296875
128        0.9980078125
