1        0.813046875
2        0.8411328125
3        0.9059375
4        0.76328125
5        0.7701953125
6        0.8098046875
7        0.81578125
8        0.8072265625
9        0.870078125
10        0.8651953125
11        0.84078125
12        0.84546875
13        0.2316796875
14        0.71640625
15        0.922890625
16        0.882734375
17        0.8751953125
18        0.950625
19        0.7593359375
20        0.947421875
21        0.9464453125
22        0.9343359375
23        0.937421875
24        0.9498828125
25        0.8630859375
26        0.945390625
27        0.9358203125
28        0.9219140625
29        0.9270703125
30        0.939453125
31        0.936953125
32        0.91671875
33        0.8937109375
34        0.9413671875
35        0.936796875
36        0.9487890625
37        0.9413671875
38        0.91265625
39        0.9493359375
40        0.9468359375
41        0.9058984375
42        0.9483203125
43        0.94296875
44        0.9437109375
45        0.9419140625
46        0.936640625
47        0.9344140625
48        0.81609375
49        0.908828125
50        0.9420703125
51        0.950078125
52        0.948671875
53        0.9452734375
54        0.939296875
55        0.9479296875
56        0.7742578125
57        0.951484375
58        0.828046875
59        0.83390625
60        0.9451171875
61        0.94
62        0.9463671875
63        0.930703125
64        0.9275
65        0.7257421875
66        0.8137890625
67        0.885859375
68        0.9075390625
69        0.8033984375
70        0.907890625
71        0.9365625
72        0.94921875
73        0.950859375
74        0.9407421875
75        0.9341796875
76        0.945625
77        0.9487109375
78        0.94953125
79        0.9408203125
80        0.952578125
81        0.939296875
82        0.9410546875
83        0.941796875
84        0.9495703125
85        0.950078125
86        0.93953125
87        0.9309375
88        0.9494921875
89        0.902734375
90        0.94890625
91        0.938359375
92        0.950859375
93        0.945546875
94        0.899921875
95        0.9416796875
96        0.9498828125
97        0.95015625
98        0.875234375
99        0.945546875
100        0.951484375
101        0.947421875
102        0.9335546875
103        0.94109375
104        0.946875
105        0.949921875
106        0.9465625
107        0.9445703125
108        0.9451171875
109        0.934921875
110        0.9409765625
111        0.9258203125
112        0.93109375
113        0.9372265625
114        0.9355859375
115        0.9142578125
116        0.947421875
117        0.950078125
118        0.9446875
119        0.94140625
120        0.93453125
121        0.8924609375
122        0.9502734375
123        0.921875
124        0.433359375
125        0.847265625
126        0.9315625
127        0.879609375
128        0.948359375
