1        0.946015625
2        0.9342578125
3        0.9686328125
4        0.8911328125
5        0.885859375
6        0.924453125
7        0.9099609375
8        0.90640625
9        0.9434375
10        0.939453125
11        0.930625
12        0.900078125
13        0.3545703125
14        0.8639453125
15        0.9739453125
16        0.9635546875
17        0.94375
18        0.977421875
19        0.8905859375
20        0.9786328125
21        0.977890625
22        0.9791796875
23        0.977265625
24        0.97328125
25        0.954140625
26        0.9793359375
27        0.9641015625
28        0.9754296875
29        0.97796875
30        0.9779296875
31        0.9728515625
32        0.9773828125
33        0.9728125
34        0.9784375
35        0.97953125
36        0.97875
37        0.97734375
38        0.9719140625
39        0.9778515625
40        0.9784375
41        0.9788671875
42        0.977109375
43        0.978828125
44        0.97734375
45        0.9784765625
46        0.963515625
47        0.979609375
48        0.8882421875
49        0.9786328125
50        0.9725
51        0.9799609375
52        0.979296875
53        0.9783984375
54        0.978671875
55        0.9796875
56        0.871640625
57        0.97859375
58        0.9212109375
59        0.9401953125
60        0.9783984375
61        0.978203125
62        0.9780859375
63        0.9786328125
64        0.9790625
65        0.8996484375
66        0.907109375
67        0.9644921875
68        0.9629296875
69        0.8820703125
70        0.9641796875
71        0.9790625
72        0.9766796875
73        0.978515625
74        0.9732421875
75        0.9732421875
76        0.9791015625
77        0.979140625
78        0.97796875
79        0.9778515625
80        0.976796875
81        0.9787890625
82        0.978125
83        0.9733984375
84        0.97703125
85        0.9780078125
86        0.973203125
87        0.978203125
88        0.9762890625
89        0.965078125
90        0.9769140625
91        0.97828125
92        0.977578125
93        0.97640625
94        0.968984375
95        0.9788671875
96        0.9780859375
97        0.9790625
98        0.9620703125
99        0.9771875
100        0.97734375
101        0.9777734375
102        0.9730859375
103        0.9771484375
104        0.9790234375
105        0.9785546875
106        0.978515625
107        0.9772265625
108        0.9784765625
109        0.9782421875
110        0.977734375
111        0.978671875
112        0.9765234375
113        0.9795703125
114        0.9716796875
115        0.968984375
116        0.978125
117        0.9787109375
118        0.9782421875
119        0.9684765625
120        0.972578125
121        0.9547265625
122        0.976796875
123        0.9725
124        0.6109375
125        0.9108984375
126        0.97734375
127        0.963984375
128        0.9790625
