1        0.9938671875
2        0.9946484375
3        0.99484375
4        0.97984375
5        0.983984375
6        0.9944921875
7        0.994375
8        0.9794140625
9        0.9937109375
10        0.99421875
11        0.994453125
12        0.994296875
13        0.5276953125
14        0.98015625
15        0.9945703125
16        0.99453125
17        0.994296875
18        0.9939453125
19        0.9944921875
20        0.9939453125
21        0.9953515625
22        0.9940625
23        0.9941796875
24        0.994296875
25        0.9940234375
26        0.9940234375
27        0.9951953125
28        0.9939453125
29        0.99375
30        0.9937890625
31        0.9941015625
32        0.9939453125
33        0.9937890625
34        0.99484375
35        0.995234375
36        0.9943359375
37        0.994453125
38        0.9948828125
39        0.994609375
40        0.9946484375
41        0.994921875
42        0.993671875
43        0.994375
44        0.9945703125
45        0.994296875
46        0.994609375
47        0.9942578125
48        0.9796484375
49        0.994609375
50        0.994609375
51        0.9951953125
52        0.9944921875
53        0.993984375
54        0.9945703125
55        0.9944140625
56        0.969765625
57        0.9948046875
58        0.9940234375
59        0.9945703125
60        0.99359375
61        0.99375
62        0.99453125
63        0.99453125
64        0.99390625
65        0.9894921875
66        0.9944921875
67        0.984375
68        0.994921875
69        0.984609375
70        0.9943359375
71        0.9948828125
72        0.9946484375
73        0.995
74        0.9940234375
75        0.9941015625
76        0.9946875
77        0.99421875
78        0.994140625
79        0.9942578125
80        0.9942578125
81        0.9937109375
82        0.994296875
83        0.99421875
84        0.9937890625
85        0.9943359375
86        0.994140625
87        0.9941015625
88        0.994921875
89        0.994296875
90        0.9937890625
91        0.9949609375
92        0.99453125
93        0.9940625
94        0.9940234375
95        0.9946484375
96        0.9943359375
97        0.993828125
98        0.995
99        0.9941796875
100        0.99375
101        0.993984375
102        0.995
103        0.9955859375
104        0.99421875
105        0.99484375
106        0.9943359375
107        0.9944921875
108        0.9941796875
109        0.9940625
110        0.994921875
111        0.9940234375
112        0.9944921875
113        0.9937109375
114        0.99453125
115        0.994375
116        0.9944140625
117        0.99453125
118        0.9946484375
119        0.99421875
120        0.994453125
121        0.9943359375
122        0.9947265625
123        0.9941796875
124        0.841953125
125        0.993828125
126        0.994609375
127        0.9948828125
128        0.994609375
