1        0.9527734375
2        0.9178125
3        0.9771484375
4        0.8694921875
5        0.909609375
6        0.9416015625
7        0.92703125
8        0.962890625
9        0.96109375
10        0.96203125
11        0.9662890625
12        0.9517578125
13        0.3359765625
14        0.8507421875
15        0.9805859375
16        0.9707421875
17        0.9426953125
18        0.98109375
19        0.9232421875
20        0.9806640625
21        0.98125
22        0.9809765625
23        0.980546875
24        0.976953125
25        0.9671484375
26        0.9816796875
27        0.9750390625
28        0.980546875
29        0.9812890625
30        0.9802734375
31        0.9807421875
32        0.98203125
33        0.9760546875
34        0.976015625
35        0.9804296875
36        0.98
37        0.9803125
38        0.9807421875
39        0.980078125
40        0.9818359375
41        0.9760546875
42        0.9801953125
43        0.98078125
44        0.9812890625
45        0.9808203125
46        0.9808984375
47        0.97984375
48        0.9042578125
49        0.97140625
50        0.9802734375
51        0.9810546875
52        0.98078125
53        0.9805859375
54        0.9800390625
55        0.9803515625
56        0.8938671875
57        0.981640625
58        0.91375
59        0.9621484375
60        0.980234375
61        0.9790234375
62        0.98234375
63        0.9821875
64        0.9715625
65        0.9181640625
66        0.9269921875
67        0.956171875
68        0.9769921875
69        0.9175390625
70        0.980234375
71        0.9821875
72        0.9817578125
73        0.974609375
74        0.9770703125
75        0.981796875
76        0.9803125
77        0.9815625
78        0.9812109375
79        0.9801171875
80        0.9807421875
81        0.9802734375
82        0.9797265625
83        0.98015625
84        0.981015625
85        0.981875
86        0.9827734375
87        0.9800390625
88        0.981328125
89        0.98171875
90        0.9803125
91        0.980703125
92        0.9808984375
93        0.9823828125
94        0.9759375
95        0.9825390625
96        0.9814453125
97        0.9812890625
98        0.9694921875
99        0.9815625
100        0.9739453125
101        0.976171875
102        0.9809375
103        0.980546875
104        0.9803125
105        0.9781640625
106        0.980625
107        0.97671875
108        0.9795703125
109        0.9812890625
110        0.979765625
111        0.9812890625
112        0.9753125
113        0.9792578125
114        0.9754296875
115        0.9805078125
116        0.981640625
117        0.9823046875
118        0.9765625
119        0.9819921875
120        0.9801953125
121        0.970234375
122        0.9812890625
123        0.9715625
124        0.5887890625
125        0.9473046875
126        0.98171875
127        0.9766015625
128        0.9813671875
