1        0.977109375
2        0.97734375
3        0.9925
4        0.977421875
5        0.977109375
6        0.9819921875
7        0.9778125
8        0.986796875
9        0.987421875
10        0.975859375
11        0.991640625
12        0.98703125
13        0.526640625
14        0.9533984375
15        0.9923828125
16        0.9916796875
17        0.991875
18        0.9919140625
19        0.95171875
20        0.99203125
21        0.9911328125
22        0.991328125
23        0.9915625
24        0.9919921875
25        0.9916796875
26        0.99203125
27        0.9918359375
28        0.9921875
29        0.9913671875
30        0.9921484375
31        0.9911328125
32        0.99125
33        0.991796875
34        0.9907421875
35        0.9918359375
36        0.9915234375
37        0.991796875
38        0.9915625
39        0.9921875
40        0.99265625
41        0.991953125
42        0.99203125
43        0.99203125
44        0.9919140625
45        0.992109375
46        0.991875
47        0.99171875
48        0.98140625
49        0.9908203125
50        0.99171875
51        0.9913671875
52        0.9916796875
53        0.9918359375
54        0.99171875
55        0.9910546875
56        0.9479296875
57        0.9922265625
58        0.9869921875
59        0.9869921875
60        0.9917578125
61        0.9920703125
62        0.9933984375
63        0.9924609375
64        0.991953125
65        0.976796875
66        0.97203125
67        0.9911328125
68        0.99140625
69        0.962890625
70        0.991171875
71        0.99171875
72        0.991328125
73        0.991953125
74        0.9916015625
75        0.9926953125
76        0.9926171875
77        0.9915625
78        0.991796875
79        0.991640625
80        0.9916015625
81        0.9923828125
82        0.9921484375
83        0.991953125
84        0.991875
85        0.992265625
86        0.9919921875
87        0.9918359375
88        0.9911328125
89        0.9910546875
90        0.9921875
91        0.992265625
92        0.991953125
93        0.9925
94        0.99265625
95        0.990546875
96        0.9915234375
97        0.9917578125
98        0.991171875
99        0.9928125
100        0.99234375
101        0.991640625
102        0.992421875
103        0.99125
104        0.9923828125
105        0.9916796875
106        0.99140625
107        0.991953125
108        0.9926171875
109        0.991328125
110        0.99171875
111        0.991796875
112        0.9913671875
113        0.99125
114        0.9918359375
115        0.9918359375
116        0.991875
117        0.9921484375
118        0.991328125
119        0.991484375
120        0.992109375
121        0.9915625
122        0.991796875
123        0.9917578125
124        0.6978515625
125        0.98671875
126        0.9916796875
127        0.992109375
128        0.992265625
