1        0.200750551876
2        0.110143487859
3        0.130452538631
4        0.157207505519
5        0.044238410596
6        0.310816777042
7        0.239580573951
8        0.0082229580574
9        0.0534326710817
10        0.132969094923
11        0.132218543046
12        0.0834988962472
13        0.223774834437
14        0.226225165563
15        0.0186092715232
16        0.0626710816777
17        0.0712472406181
18        0.0752097130243
19        0.033233995585
20        0.0164238410596
21        0.0145584988962
22        0.0143818984547
23        0.02293598234
24        0.170618101545
25        0.143554083885
26        0.140485651214
27        0.216964679912
28        0.209768211921
29        0.159845474614
30        0.138465783664
31        0.1496799117
32        0.131081677704
33        0.182858719647
34        0.0859602649007
35        0.052527593819
36        0.171843267108
37        0.113476821192
38        0.132130242826
39        0.211357615894
40        0.130408388521
41        0.132417218543
42        0.177152317881
43        0.103035320088
44        0.169293598234
45        0.189392935982
46        0.154701986755
47        0.139238410596
48        0.156136865342
49        0.186732891832
50        0.154194260486
51        0.0705629139073
52        0.077229580574
53        0.182649006623
54        0.0925717439294
55        0.0911258278146
56        0.0757726269316
57        0.120761589404
58        0.195849889625
59        0.212924944812
60        0.204746136865
61        0.17229580574
62        0.229205298013
63        0.199227373068
64        0.18059602649
65        0.105022075055
66        0.125088300221
67        0.101644591611
68        0.258013245033
69        0.097770419426
70        0.248013245033
71        0.0981456953642
72        0.0718432671082
73        0.155717439294
74        0.133123620309
75        0.149922737307
76        0.0808057395143
77        0.16587196468
78        0.146037527594
79        0.125386313466
80        0.213002207506
81        0.201909492274
82        0.180176600442
83        0.214602649007
84        0.197052980132
85        0.188388520971
86        0.139569536424
87        0.136346578366
88        0.232196467991
89        0.365298013245
90        0.145838852097
91        0.10908388521
92        0.157682119205
93        0.134437086093
94        0.179381898455
95        0.108134657837
96        0.205794701987
97        0.0989293598234
98        0.140121412804
99        0.18289183223
100        0.148289183223
101        0.114790286976
102        0.18357615894
103        0.190110375276
104        0.180187637969
105        0.170838852097
106        0.163863134658
107        0.160739514349
108        0.241799116998
109        0.225618101545
110        0.152328918322
111        0.169690949227
112        0.144050772627
113        0.048233995585
114        0.156567328918
115        0.106953642384
116        0.201721854305
117        0.157494481236
118        0.130441501104
119        0.125717439294
120        0.0484657836645
121        0.132825607064
122        0.231633554084
123        0.017229580574
124        0.174006622517
125        0.253973509934
126        0.145905077263
127        0.218013245033
128        0.326026490066
129        0.143752759382
130        0.171633554084
131        0.0771523178808
132        0.137560706402
133        0.134426048565
134        0.0974503311258
135        0.290982339956
136        0.288035320088
137        0.139116997792
138        0.004293598234
139        0.107218543046
140        0.164790286976
141        0.172395143488
142        0.0791059602649
143        0.272902869757
144        0.118730684327
145        0.394757174393
146        0.37944812362
147        0.391799116998
148        0.0372737306843
149        0.218874172185
150        0.132163355408
151        0.0905187637969
152        0.156302428256
153        0.384900662252
154        0.303752759382
155        0.387196467991
156        0.0702649006623
157        0.22412803532
158        0.184337748344
159        0.238796909492
160        0.174878587196
161        0.152251655629
162        0.164922737307
163        0.101490066225
164        0.228377483444
165        0.082229580574
166        0.121335540839
167        0.18789183223
168        0.168002207506
169        0.121214128035
170        0.130507726269
171        0.169856512141
172        0.166589403974
173        0.322825607064
174        0.325684326711
175        0.15917218543
176        0.351026490066
177        0.08793598234
178        0.108973509934
179        0.0576931567329
180        0.0936203090508
181        0.0913245033113
182        0.137284768212
183        0.319503311258
184        0.317991169978
185        0.215331125828
186        0.390529801325
187        0.188289183223
188        0.304161147903
189        0.0524061810155
190        0.138167770419
191        0.18793598234
192        0.05293598234
193        0.254039735099
194        0.0612913907285
195        0.125529801325
196        0.222836644592
197        0.250772626932
198        0.36119205298
199        0.199768211921
200        0.213818984547
201        0.19440397351
202        0.303267108168
203        0.15353200883
204        0.180397350993
205        0.390331125828
206        0.258476821192
207        0.279922737307
208        0.366092715232
209        0.0529580573951
210        0.157395143488
211        0.294061810155
212        0.151004415011
213        0.0910375275938
214        0.119569536424
215        0.235231788079
216        0.197251655629
217        0.237958057395
218        0.194834437086
219        0.0532781456954
220        0.340331125828
221        0.213035320088
222        0.143664459161
223        0.104591611479
224        0.186832229581
225        0.00577262693157
226        0.141114790287
227        0.393013245033
228        0.387373068433
229        0.375607064018
230        0.386048565121
231        0.387803532009
232        0.0227041942605
233        0.334492273731
234        0.0841059602649
235        0.137582781457
236        0.0941832229581
237        0.13
238        0.273796909492
239        0.163730684327
240        0.0774613686534
241        0.0928145695364
242        0.0233664459161
243        0.27119205298
244        0.145022075055
245        0.312814569536
246        0.297130242826
247        0.0709602649007
248        0.216887417219
249        0.0927041942605
250        0.101324503311
251        0.0707174392936
252        0.0651986754967
253        0.0636092715232
254        0.0534105960265
255        0.0624834437086
256        0.0669315673289
257        0.0748896247241
258        0.116169977925
259        0.17142384106
260        0.0737637969095
261        0.154415011038
262        0.049591611479
263        0.101114790287
264        0.115706401766
265        0.046114790287
266        0.103708609272
267        0.178962472406
268        0.0414459161148
269        0.200022075055
270        0.14440397351
271        0.172626931567
272        0.186799116998
273        0.224205298013
274        0.0115562913907
275        0.143013245033
276        0.137052980132
277        0.161644591611
278        0.085706401766
279        0.0816556291391
280        0.169757174393
281        0.107494481236
282        0.223388520971
283        0.107582781457
284        0.0972406181015
285        0.304580573951
286        0.217483443709
287        0.150198675497
288        0.159205298013
289        0.138896247241
290        0.134536423841
291        0.137417218543
292        0.159779249448
293        0.244701986755
294        0.142759381898
295        0.356644591611
296        0.0827814569536
297        0.204646799117
298        0.362538631347
299        0.233984547461
300        0.264470198675
301        0.0534105960265
302        0.254635761589
303        0.145529801325
304        0.225695364238
305        0.0797130242826
306        0.244271523179
307        0.0921964679912
308        0.0816777041943
309        0.168289183223
310        0.12059602649
311        0.295242825607
312        0.0996578366446
313        0.052527593819
314        0.0861589403974
315        0.0619977924945
316        0.220011037528
317        0.168134657837
318        0.171280353201
319        0.118289183223
320        0.105353200883
321        0.0791611479029
322        0.106501103753
323        0.18233995585
324        0.176556291391
325        0.0960927152318
326        0.107913907285
327        0.0967439293598
328        0.104271523179
329        0.114105960265
330        0.0613024282561
331        0.0530573951435
332        0.136821192053
333        0.0812693156733
334        0.213907284768
335        0.247218543046
336        0.179492273731
337        0.126622516556
338        0.118134657837
339        0.100231788079
340        0.0679249448124
341        0.110772626932
342        0.2206401766
343        0.148631346578
344        0.142902869757
345        0.113940397351
346        0.180077262693
347        0.178090507726
348        0.119701986755
349        0.199381898455
350        0.0465011037528
351        0.0931015452539
352        0.0817991169978
353        0.014646799117
354        0.0251103752759
355        0.100364238411
356        0.0121523178808
357        0.103443708609
358        0.043642384106
359        0.0826158940397
360        0.107196467991
361        0.0601103752759
362        0.0734437086093
363        0.131821192053
364        0.173498896247
365        0.250011037528
366        0.071710816777
367        0.0279139072848
368        0.166169977925
369        0.120220750552
370        0.237726269316
371        0.223035320088
372        0.0109050772627
373        0.168830022075
374        0.240584988962
375        0.0902097130243
376        0.332637969095
377        0.0145695364238
378        0.0722075055188
379        0.061766004415
380        0.0207836644592
381        0.236986754967
382        0.309139072848
383        0.2096799117
384        0.149735099338
385        0.108863134658
386        0.12233995585
387        0.165165562914
388        0.137814569536
389        0.256600441501
390        0.228156732892
391        0.15619205298
392        0.291059602649
393        0.085
394        0.169315673289
395        0.18766004415
396        0.116181015453
397        0.0971854304636
398        0.00243929359823
399        0.196368653422
400        0.0815011037528
401        0.180209713024
402        0.159713024283
403        0.0182781456954
404        0.139381898455
405        0.120286975717
406        0.163002207506
407        0.13082781457
408        0.393631346578
409        0.319757174393
410        0.118057395143
411        0.093587196468
412        0.216302428256
413        0.267560706402
414        0.280342163355
415        0.0451324503311
416        0.193543046358
417        0.244017660044
418        0.103741721854
419        0.108741721854
420        0.11642384106
421        0.178995584989
422        0.263123620309
423        0.073885209713
424        0.0827373068433
425        0.135110375276
426        0.385573951435
427        0.358664459161
428        0.10555187638
429        0.133730684327
430        0.125342163355
431        0.215110375276
432        0.143068432671
433        0.015055187638
434        0.178598233996
435        0.324050772627
436        0.254260485651
437        0.205794701987
438        0.130110375276
439        0.228013245033
440        0.110761589404
441        0.168112582781
442        0.163675496689
443        0.138289183223
444        0.161258278146
445        0.165662251656
446        0.0680463576159
447        0.0571854304636
448        0.0519094922737
449        0.243024282561
450        0.074591611479
451        0.240132450331
452        0.106688741722
453        0.038178807947
