1        0.628013245033
2        0.363565121413
3        0.605077262693
4        0.564050772627
5        0.266986754967
6        0.722770419426
7        0.703664459161
8        0.214139072848
9        0.424492273731
10        0.643267108168
11        0.551501103753
12        0.404823399558
13        0.647947019868
14        0.629370860927
15        0.209845474614
16        0.367527593819
17        0.389536423841
18        0.491655629139
19        0.276004415011
20        0.281357615894
21        0.192792494481
22        0.25408388521
23        0.282924944812
24        0.555629139073
25        0.489238410596
26        0.566479028698
27        0.630286975717
28        0.660143487859
29        0.478399558499
30        0.566302428256
31        0.575143487859
32        0.500618101545
33        0.564028697572
34        0.408002207506
35        0.241048565121
36        0.591622516556
37        0.504282560706
38        0.481942604857
39        0.617240618102
40        0.492317880795
41        0.530496688742
42        0.591346578366
43        0.454911699779
44        0.556158940397
45        0.621589403974
46        0.579105960265
47        0.543554083885
48        0.57417218543
49        0.614459161148
50        0.559072847682
51        0.313565121413
52        0.401291390728
53        0.579503311258
54        0.41940397351
55        0.428145695364
56        0.363841059603
57        0.474249448124
58        0.630717439294
59        0.623410596026
60        0.632097130243
61        0.56591611479
62        0.703554083885
63        0.605838852097
64        0.538355408389
65        0.39412803532
66        0.496092715232
67        0.370894039735
68        0.68587196468
69        0.408830022075
70        0.640507726269
71        0.44201986755
72        0.338962472406
73        0.569668874172
74        0.603200883002
75        0.539713024283
76        0.38972406181
77        0.599050772627
78        0.591158940397
79        0.56761589404
80        0.632373068433
81        0.631964679912
82        0.664525386313
83        0.669470198675
84        0.676169977925
85        0.660607064018
86        0.536777041943
87        0.539293598234
88        0.66619205298
89        0.723565121413
90        0.596004415011
91        0.440011037528
92        0.500927152318
93        0.583896247241
94        0.610673289183
95        0.408189845475
96        0.653399558499
97        0.494867549669
98        0.553167770419
99        0.59880794702
100        0.539271523179
101        0.492428256071
102        0.58238410596
103        0.606909492274
104        0.639050772627
105        0.625209713024
106        0.593774834437
107        0.59440397351
108        0.668642384106
109        0.677814569536
110        0.597781456954
111        0.519326710817
112        0.535971302428
113        0.307130242826
114        0.500441501104
115        0.418686534216
116        0.61733995585
117        0.567362030905
118        0.466854304636
119        0.493046357616
120        0.381225165563
121        0.451081677704
122        0.616313465784
123        0.154216335541
124        0.663741721854
125        0.692560706402
126        0.490838852097
127        0.663509933775
128        0.724039735099
129        0.498167770419
130        0.542902869757
131        0.382328918322
132        0.553973509934
133        0.486401766004
134        0.429613686534
135        0.721368653422
136        0.694878587196
137        0.535187637969
138        0.0495474613687
139        0.431876379691
140        0.617858719647
141        0.560883002208
142        0.426721854305
143        0.696997792494
144        0.501225165563
145        0.721081677704
146        0.723399558499
147        0.721578366446
148        0.266456953642
149        0.672593818985
150        0.578554083885
151        0.415949227373
152        0.619028697572
153        0.726622516556
154        0.723134657837
155        0.725662251656
156        0.345298013245
157        0.677991169978
158        0.639481236203
159        0.722836644592
160        0.56853200883
161        0.592406181015
162        0.586600441501
163        0.526214128035
164        0.675485651214
165        0.336181015453
166        0.501556291391
167        0.658002207506
168        0.570860927152
169        0.559426048565
170        0.57027593819
171        0.567008830022
172        0.583024282561
173        0.724889624724
174        0.719238410596
175        0.524602649007
176        0.72229580574
177        0.408785871965
178        0.399348785872
179        0.375805739514
180        0.354900662252
181        0.379503311258
182        0.554878587196
183        0.722494481236
184        0.722924944812
185        0.66004415011
186        0.725772626932
187        0.697715231788
188        0.7146799117
189        0.335695364238
190        0.475408388521
191        0.529072847682
192        0.346589403974
193        0.713951434879
194        0.27527593819
195        0.506611479029
196        0.632902869757
197        0.686092715232
198        0.72325607064
199        0.616501103753
200        0.663355408389
201        0.615750551876
202        0.711523178808
203        0.501578366446
204        0.585540838852
205        0.726291390728
206        0.653918322296
207        0.704050772627
208        0.725474613687
209        0.237958057395
210        0.623421633554
211        0.681324503311
212        0.589624724062
213        0.400695364238
214        0.405397350993
215        0.661721854305
216        0.636997792494
217        0.699801324503
218        0.524437086093
219        0.250154525386
220        0.721953642384
221        0.655607064018
222        0.603509933775
223        0.414911699779
224        0.57229580574
225        0.140860927152
226        0.537947019868
227        0.726556291391
228        0.724602649007
229        0.724116997792
230        0.724558498896
231        0.724624724062
232        0.147185430464
233        0.722626931567
234        0.397086092715
235        0.442792494481
236        0.459304635762
237        0.394094922737
238        0.725099337748
239        0.511158940397
240        0.534944812362
241        0.458167770419
242        0.122328918322
243        0.709922737307
244        0.626920529801
245        0.716445916115
246        0.692549668874
247        0.414911699779
248        0.665099337748
249        0.553620309051
250        0.463686534216
251        0.259812362031
252        0.277317880795
253        0.280452538631
254        0.345099337748
255        0.405960264901
256        0.313984547461
257        0.480242825607
258        0.414900662252
259        0.570629139073
260        0.321324503311
261        0.595022075055
262        0.249911699779
263        0.378013245033
264        0.4146799117
265        0.280121412804
266        0.482571743929
267        0.600529801325
268        0.312328918322
269        0.611236203091
270        0.57027593819
271        0.59472406181
272        0.664878587196
273        0.701081677704
274        0.131644591611
275        0.482792494481
276        0.566225165563
277        0.523167770419
278        0.439415011038
279        0.404878587196
280        0.581236203091
281        0.401037527594
282        0.646854304636
283        0.379470198675
284        0.38266004415
285        0.719061810155
286        0.623200883002
287        0.57119205298
288        0.569304635762
289        0.523101545254
290        0.575816777042
291        0.543167770419
292        0.610452538631
293        0.656589403974
294        0.425938189845
295        0.723785871965
296        0.369569536424
297        0.640165562914
298        0.72266004415
299        0.673498896247
300        0.712748344371
301        0.443344370861
302        0.660982339956
303        0.54825607064
304        0.626732891832
305        0.405695364238
306        0.700298013245
307        0.373874172185
308        0.394492273731
309        0.615474613687
310        0.529933774834
311        0.706445916115
312        0.498145695364
313        0.33289183223
314        0.360496688742
315        0.349558498896
316        0.668774834437
317        0.556611479029
318        0.591445916115
319        0.423267108168
320        0.47178807947
321        0.411136865342
322        0.387858719647
323        0.641114790287
324        0.605905077263
325        0.389690949227
326        0.450761589404
327        0.447527593819
328        0.413863134658
329        0.468587196468
330        0.300386313466
331        0.277075055188
332        0.597693156733
333        0.414812362031
334        0.67857615894
335        0.701158940397
336        0.579668874172
337        0.587439293598
338        0.391456953642
339        0.425408388521
340        0.400905077263
341        0.400430463576
342        0.640011037528
343        0.680761589404
344        0.497958057395
345        0.512626931567
346        0.546721854305
347        0.594746136865
348        0.49229580574
349        0.643057395143
350        0.326390728477
351        0.40082781457
352        0.461280353201
353        0.217737306843
354        0.359514348786
355        0.550507726269
356        0.245883002208
357        0.436269315673
358        0.178366445916
359        0.346721854305
360        0.447417218543
361        0.401125827815
362        0.403245033113
363        0.551158940397
364        0.541490066225
365        0.717152317881
366        0.369249448124
367        0.176302428256
368        0.555971302428
369        0.471986754967
370        0.685518763797
371        0.674415011038
372        0.12348785872
373        0.618200883002
374        0.668366445916
375        0.417373068433
376        0.726876379691
377        0.0854966887417
378        0.371236203091
379        0.358653421634
380        0.210684326711
381        0.622991169978
382        0.716324503311
383        0.679602649007
384        0.510419426049
385        0.478631346578
386        0.552527593819
387        0.633068432671
388        0.558752759382
389        0.680794701987
390        0.644966887417
391        0.623940397351
392        0.711456953642
393        0.323002207506
394        0.613189845475
395        0.671523178808
396        0.545816777042
397        0.379326710817
398        0.0318322295806
399        0.61646799117
400        0.417251655629
401        0.616600441501
402        0.591070640177
403        0.187825607064
404        0.562748344371
405        0.47944812362
406        0.611534216336
407        0.552560706402
408        0.723907284768
409        0.719503311258
410        0.51151214128
411        0.407649006623
412        0.668631346578
413        0.653598233996
414        0.699094922737
415        0.254503311258
416        0.614072847682
417        0.649878587196
418        0.45229580574
419        0.468267108168
420        0.488101545254
421        0.576766004415
422        0.703333333333
423        0.422792494481
424        0.464050772627
425        0.549602649007
426        0.724227373068
427        0.72261589404
428        0.450662251656
429        0.602803532009
430        0.390099337748
431        0.672163355408
432        0.61857615894
433        0.142362030905
434        0.555695364238
435        0.724900662252
436        0.691103752759
437        0.610982339956
438        0.569900662252
439        0.666821192053
440        0.613167770419
441        0.56114790287
442        0.603642384106
443        0.63298013245
444        0.600485651214
445        0.594249448124
446        0.401843267108
447        0.295971302428
448        0.362119205298
449        0.695088300221
450        0.425739514349
451        0.684249448124
452        0.388178807947
453        0.162086092715
