1        0.902350993377
2        0.770728476821
3        0.903697571744
4        0.87678807947
5        0.612549668874
6        0.913730684327
7        0.913520971302
8        0.755717439294
9        0.789834437086
10        0.90733995585
11        0.875419426049
12        0.797152317881
13        0.909492273731
14        0.901931567329
15        0.770573951435
16        0.827152317881
17        0.766379690949
18        0.862847682119
19        0.751490066225
20        0.740584988962
21        0.760209713024
22        0.810540838852
23        0.815386313466
24        0.843565121413
25        0.872362030905
26        0.883278145695
27        0.902637969095
28        0.903178807947
29        0.860353200883
30        0.875386313466
31        0.843013245033
32        0.850772626932
33        0.891578366446
34        0.793763796909
35        0.638454746137
36        0.878951434879
37        0.875717439294
38        0.84082781457
39        0.908178807947
40        0.839028697572
41        0.872450331126
42        0.884933774834
43        0.858774834437
44        0.889812362031
45        0.901335540839
46        0.871942604857
47        0.88059602649
48        0.86619205298
49        0.903631346578
50        0.870584988962
51        0.727748344371
52        0.819713024283
53        0.87591611479
54        0.7746799117
55        0.791810154525
56        0.628752759382
57        0.843134657837
58        0.909988962472
59        0.889944812362
60        0.900342163355
61        0.884514348786
62        0.908730684327
63        0.879039735099
64        0.860982339956
65        0.739713024283
66        0.772406181015
67        0.745342163355
68        0.91178807947
69        0.835783664459
70        0.905662251656
71        0.865993377483
72        0.675838852097
73        0.86206401766
74        0.908156732892
75        0.890971302428
76        0.803388520971
77        0.886390728477
78        0.879977924945
79        0.879415011038
80        0.901059602649
81        0.904161147903
82        0.906136865342
83        0.895066225166
84        0.902549668874
85        0.894161147903
86        0.873730684327
87        0.880717439294
88        0.905772626932
89        0.913598233996
90        0.897825607064
91        0.720750551876
92        0.856114790287
93        0.904392935982
94        0.876909492274
95        0.733068432671
96        0.897549668874
97        0.806181015453
98        0.860220750552
99        0.898013245033
100        0.875408388521
101        0.848189845475
102        0.876909492274
103        0.880739514349
104        0.885121412804
105        0.875485651214
106        0.888697571744
107        0.90261589404
108        0.913366445916
109        0.896810154525
110        0.893841059603
111        0.860816777042
112        0.839845474614
113        0.656688741722
114        0.847041942605
115        0.789006622517
116        0.907527593819
117        0.843741721854
118        0.830982339956
119        0.878796909492
120        0.744260485651
121        0.847682119205
122        0.899216335541
123        0.552119205298
124        0.898476821192
125        0.911214128035
126        0.833421633554
127        0.907803532009
128        0.912626931567
129        0.874580573951
130        0.870264900662
131        0.797141280353
132        0.879337748344
133        0.830651214128
134        0.784061810155
135        0.912803532009
136        0.91201986755
137        0.848951434879
138        0.211931567329
139        0.806997792494
140        0.902637969095
141        0.894867549669
142        0.757593818985
143        0.912030905077
144        0.866523178808
145        0.912218543046
146        0.911368653422
147        0.911567328918
148        0.484536423841
149        0.911114790287
150        0.892924944812
151        0.785253863135
152        0.895463576159
153        0.910960264901
154        0.911964679912
155        0.912715231788
156        0.753068432671
157        0.908289183223
158        0.904006622517
159        0.911346578366
160        0.894668874172
161        0.862737306843
162        0.876037527594
163        0.837527593819
164        0.911479028698
165        0.744790286976
166        0.844657836645
167        0.912439293598
168        0.883565121413
169        0.875298013245
170        0.888973509934
171        0.880772626932
172        0.89293598234
173        0.911942604857
174        0.912991169978
175        0.86293598234
176        0.912814569536
177        0.834370860927
178        0.816004415011
179        0.748984547461
180        0.743200883002
181        0.785629139073
182        0.907141280353
183        0.912671081678
184        0.913598233996
185        0.908962472406
186        0.912097130243
187        0.907549668874
188        0.911666666667
189        0.696677704194
190        0.794426048565
191        0.844668874172
192        0.633697571744
193        0.912439293598
194        0.626909492274
195        0.872847682119
196        0.907008830022
197        0.902869757174
198        0.911865342163
199        0.904028697572
200        0.906964679912
201        0.879911699779
202        0.911313465784
203        0.816456953642
204        0.904503311258
205        0.91289183223
206        0.901865342163
207        0.912505518764
208        0.912306843267
209        0.639768211921
210        0.906048565121
211        0.911401766004
212        0.906887417219
213        0.750298013245
214        0.776026490066
215        0.898013245033
216        0.911600441501
217        0.912637969095
218        0.893123620309
219        0.640982339956
220        0.912328918322
221        0.913432671082
222        0.894205298013
223        0.753068432671
224        0.895342163355
225        0.455894039735
226        0.884933774834
227        0.912075055188
228        0.911876379691
229        0.911169977925
230        0.913090507726
231        0.912439293598
232        0.367097130243
233        0.912560706402
234        0.790529801325
235        0.793697571744
236        0.834602649007
237        0.725982339956
238        0.911666666667
239        0.833145695364
240        0.871479028698
241        0.770132450331
242        0.348355408389
243        0.910011037528
244        0.913410596026
245        0.911887417219
246        0.911324503311
247        0.694624724062
248        0.900364238411
249        0.874944812362
250        0.858410596026
251        0.725838852097
252        0.731324503311
253        0.730397350993
254        0.712913907285
255        0.782207505519
256        0.711821192053
257        0.867924944812
258        0.757737306843
259        0.850088300221
260        0.635894039735
261        0.874977924945
262        0.598664459161
263        0.730684326711
264        0.790187637969
265        0.531655629139
266        0.866103752759
267        0.881688741722
268        0.689668874172
269        0.888068432671
270        0.889757174393
271        0.879988962472
272        0.912516556291
273        0.912571743929
274        0.521313465784
275        0.806766004415
276        0.899735099338
277        0.885132450331
278        0.748024282561
279        0.788874172185
280        0.893620309051
281        0.750088300221
282        0.911434878587
283        0.721037527594
284        0.771037527594
285        0.910607064018
286        0.903907284768
287        0.861556291391
288        0.854050772627
289        0.865805739514
290        0.876655629139
291        0.881368653422
292        0.866534216336
293        0.911876379691
294        0.784028697572
295        0.911832229581
296        0.779944812362
297        0.894304635762
298        0.912494481236
299        0.909150110375
300        0.910474613687
301        0.807273730684
302        0.914249448124
303        0.885220750552
304        0.899094922737
305        0.763620309051
306        0.910562913907
307        0.729271523179
308        0.793741721854
309        0.896865342163
310        0.864238410596
311        0.912715231788
312        0.874105960265
313        0.698973509934
314        0.839580573951
315        0.739525386313
316        0.911456953642
317        0.866136865342
318        0.890739514349
319        0.785772626932
320        0.797273730684
321        0.749922737307
322        0.769337748344
323        0.899735099338
324        0.895209713024
325        0.784911699779
326        0.817152317881
327        0.799613686534
328        0.741600441501
329        0.806997792494
330        0.693675496689
331        0.589823399558
332        0.90357615894
333        0.748664459161
334        0.907759381898
335        0.91201986755
336        0.885982339956
337        0.875971302428
338        0.744481236203
339        0.792969094923
340        0.740099337748
341        0.699426048565
342        0.906158940397
343        0.914050772627
344        0.7796799117
345        0.853774834437
346        0.869735099338
347        0.887527593819
348        0.857505518764
349        0.901633554084
350        0.685165562914
351        0.739757174393
352        0.86798013245
353        0.791203090508
354        0.832229580574
355        0.875452538631
356        0.709988962472
357        0.784922737307
358        0.378785871965
359        0.730816777042
360        0.796611479029
361        0.765176600442
362        0.788101545254
363        0.871026490066
364        0.856600441501
365        0.910684326711
366        0.77119205298
367        0.480386313466
368        0.857262693157
369        0.821313465784
370        0.912682119205
371        0.903719646799
372        0.34027593819
373        0.885132450331
374        0.907494481236
375        0.844536423841
376        0.911434878587
377        0.330772626932
378        0.747207505519
379        0.753818984547
380        0.613233995585
381        0.897262693157
382        0.90995584989
383        0.911236203091
384        0.868245033113
385        0.79082781457
386        0.86766004415
387        0.899624724062
388        0.893443708609
389        0.913410596026
390        0.898587196468
391        0.872229580574
392        0.911335540839
393        0.789735099338
394        0.893631346578
395        0.90908388521
396        0.87917218543
397        0.762461368653
398        0.189514348786
399        0.874823399558
400        0.72761589404
401        0.862185430464
402        0.89761589404
403        0.518432671082
404        0.866004415011
405        0.801567328918
406        0.884216335541
407        0.847582781457
408        0.911942604857
409        0.912759381898
410        0.835077262693
411        0.761600441501
412        0.905286975717
413        0.91408388521
414        0.911821192053
415        0.567207505519
416        0.907141280353
417        0.912571743929
418        0.703476821192
419        0.76770419426
420        0.752947019868
421        0.877240618102
422        0.910794701987
423        0.78385209713
424        0.776843267108
425        0.870198675497
426        0.913245033113
427        0.911931567329
428        0.801567328918
429        0.880938189845
430        0.729547461369
431        0.913785871965
432        0.883134657837
433        0.476004415011
434        0.895993377483
435        0.913167770419
436        0.905077262693
437        0.913278145695
438        0.872538631347
439        0.911125827815
440        0.894216335541
441        0.865408388521
442        0.904348785872
443        0.911556291391
444        0.907041942605
445        0.897969094923
446        0.785110375276
447        0.6643598234
448        0.793090507726
449        0.913112582781
450        0.771015452539
451        0.907472406181
452        0.725584988962
453        0.471434878587
