1        0.307075055188
2        0.169900662252
3        0.250143487859
4        0.231766004415
5        0.105717439294
6        0.415342163355
7        0.353233995585
8        0.0449889624724
9        0.0935540838852
10        0.267770419426
11        0.202571743929
12        0.0993708609272
13        0.274690949227
14        0.322505518764
15        0.0458388520971
16        0.129194260486
17        0.116578366446
18        0.132483443709
19        0.0468432671082
20        0.0341169977925
21        0.0559823399558
22        0.0416887417219
23        0.0447682119205
24        0.220441501104
25        0.222461368653
26        0.197582781457
27        0.304039735099
28        0.26995584989
29        0.230949227373
30        0.225706401766
31        0.244558498896
32        0.217671081678
33        0.285011037528
34        0.100033112583
35        0.0887086092715
36        0.271545253863
37        0.199050772627
38        0.185971302428
39        0.299834437086
40        0.202185430464
41        0.251909492274
42        0.238863134658
43        0.202991169978
44        0.228719646799
45        0.329061810155
46        0.207715231788
47        0.22417218543
48        0.256997792494
49        0.257693156733
50        0.22789183223
51        0.111754966887
52        0.121920529801
53        0.273046357616
54        0.132593818985
55        0.163079470199
56        0.144094922737
57        0.173675496689
58        0.29412803532
59        0.271843267108
60        0.306092715232
61        0.247373068433
62        0.333079470199
63        0.262362030905
64        0.216898454746
65        0.171335540839
66        0.155607064018
67        0.135629139073
68        0.371169977925
69        0.130485651214
70        0.315220750552
71        0.137350993377
72        0.113697571744
73        0.244105960265
74        0.244061810155
75        0.246931567329
76        0.11642384106
77        0.27146799117
78        0.290342163355
79        0.212770419426
80        0.319426048565
81        0.332880794702
82        0.326909492274
83        0.29642384106
84        0.29027593819
85        0.274227373068
86        0.219690949227
87        0.224591611479
88        0.320331125828
89        0.473189845475
90        0.215794701987
91        0.133763796909
92        0.226920529801
93        0.220452538631
94        0.225055187638
95        0.142152317881
96        0.273874172185
97        0.1893598234
98        0.221225165563
99        0.261633554084
100        0.21555187638
101        0.19504415011
102        0.263245033113
103        0.27270419426
104        0.249326710817
105        0.24701986755
106        0.277306843267
107        0.276247240618
108        0.372086092715
109        0.338543046358
110        0.217858719647
111        0.225331125828
112        0.232582781457
113        0.100540838852
114        0.201368653422
115        0.146401766004
116        0.302538631347
117        0.231048565121
118        0.175662251656
119        0.186578366446
120        0.10619205298
121        0.210375275938
122        0.279922737307
123        0.0255518763797
124        0.28357615894
125        0.362693156733
126        0.186556291391
127        0.343653421634
128        0.44091611479
129        0.214823399558
130        0.2296799117
131        0.163554083885
132        0.225055187638
133        0.194227373068
134        0.144768211921
135        0.416280353201
136        0.39385209713
137        0.193841059603
138        0.0122847682119
139        0.177284768212
140        0.288355408389
141        0.262593818985
142        0.155673289183
143        0.398554083885
144        0.214900662252
145        0.484381898455
146        0.474635761589
147        0.481920529801
148        0.0855960264901
149        0.285838852097
150        0.236103752759
151        0.15701986755
152        0.26298013245
153        0.480463576159
154        0.405022075055
155        0.479944812362
156        0.124293598234
157        0.350011037528
158        0.313278145695
159        0.36261589404
160        0.240463576159
161        0.239525386313
162        0.268189845475
163        0.212693156733
164        0.313719646799
165        0.11908388521
166        0.202582781457
167        0.331942604857
168        0.285805739514
169        0.195485651214
170        0.251953642384
171        0.245253863135
172        0.264105960265
173        0.460883002208
174        0.44082781457
175        0.253995584989
176        0.444768211921
177        0.155838852097
178        0.187052980132
179        0.103410596026
180        0.155684326711
181        0.149381898455
182        0.152527593819
183        0.449580573951
184        0.434503311258
185        0.303653421634
186        0.481534216336
187        0.329834437086
188        0.443222958057
189        0.0866997792494
190        0.218068432671
191        0.264867549669
192        0.108178807947
193        0.3596799117
194        0.0954966887417
195        0.201799116998
196        0.324205298013
197        0.364326710817
198        0.451335540839
199        0.309271523179
200        0.318145695364
201        0.253112582781
202        0.430110375276
203        0.213796909492
204        0.262814569536
205        0.480463576159
206        0.318543046358
207        0.388907284768
208        0.462207505519
209        0.0847792494481
210        0.28738410596
211        0.385353200883
212        0.24380794702
213        0.154701986755
214        0.158454746137
215        0.319701986755
216        0.307461368653
217        0.295463576159
218        0.253774834437
219        0.108156732892
220        0.454370860927
221        0.293300220751
222        0.264050772627
223        0.14321192053
224        0.24555187638
225        0.00852097130243
226        0.235364238411
227        0.47995584989
228        0.480309050773
229        0.479646799117
230        0.480507726269
231        0.483973509934
232        0.05793598234
233        0.432163355408
234        0.145011037528
235        0.175695364238
236        0.177671081678
237        0.168454746137
238        0.386368653422
239        0.226225165563
240        0.151611479029
241        0.133090507726
242        0.0219867549669
243        0.366490066225
244        0.270849889625
245        0.381203090508
246        0.375088300221
247        0.122649006623
248        0.312273730684
249        0.147792494481
250        0.187582781457
251        0.101843267108
252        0.0989293598234
253        0.0972737306843
254        0.110618101545
255        0.126081677704
256        0.0953752759382
257        0.154415011038
258        0.16440397351
259        0.237825607064
260        0.116280353201
261        0.234370860927
262        0.0919977924945
263        0.152836644592
264        0.135220750552
265        0.100198675497
266        0.191357615894
267        0.29325607064
268        0.0965231788079
269        0.298543046358
270        0.198068432671
271        0.220342163355
272        0.312902869757
273        0.362428256071
274        0.0142825607064
275        0.19912803532
276        0.217373068433
277        0.238046357616
278        0.117030905077
279        0.149459161148
280        0.224348785872
281        0.146721854305
282        0.329536423841
283        0.159503311258
284        0.161810154525
285        0.42766004415
286        0.27793598234
287        0.247008830022
288        0.235353200883
289        0.214006622517
290        0.242251655629
291        0.207792494481
292        0.218752759382
293        0.352803532009
294        0.163973509934
295        0.449779249448
296        0.147814569536
297        0.288344370861
298        0.468377483444
299        0.358156732892
300        0.399326710817
301        0.125463576159
302        0.362262693157
303        0.212196467991
304        0.325231788079
305        0.1546799117
306        0.363697571744
307        0.121291390728
308        0.178322295806
309        0.296357615894
310        0.238189845475
311        0.398785871965
312        0.140474613687
313        0.101401766004
314        0.112726269316
315        0.134094922737
316        0.311909492274
317        0.234701986755
318        0.275176600442
319        0.166754966887
320        0.165452538631
321        0.17004415011
322        0.184790286976
323        0.307726269316
324        0.297141280353
325        0.15385209713
326        0.195077262693
327        0.150353200883
328        0.127052980132
329        0.157924944812
330        0.113167770419
331        0.0659602649007
332        0.2596799117
333        0.137483443709
334        0.339701986755
335        0.357582781457
336        0.28178807947
337        0.295717439294
338        0.145408388521
339        0.205927152318
340        0.165993377483
341        0.148101545254
342        0.327814569536
343        0.296688741722
344        0.201401766004
345        0.156026490066
346        0.239105960265
347        0.243068432671
348        0.148388520971
349        0.310728476821
350        0.117737306843
351        0.139812362031
352        0.123664459161
353        0.0545805739514
354        0.0660927152318
355        0.176445916115
356        0.0238300220751
357        0.184547461369
358        0.0898675496689
359        0.105474613687
360        0.181876379691
361        0.10444812362
362        0.128278145695
363        0.211887417219
364        0.21729580574
365        0.389216335541
366        0.136390728477
367        0.0642052980132
368        0.259017660044
369        0.176125827815
370        0.349646799117
371        0.31798013245
372        0.0148896247241
373        0.271026490066
374        0.351203090508
375        0.163554083885
376        0.441953642384
377        0.0296026490066
378        0.0794039735099
379        0.109415011038
380        0.057174392936
381        0.33266004415
382        0.415584988962
383        0.297549668874
384        0.22591611479
385        0.187803532009
386        0.239558498896
387        0.313377483444
388        0.240894039735
389        0.377516556291
390        0.291810154525
391        0.238686534216
392        0.393112582781
393        0.112306843267
394        0.248587196468
395        0.277792494481
396        0.230055187638
397        0.152693156733
398        0.0024944812362
399        0.253454746137
400        0.142395143488
401        0.249911699779
402        0.249944812362
403        0.0455960264901
404        0.220761589404
405        0.171501103753
406        0.276059602649
407        0.229657836645
408        0.48142384106
409        0.418024282561
410        0.200607064018
411        0.122505518764
412        0.306589403974
413        0.37238410596
414        0.416070640177
415        0.0794481236203
416        0.317196467991
417        0.34004415011
418        0.180419426049
419        0.179657836645
420        0.174481236203
421        0.27766004415
422        0.374701986755
423        0.160960264901
424        0.178090507726
425        0.232637969095
426        0.48151214128
427        0.459094922737
428        0.158311258278
429        0.255529801325
430        0.180905077263
431        0.286214128035
432        0.274139072848
433        0.0320529801325
434        0.226158940397
435        0.431799116998
436        0.358068432671
437        0.285607064018
438        0.195540838852
439        0.34289183223
440        0.215342163355
441        0.26357615894
442        0.270419426049
443        0.230728476821
444        0.277516556291
445        0.241445916115
446        0.094238410596
447        0.0986865342163
448        0.118697571744
449        0.341964679912
450        0.132461368653
451        0.354867549669
452        0.159304635762
453        0.0401214128035
