1        0.2966092592592684
2        0.4125666666666825
3        0.41675555555557076
4        0.27083703703704665
5        0.5086722222222253
6        0.23478333333332893
7        0.2341981481481428
8        0.4330111111111222
9        0.5075018518518539
10        0.4122240740740876
11        0.3662185185185384
12        0.5094055555555596
13        0.4451685185185299
14        0.49798888888889503
15        0.5089444444444493
16        0.2716759259259362
17        0.4521000000000083
18        0.31081481481483153
19        0.5171592592592625
20        0.36445555555557585
21        0.2742740740740829
22        0.2995185185185367
23        0.4354907407407535
24        0.5122166666666708
25        0.45405185185186236
26        0.5049055555555622
27        0.5327962962963005
28        0.39807222222224237
29        0.22457407407406654
30        0.3275814814815004
31        0.41766296296298233
32        0.2426870370370386
33        0.37488333333335044
34        0.34742037037039175
35        0.45742222222222934
36        0.39610740740742756
37        0.46305185185185993
38        0.5129740740740765
39        0.4184129629629831
40        0.4702814814814886
41        0.46949444444445243
42        0.4650796296296387
43        0.2550222222222255
44        0.40266851851853225
45        0.2522388888888941
46        0.4394481481481611
47        0.3813740740740933
48        0.30373518518520015
49        0.25491666666666896
50        0.26676666666667087
51        0.5804703703703721
52        0.5475388888888919
53        0.3477222222222339
54        0.5920722222222222
