1        0.04013333333333202
2        0.05457592592592409
3        0.05766296296296007
4        0.03982962962962901
5        0.07453703703703143
6        0.03468148148147974
7        0.035425925925924515
8        0.057338888888885026
9        0.07226666666666122
10        0.05500555555555311
11        0.04820185185185209
12        0.07327407407406814
13        0.06213703703703293
14        0.07143888888888332
15        0.0749814814814748
16        0.03876666666666654
17        0.061349999999995804
18        0.042092592592592265
19        0.07609259259258694
20        0.049101851851851896
21        0.03986481481481432
22        0.041416666666666956
23        0.0588703703703674
24        0.07275925925925344
25        0.061387037037033056
26        0.07243148148147582
27        0.08038333333332745
28        0.05303148148148032
29        0.034237037037035435
30        0.04507222222222233
31        0.05572407407407198
32        0.03602592592592511
33        0.05189629629629574
34        0.04611111111111115
35        0.0635240740740696
36        0.052107407407407116
37        0.06212962962962574
38        0.07401666666666061
39        0.05498703703703521
40        0.06501296296295848
41        0.06479444444443978
42        0.06209259259258821
43        0.03647592592592431
44        0.052007407407406336
45        0.035403703703702424
46        0.05861481481481173
47        0.05054999999999996
48        0.04037592592592511
49        0.0347370370370348
50        0.0372407407407391
51        0.10587592592592109
52        0.08382222222221672
53        0.0450018518518505
54        0.11636851851851421
