1        0.02272777777777295
2        0.025083333333328173
3        0.025461111111105862
4        0.022283333333328367
5        0.028661111111107283
6        0.021757407407402726
7        0.021672222222217426
8        0.02588518518518027
9        0.028707407407403594
10        0.025275925925920758
11        0.023809259259254235
12        0.028412962962959
13        0.025809259259254175
14        0.02736851851851424
15        0.028218518518514542
16        0.0218259259259211
17        0.026212962962958084
18        0.022525925925921005
19        0.029085185185181592
20        0.023566666666661653
21        0.022072222222217438
22        0.02231296296295802
23        0.025701851851846733
24        0.02908888888888518
25        0.025933333333328267
26        0.028066666666662552
27        0.030244444444441052
28        0.024699999999994823
29        0.021029629629624923
30        0.02262407407406913
31        0.024870370370365047
32        0.021088888888884143
33        0.024353703703698486
34        0.023229629629624618
35        0.026031481481476437
36        0.02405740740740222
37        0.026074074074069056
38        0.028661111111107248
39        0.025055555555550363
40        0.02694074074073614
41        0.02667777777777307
42        0.026612962962958328
43        0.021637037037032316
44        0.024864814814809694
45        0.021694444444439683
46        0.02541481481480965
47        0.023961111111106027
48        0.022281481481476597
49        0.02172407407406948
50        0.022140740740735985
51        0.037737037037033676
52        0.032057407407404356
53        0.024003703703698795
54        0.04147962962962602
