1        0.9655518518518887
2        0.9816185185185599
3        0.981840740740782
4        0.9383018518518782
5        0.9838555555555971
6        0.939809259259288
7        0.9432129629629921
8        0.9827166666667101
9        0.98372037037041
10        0.9826888888889307
11        0.9744611111111475
12        0.9835259259259655
13        0.9821000000000413
14        0.9834259259259678
15        0.9836203703704152
16        0.9163333333333555
17        0.983333333333375
18        0.9618018518518873
19        0.9837907407407865
20        0.9754000000000418
21        0.9408462962963214
22        0.945301851851882
23        0.9827370370370778
24        0.9837814814815227
25        0.9830648148148577
26        0.9835666666667107
27        0.9835796296296725
28        0.9811259259259676
29        0.8687722222222272
30        0.9632037037037384
31        0.9803425925926327
32        0.8581555555555597
33        0.9765148148148571
34        0.970727777777819
35        0.9828592592593037
36        0.9787148148148582
37        0.9829296296296701
38        0.9837000000000422
39        0.980546296296336
40        0.9834314814815267
41        0.9828555555555991
42        0.9834092592592975
43        0.9420518518518808
44        0.9810388888889323
45        0.915483333333352
46        0.9827111111111568
47        0.9779481481481856
48        0.959724074074109
49        0.9591314814815147
50        0.957633333333366
51        0.9835185185185619
52        0.9835351851852291
53        0.9803500000000415
54        0.9839333333333777
