1        0.07584259259258563
2        0.10948518518517615
3        0.11483148148147286
4        0.07283518518517819
5        0.15025925925925254
6        0.05910555555555241
7        0.05886111111110847
8        0.11550370370369546
9        0.14689999999999184
10        0.11294814814813929
11        0.09842592592591616
12        0.14949999999999128
13        0.1233388888888792
14        0.14520370370369506
15        0.151344444444436
16        0.0748555555555483
17        0.12490185185184184
18        0.07994074074073314
19        0.15390740740739964
20        0.09712222222221252
21        0.07300555555554847
22        0.07983148148147289
23        0.12177592592591611
24        0.1531962962962888
25        0.12477037037036057
26        0.14827592592591685
27        0.16579444444443805
28        0.10655370370369426
29        0.05973888888888609
30        0.08673703703702765
31        0.11372777777776782
32        0.06753333333332803
33        0.10070370370369425
34        0.09159814814813862
35        0.12323333333332373
36        0.10255925925925008
37        0.1288296296296204
38        0.15626111111110308
39        0.11370555555554551
40        0.1343722222222138
41        0.1330407407407314
42        0.13107037037036068
43        0.06561111111110639
44        0.10140185185184356
45        0.06438703703703223
46        0.11951111111110131
47        0.09860370370369498
48        0.07750370370369604
49        0.06333888888888416
50        0.06643703703703173
51        0.20328518518518315
52        0.1693555555555504
53        0.08752962962962242
54        0.21855185185185133
