1        0.40656296296298233
2        0.5307925925925949
3        0.5480111111111126
4        0.36422777777780163
5        0.628666666666665
6        0.3235592592592747
7        0.3292425925926084
8        0.5565685185185177
9        0.6364685185185192
10        0.5349611111111111
11        0.4882018518518608
12        0.6332351851851836
13        0.5774055555555571
14        0.6233333333333333
15        0.6302648148148134
16        0.3620185185185468
17        0.5817166666666653
18        0.4149203703703938
19        0.6401203703703698
20        0.47645925925926685
21        0.38049444444447234
22        0.3971481481481771
23        0.5637870370370394
24        0.6422537037037046
25        0.5754407407407367
26        0.6327481481481462
27        0.6521444444444437
28        0.5211518518518544
29        0.30466666666668885
30        0.4327481481481698
31        0.5393462962962972
32        0.31591851851854474
33        0.49904259259259853
34        0.46499814814815754
35        0.5850277777777781
36        0.5116888888888899
37        0.587975925925925
38        0.6317018518518495
39        0.5381759259259256
40        0.601307407407405
41        0.5912814814814824
42        0.5841370370370349
43        0.34819259259261315
44        0.5210518518518588
45        0.34684444444446827
46        0.5699518518518546
47        0.4984851851851917
48        0.41355000000002157
49        0.3558000000000164
50        0.3679481481481681
51        0.6922851851851829
52        0.67012777777778
53        0.46599629629630374
54        0.6997166666666654
