1        0.05354814814814699
2        0.07779444444443753
3        0.0802629629629569
4        0.05321851851851839
5        0.10450370370369651
6        0.04521851851851842
7        0.044070370370370066
8        0.08049999999999354
9        0.10394259259258556
10        0.07740185185184553
11        0.06921666666666122
12        0.10487592592591857
13        0.08914814814814039
14        0.09985370370369637
15        0.10691481481480708
16        0.05247777777777884
17        0.08724999999999238
18        0.05814814814814547
19        0.10620370370369656
20        0.06621296296295795
21        0.05381666666666633
22        0.05811481481481298
23        0.08418518518517776
24        0.1090499999999922
25        0.08671851851851073
26        0.10009999999999226
27        0.11462037037036339
28        0.07356481481480878
29        0.045131481481482834
30        0.06048518518518149
31        0.0795259259259187
32        0.046627777777779156
33        0.07273888888888247
34        0.06569074074073578
35        0.0872648148148072
36        0.0729388888888819
37        0.09109259259258493
38        0.10628333333332642
39        0.07980370370369626
40        0.09256666666665944
41        0.09257777777776942
42        0.0904851851851772
43        0.047805555555555705
44        0.0719055555555495
45        0.047331481481482265
46        0.08211296296295571
47        0.06936851851851294
48        0.05482407407407304
49        0.04534444444444359
50        0.050366666666666754
51        0.14671111111110816
52        0.11894814814814203
53        0.06339629629629165
54        0.16250370370370157
