1        0.5014055555555591
2        0.6295407407407403
3        0.6444592592592572
4        0.4514962962963077
5        0.7208888888888862
6        0.41551111111113226
7        0.41385925925927997
8        0.6655499999999975
9        0.7234851851851819
10        0.6313074074074058
11        0.5866370370370284
12        0.7249518518518463
13        0.6658759259259214
14        0.7119796296296225
15        0.7233314814814725
16        0.4399537037037231
17        0.679298148148142
18        0.5061814814814821
19        0.7349907407407358
20        0.5767166666666629
21        0.4679777777777868
22        0.48803888888889624
23        0.6647666666666631
24        0.7264666666666614
25        0.670568518518507
26        0.7208777777777736
27        0.7398259259259198
28        0.6185425925925808
29        0.37031666666669794
30        0.5288925925925898
31        0.640177777777769
32        0.38895555555558636
33        0.6015907407407355
34        0.5537111111111087
35        0.6816499999999931
36        0.6106185185185096
37        0.6872925925925852
38        0.7264666666666643
39        0.6347055555555482
40        0.6951814814814761
41        0.686057407407399
42        0.686572222222215
43        0.44351481481482663
44        0.6254407407407369
45        0.42300555555557856
46        0.6709370370370276
47        0.6082444444444377
48        0.5091925925925908
49        0.45708703703704534
50        0.4598870370370463
51        0.7660222222222229
52        0.7553870370370308
53        0.5770777777777766
54        0.7700833333333305
