0        0.0019193548387096706
1        0.0018145161290322523
2        0.001983870967741928
3        0.002008064516129027
4        0.001887096774193543
5        0.001685483870967738
6        0.001919354838709672
7        0.0020322580645161224
8        0.00176612903225806
9        0.0034435483870967638
10        0.00169354838709677
11        0.0018387096774193507
12        0.0017338709677419315
13        0.0017096774193548342
14        0.0016854838709677382
15        0.0025564516129032177
16        0.002177419354838706
17        0.001790322580645157
18        0.0019112903225806397
19        0.0016370967741935446
20        0.0019193548387096712
21        0.0017499999999999964
22        0.0017419354838709641
23        0.0022499999999999925
24        0.0018548387096774153
25        0.0016854838709677378
26        0.0016774193548387056
27        0.001653225806451609
28        0.0017338709677419308
29        0.001653225806451609
30        0.0016290322580645126
31        0.00266129032258064
32        0.0021935483870967674
33        0.0016774193548387056
34        0.0019274193548387034
35        0.0029516129032257977
36        0.001637096774193545
37        0.0016774193548387062
38        0.0017419354838709633
39        0.0019032258064516064
40        0.0018306451612903182
41        0.0024112903225806405
42        0.0016451612903225774
43        0.0022499999999999925
44        0.0016693548387096732
45        0.0018306451612903171
46        0.0019838709677419296
47        0.0017177419354838669
48        0.0018548387096774146
49        0.0018225806451612867
50        0.0022338709677419267
51        0.0016209677419354804
52        0.0016774193548387058
53        0.001645161290322577
54        0.001862903225806446
55        0.0018145161290322536
56        0.004693548387096766
57        0.001725806451612899
58        0.0025161290322580593
59        0.001725806451612898
60        0.001975806451612897
61        0.0017822580645161232
62        0.0022661290322580586
63        0.0019354838709677374
64        0.001645161290322577
65        0.0018548387096774149
66        0.001645161290322577
67        0.004217741935483865
68        0.0020725806451612847
69        0.0017499999999999946
70        0.004080645161290313
71        0.0017096774193548347
72        0.001758064516129027
73        0.0016290322580645126
74        0.0016370967741935446
75        0.002040322580645156
76        0.0016612903225806418
77        0.001645161290322577
78        0.0020322580645161232
79        0.001895161290322576
80        0.0016290322580645128
81        0.0016774193548387065
82        0.001822580645161286
83        0.0020887096774193496
84        0.001741935483870963
85        0.0018467741935483811
86        0.0018064516129032216
87        0.0032580645161290217
88        0.002040322580645156
89        0.003983870967741926
90        0.0041612903225806365
91        0.001653225806451609
92        0.0016612903225806418
93        0.0017580645161290288
94        0.0016854838709677387
95        0.0016693548387096732
96        0.0016935483870967696
97        0.0016935483870967696
98        0.0018145161290322545
99        0.0017903225806451567
100        0.0016129032258064481
101        0.0019032258064516081
102        0.002064516129032252
103        0.0016774193548387054
104        0.001935483870967736
105        0.0017419354838709633
106        0.0017096774193548353
107        0.002661290322580637
108        0.00176612903225806
109        0.0017338709677419315
110        0.0016854838709677376
111        0.0018951612903225748
112        0.001895161290322574
113        0.002072580645161285
114        0.0019274193548387045
115        0.0016612903225806418
116        0.0031129032258064436
117        0.002080645161290316
118        0.0017822580645161245
119        0.0021370967741935437
120        0.0018629032258064464
121        0.0019112903225806405
122        0.0018709677419354793
123        0.001911290322580638
124        0.0018306451612903176
125        0.001733870967741931
126        0.0017258064516128989
127        0.001846774193548382
128        0.002588709677419348
129        0.0016612903225806414
130        0.002314516129032251
131        0.003209677419354829
132        0.0016774193548387058
133        0.001709677419354835
134        0.0018145161290322536
135        0.002185483870967736
136        0.002516129032258056
137        0.0017741935483870923
138        0.0016854838709677378
139        0.0017419354838709633
140        0.0018145161290322525
141        0.0017096774193548344
142        0.0019032258064516083
143        0.0022258064516128954
144        0.0018145161290322534
145        0.0018306451612903193
146        0.0019758064516128978
147        0.0019032258064516077
148        0.001822580645161285
149        0.0018145161290322532
150        0.0019516129032258018
151        0.0030161290322580584
152        0.0020080645161290257
153        0.001645161290322577
154        0.0021532258064516072
155        0.0023064516129032175
156        0.0016370967741935446
157        0.0021612903225806395
158        0.0019435483870967698
159        0.0021612903225806377
160        0.0017016129032258029
161        0.0017258064516128984
162        0.0018387096774193494
163        0.0018306451612903195
164        0.0024677419354838647
165        0.0018548387096774138
166        0.0018790322580645106
167        0.0016129032258064481
168        0.0016451612903225768
169        0.0019112903225806405
170        0.0017338709677419317
171        0.0017903225806451565
172        0.0019596774193548334
173        0.001645161290322577
174        0.0018870967741935433
175        0.0017983870967741892
176        0.001967741935483865
177        0.0018064516129032216
178        0.001669354838709674
179        0.002080645161290318
180        0.0017661290322580606
181        0.0024274193548386998
182        0.0034435483870967672
183        0.0020564516129032203
184        0.0018709677419354773
185        0.0019516129032258011
186        0.0017983870967741894
187        0.0018387096774193504
188        0.0016451612903225776
189        0.001943548387096769
190        0.0016612903225806414
191        0.0017419354838709635
192        0.0016612903225806416
193        0.0019193548387096723
194        0.0016854838709677382
195        0.0026048387096774123
196        0.001645161290322577
197        0.0016290322580645128
198        0.0035887096774193466
199        0.001701612903225802
200        0.001637096774193545
201        0.0016774193548387056
202        0.0018951612903225776
203        0.0017338709677419315
204        0.0017258064516128995
205        0.0016774193548387054
206        0.001790322580645157
207        0.001637096774193545
208        0.0022419354838709594
209        0.0017177419354838669
210        0.0019516129032258018
211        0.0016693548387096743
212        0.0018870967741935437
213        0.0016612903225806416
214        0.0018709677419354793
215        0.0017177419354838675
216        0.0017741935483870923
217        0.0030483870967741855
218        0.0016532258064516092
219        0.0016129032258064481
220        0.001959677419354834
221        0.0018629032258064453
222        0.0016935483870967702
223        0.0018467741935483818
224        0.002185483870967736
225        0.0018548387096774146
226        0.001693548387096771
227        0.0023064516129032197
228        0.0016612903225806416
229        0.003717741935483862
230        0.002064516129032254
231        0.0016532258064516094
232        0.0017661290322580603
233        0.0016370967741935452
234        0.0016129032258064481
235        0.002193548387096768
236        0.0016612903225806414
237        0.0020887096774193483
238        0.0025241935483870884
239        0.0016612903225806412
240        0.0019758064516128986
241        0.0017177419354838666
242        0.0021370967741935424
243        0.0020403225806451546
244        0.002104838709677413
245        0.002379032258064508
246        0.0018790322580645113
247        0.0017499999999999972
248        0.0031935483870967653
249        0.0018306451612903174
250        0.0017338709677419317
251        0.001709677419354835
252        0.001975806451612898
253        0.0025725806451612847
254        0.00282258064516128
255        0.0017016129032258018
256        0.0018306451612903171
257        0.0019274193548387047
258        0.0019112903225806414
259        0.0018387096774193507
260        0.0017822580645161237
261        0.0018709677419354784
262        0.001701612903225802
263        0.0016935483870967696
264        0.002008064516129028
265        0.007620967741935483
266        0.001685483870967738
267        0.0016612903225806412
268        0.0017177419354838675
269        0.0020564516129032207
270        0.0017338709677419315
271        0.0018145161290322532
272        0.0016209677419354804
273        0.001637096774193545
274        0.002096774193548381
275        0.002467741935483862
276        0.0019193548387096719
277        0.0018548387096774155
278        0.0017016129032258022
279        0.0017419354838709635
280        0.001637096774193545
281        0.0016774193548387056
282        0.0019274193548387039
283        0.0016209677419354804
284        0.001774193548387092
285        0.00176612903225806
286        0.0017177419354838664
287        0.0016612903225806416
288        0.003637096774193539
289        0.0035725806451612826
290        0.0018225806451612854
291        0.0018387096774193494
292        0.002032258064516124
293        0.0017661290322580597
294        0.0016209677419354806
295        0.0016935483870967702
296        0.0016774193548387056
297        0.0016854838709677378
298        0.0017338709677419308
299        0.0018951612903225746
300        0.00216935483870967
301        0.0016290322580645128
302        0.0018629032258064447
303        0.0017016129032258022
304        0.0016451612903225774
305        0.0017419354838709652
306        0.0017177419354838669
307        0.0018467741935483818
308        0.001717741935483867
309        0.001782258064516124
310        0.0016612903225806412
311        0.002209677419354834
312        0.0017983870967741877
313        0.001895161290322576
314        0.0017016129032258029
315        0.0019032258064516075
316        0.0017580645161290281
317        0.0036774193548387
318        0.0016693548387096734
319        0.001919354838709672
320        0.001879032258064511
321        0.0019274193548387045
322        0.0017499999999999948
323        0.0024596774193548308
324        0.002322580645161282
325        0.001838709677419349
326        0.001637096774193545
327        0.0018548387096774142
328        0.0018629032258064477
329        0.0020806451612903182
330        0.0016935483870967702
331        0.001717741935483867
332        0.0016532258064516094
333        0.0017499999999999957
334        0.002088709677419349
335        0.0019274193548387037
336        0.0017338709677419315
337        0.0016612903225806418
338        0.0019193548387096723
339        0.0017177419354838666
340        0.004733870967741926
341        0.0017741935483870917
342        0.002362903225806446
343        0.00309677419354838
344        0.001701612903225802
345        0.0023064516129032192
346        0.0017903225806451565
347        0.001830645161290318
348        0.0016693548387096743
349        0.0017580645161290268
350        0.003112903225806442
351        0.0030403225806451516
352        0.00302419354838709
353        0.0018467741935483824
354        0.0017983870967741894
355        0.002112903225806445
356        0.0017661290322580595
357        0.002870967741935476
358        0.0017661290322580603
359        0.0018709677419354775
360        0.002112903225806447
361        0.0022016129032257975
362        0.00176612903225806
363        0.0018790322580645121
364        0.002016129032258058
365        0.001741935483870963
366        0.0016451612903225768
367        0.001637096774193545
368        0.0018629032258064488
369        0.0017661290322580606
370        0.0016612903225806412
371        0.0016854838709677382
372        0.0029354838709677333
373        0.0017177419354838669
374        0.002524193548387092
375        0.0020887096774193483
376        0.0016935483870967702
377        0.002048387096774188
378        0.0016451612903225774
379        0.001701612903225802
380        0.0018548387096774155
381        0.0016370967741935446
382        0.001733870967741931
383        0.002161290322580638
384        0.001701612903225802
385        0.0019032258064516081
386        0.0019354838709677354
387        0.0016935483870967702
388        0.0018145161290322534
389        0.0034193548387096728
390        0.0016532258064516098
391        0.0016612903225806414
392        0.0017903225806451565
393        0.0017258064516128993
394        0.001645161290322577
395        0.0018387096774193494
396        0.0016693548387096732
397        0.0022338709677419285
398        0.0019193548387096723
399        0.0017096774193548342
400        0.002072580645161285
401        0.001741935483870963
402        0.0016290322580645128
403        0.0019516129032258
404        0.0023306451612903154
405        0.0017177419354838669
406        0.0016209677419354804
407        0.0016612903225806414
408        0.0018790322580645097
409        0.0016129032258064481
410        0.0017822580645161252
411        0.0016774193548387054
412        0.0016612903225806414
413        0.0019274193548387034
414        0.001774193548387092
415        0.001653225806451609
416        0.001862903225806447
417        0.0017258064516128993
418        0.0019516129032257998
419        0.002217741935483862
420        0.0016693548387096734
421        0.0019516129032258
422        0.0016935483870967707
423        0.001685483870967738
424        0.0021774193548387043
425        0.0016532258064516092
426        0.0018548387096774146
427        0.0017983870967741885
428        0.0016290322580645126
429        0.0017822580645161237
430        0.0017903225806451565
431        0.0017016129032258022
432        0.002572580645161282
433        0.0018145161290322532
434        0.0034919354838709583
435        0.0016854838709677378
436        0.0021129032258064445
437        0.0018951612903225757
438        0.0017096774193548347
439        0.0021612903225806377
440        0.0018306451612903184
441        0.002008064516129027
442        0.0017741935483870928
443        0.001701612903225802
444        0.0016935483870967702
445        0.0020887096774193474
446        0.003104838709677411
447        0.0016451612903225774
448        0.0018951612903225752
449        0.0019919354838709626
450        0.0018790322580645113
451        0.0019354838709677359
452        0.0019677419354838656
453        0.0017338709677419306
454        0.0021935483870967666
455        0.001653225806451609
456        0.001862903225806447
457        0.0017177419354838664
458        0.0019838709677419304
459        0.002008064516129027
460        0.001814516129032253
461        0.0016612903225806418
462        0.0016290322580645126
463        0.001717741935483867
464        0.0017419354838709633
465        0.0030483870967741833
466        0.0019758064516128978
467        0.0017338709677419315
468        0.0016532258064516094
469        0.002153225806451605
470        0.0017499999999999955
471        0.0016612903225806414
472        0.001645161290322577
473        0.002193548387096767
474        0.0017822580645161245
475        0.0016451612903225768
476        0.0019919354838709626
477        0.0016612903225806416
478        0.0019919354838709618
479        0.0020483870967741864
480        0.0018709677419354784
481        0.0016290322580645128
482        0.0016693548387096738
483        0.0017096774193548353
484        0.001758064516129028
485        0.002008064516129028
486        0.0017016129032258022
487        0.0016774193548387056
488        0.0017499999999999966
489        0.001693548387096771
490        0.0016774193548387065
491        0.0022822580645161243
492        0.0016532258064516094
493        0.0016370967741935452
494        0.0019435483870967702
495        0.0017096774193548344
496        0.001637096774193545
497        0.0016774193548387062
498        0.003104838709677413
499        0.00187903225806451
500        0.0017499999999999953
501        0.001999999999999994
502        0.0018467741935483822
503        0.001669354838709674
504        0.0017822580645161237
505        0.0035806451612903152
506        0.0016451612903225774
507        0.001790322580645158
508        0.002048387096774188
509        0.00176612903225806
510        0.0018870967741935435
511        0.0016451612903225768
512        0.0016774193548387062
513        0.0016612903225806416
514        0.0016693548387096738
515        0.0019677419354838647
516        0.0021532258064516064
517        0.001927419354838705
518        0.0035887096774193496
519        0.0016290322580645126
520        0.0016209677419354804
521        0.001774193548387092
522        0.0020161290322580584
523        0.001669354838709674
524        0.0028225806451612832
525        0.0017258064516128989
526        0.002524193548387092
527        0.0017983870967741892
528        0.001782258064516124
529        0.0017419354838709641
530        0.0017016129032258027
531        0.001927419354838704
532        0.0016612903225806418
533        0.0016532258064516092
534        0.0016693548387096738
535        0.0018467741935483824
536        0.0021048387096774127
537        0.001717741935483867
538        0.0019677419354838647
539        0.001685483870967738
540        0.0016774193548387065
541        0.0016209677419354804
542        0.0016451612903225768
543        0.002169354838709671
544        0.0017258064516128995
545        0.0024838709677419304
546        0.0019274193548387045
547        0.0019032258064516081
548        0.0017419354838709628
549        0.0017580645161290277
550        0.00284677419354838
551        0.0017258064516128993
552        0.0017741935483870921
553        0.001685483870967738
554        0.0019354838709677374
555        0.0021854838709677365
556        0.001685483870967738
557        0.001846774193548382
558        0.002499999999999992
559        0.0017903225806451572
560        0.0016209677419354804
561        0.0016451612903225774
562        0.0016854838709677378
563        0.0021290322580645115
564        0.0016854838709677387
565        0.001685483870967738
566        0.00183870967741935
567        0.0017096774193548342
568        0.0018387096774193513
569        0.0020241935483870906
570        0.0027661290322580573
571        0.0017741935483870932
572        0.001967741935483866
573        0.0017258064516128982
574        0.0016774193548387062
575        0.0016854838709677378
576        0.0028225806451612824
577        0.0020483870967741864
578        0.002129032258064509
579        0.0017822580645161254
580        0.002080645161290315
581        0.0019032258064516081
582        0.0016612903225806423
583        0.0017822580645161243
584        0.0024435483870967685
585        0.0018225806451612854
586        0.0016774193548387065
587        0.0018870967741935424
588        0.0018225806451612858
589        0.0016612903225806407
590        0.0016612903225806414
591        0.001846774193548384
592        0.001725806451612898
593        0.002322580645161283
594        0.0017822580645161228
595        0.001814516129032254
596        0.002032258064516124
597        0.0030483870967741838
598        0.0018387096774193504
599        0.00198387096774193
600        0.0016612903225806414
601        0.0033225806451612806
602        0.0016774193548387056
603        0.0030645161290322504
604        0.001685483870967738
605        0.0017580645161290277
606        0.0016290322580645126
607        0.0016774193548387054
608        0.0018467741935483824
609        0.001741935483870964
610        0.0016693548387096732
611        0.004508064516129023
612        0.0019112903225806397
613        0.0021451612903225746
614        0.0016532258064516092
615        0.0020725806451612834
616        0.002895161290322573
617        0.0017822580645161235
618        0.00187903225806451
619        0.0017661290322580595
