0        0.3118870967741934
1        0.1732177419354835
2        0.24865322580645138
3        0.3136451612903224
4        0.20320967741935456
5        0.0067177419354838685
6        0.16995161290322572
7        0.2744999999999999
8        0.12880645161290308
9        0.44188709677419363
10        0.10132258064516134
11        0.03079032258064524
12        0.044314516129032304
13        0.12203225806451573
14        0.01221774193548389
15        0.4181693548387097
16        0.10380645161290325
17        0.2876532258064513
18        0.13524193548387053
19        0.0714354838709679
20        0.30441129032258013
21        0.07956451612903233
22        0.1508790322580644
23        0.4312419354838714
24        0.05810483870967746
25        0.09230645161290321
26        0.02449999999999995
27        0.09051612903225809
28        0.046419354838709743
29        0.024500000000000095
30        0.011879032258064503
31        0.3957983870967744
32        0.387798387096774
33        0.0030080645161290236
34        0.3514193548387094
35        0.44034677419354823
36        0.0022338709677419285
37        0.12638709677419319
38        0.12481451612903215
39        0.3504274193548386
40        0.3180080645161289
41        0.4220725806451615
42        0.02408870967741942
43        0.43258870967741936
44        0.12508064516128992
45        0.3251048387096771
46        0.32823387096774165
47        0.091
48        0.3302177419354837
49        0.0902741935483871
50        0.4204435483870965
51        0.006911290322580636
52        0.08307258064516132
53        0.048387096774193665
54        0.342048387096774
55        0.04620161290322582
56        0.4417096774193549
57        0.09916935483870973
58        0.4368870967741937
59        0.21242741935483825
60        0.3675241935483868
61        0.10530645161290321
62        0.42110483870967735
63        0.35816935483870954
64        0.1277338709677417
65        0.31529838709677394
66        0.007362903225806456
67        0.444298387096774
68        0.42887096774193545
69        0.24413709677419335
70        0.4473709677419357
71        0.11029838709677399
72        0.23970161290322545
73        0.040951612903225874
74        0.018935483870967676
75        0.10628225806451617
76        0.03697580645161294
77        0.00453225806451611
78        0.03834677419354843
79        0.34237903225806443
80        0.03750000000000012
81        0.1668629032258061
82        0.3425564516129031
83        0.39242741935483855
84        0.058483870967742047
85        0.29275806451612885
86        0.1636048387096771
87        0.44421774193548413
88        0.3414193548387095
89        0.4435564516129032
90        0.4495967741935483
91        0.1877419354838706
92        0.06395967741935503
93        0.12902419354838712
94        0.0331048387096775
95        0.015354838709677401
96        0.027137096774193573
97        0.09569354838709673
98        0.11542741935483863
99        0.10590322580645165
100        0.10109677419354832
101        0.09221774193548382
102        0.3852096774193545
103        0.0640161290322581
104        0.2980725806451611
105        0.03127419354838714
106        0.046983870967741995
107        0.4126693548387096
108        0.08045161290322587
109        0.2756209677419351
110        0.17445967741935448
111        0.3216370967741932
112        0.23212096774193502
113        0.20765322580645149
114        0.32149193548387095
115        0.009717741935483875
116        0.4439838709677418
117        0.10244354838709668
118        0.28051612903225775
119        0.09687903225806448
120        0.2031451612903222
121        0.2705080645161287
122        0.21062096774193514
123        0.32779838709677395
124        0.06813709677419362
125        0.0484032258064517
126        0.028709677419354866
127        0.2924838709677415
128        0.44186290322580635
129        0.05433870967741943
130        0.4163709677419353
131        0.4412419354838709
132        0.20737096774193503
133        0.12541935483870956
134        0.3201209677419352
135        0.42833064516129
136        0.42383870967741927
137        0.0823064516129033
138        0.12516935483870953
139        0.18675806451612853
140        0.20667741935483824
141        0.028951612903225815
142        0.3239435483870967
143        0.4246290322580642
144        0.06664516129032264
145        0.022758064516129037
146        0.38449193548387084
147        0.07992741935483873
148        0.3089112903225804
149        0.1796451612903224
150        0.09649193548387097
151        0.44692741935483854
152        0.10836290322580641
153        0.008701612903225811
154        0.035983870967741936
155        0.41419354838709666
156        0.03179032258064519
157        0.4263870967741934
158        0.04636290322580645
159        0.3876693548387095
160        0.18150806451612866
161        0.11136290322580635
162        0.2246451612903223
163        0.10989516129032259
164        0.3894919354838708
165        0.321064516129032
166        0.32267741935483835
167        0.13437096774193522
168        0.0879677419354838
169        0.3794516129032256
170        0.26403225806451586
171        0.26083064516129006
172        0.3252096774193546
173        0.011500000000000012
174        0.020612903225806455
175        0.3371209677419353
176        0.18234677419354825
177        0.2710161290322579
178        0.012806451612903218
179        0.38876612903225805
180        0.010209677419354836
181        0.4349596774193547
182        0.44542741935483854
183        0.3950725806451611
184        0.3031612903225805
185        0.3438064516129033
186        0.21760483870967712
187        0.18965322580645158
188        0.02480645161290331
189        0.34799999999999975
190        0.014096774193548368
191        0.21258870967741894
192        0.033016129032258104
193        0.3892419354838708
194        0.08823387096774196
195        0.44549999999999956
196        0.016193548387096787
197        0.030669354838709712
198        0.4472500000000003
199        0.16563709677419322
200        0.10659677419354838
201        0.06897580645161304
202        0.3714677419354835
203        0.1401370967741933
204        0.005395161290322577
205        0.12602419354838676
206        0.2621209677419352
207        0.13699193548387056
208        0.418274193548387
209        0.005709677419354836
210        0.03781451612903229
211        0.004951612903225786
212        0.02536290322580649
213        0.024604838709677418
214        0.03407258064516133
215        0.01045967741935484
216        0.10516129032258054
217        0.44396774193548394
218        0.03582258064516133
219        0.007233870967741982
220        0.23074193548387079
221        0.19898387096774145
222        0.1599758064516128
223        0.03749193548387102
224        0.41450806451612876
225        0.34470161290322565
226        0.05214516129032268
227        0.4348951612903227
228        0.15455645161290282
229        0.44101612903225784
230        0.06352419354838705
231        0.004846774193548376
232        0.323306451612903
233        0.10852419354838688
234        0.027645161290322635
235        0.42422580645161295
236        0.08814516129032247
237        0.10330645161290325
238        0.43394354838709626
239        0.1055806451612901
240        0.3439274193548389
241        0.0238467741935484
242        0.4113548387096775
243        0.2913145161290323
244        0.3798145161290322
245        0.43847580645161266
246        0.21687903225806412
247        0.11892741935483837
248        0.4464112903225805
249        0.3548951612903224
250        0.23454032258064483
251        0.20943548387096744
252        0.048677419354838714
253        0.4227903225806449
254        0.44224193548387075
255        0.10713709677419331
256        0.2328870967741931
257        0.3627661290322579
258        0.33171774193548376
259        0.022637096774193538
260        0.27729838709677385
261        0.2922499999999996
262        0.189362903225806
263        0.03954838709677425
264        0.02754838709677422
265        0.45072580645161264
266        0.2302177419354835
267        0.009959677419354867
268        0.12915322580645136
269        0.3765725806451612
270        0.08270967741935488
271        0.2057661290322577
272        0.06945161290322593
273        0.1379919354838706
274        0.09346774193548385
275        0.42726612903225814
276        0.19077419354838707
277        0.21370967741935434
278        0.05734677419354849
279        0.05722580645161296
280        0.007104838709677446
281        0.2154838709677416
282        0.3851129032258062
283        0.1112741935483868
284        0.04704032258064524
285        0.262564516129032
286        0.1354112903225804
287        0.09938709677419355
288        0.4479596774193547
289        0.4452580645161291
290        0.32019354838709646
291        0.31151612903225784
292        0.35079032258064524
293        0.21399193548387074
294        0.07166129032258078
295        0.04918548387096789
296        0.05419354838709685
297        0.18820967741935435
298        0.25237903225806413
299        0.33329838709677434
300        0.37144354838709653
301        0.049814516129032364
302        0.26866935483870913
303        0.12508064516129028
304        0.014080645161290348
305        0.10192741935483861
306        0.04915322580645173
307        0.32701612903225763
308        0.07749193548387107
309        0.13825806451612876
310        0.022669354838709656
311        0.10818548387096766
312        0.18055645161290287
313        0.2598064516129028
314        0.13783064516129015
315        0.26109677419354804
316        0.14170161290322558
317        0.44713709677419333
318        0.018016129032258056
319        0.21235483870967747
320        0.25142741935483826
321        0.35555645161290306
322        0.1903064516129029
323        0.42856451612903207
324        0.4032016129032258
325        0.38849999999999985
326        0.0032419354838709564
327        0.2737258064516127
328        0.3413709677419353
329        0.09991129032258052
330        0.19448387096774153
331        0.02529032258064518
332        0.07470967741935497
333        0.19516935483870945
334        0.09547580645161279
335        0.31566935483870945
336        0.09132258064516119
337        0.19243548387096732
338        0.3856693548387094
339        0.12069354838709662
340        0.44156451612903214
341        0.1954999999999996
342        0.42322580645161273
343        0.4458548387096771
344        0.14341129032258032
345        0.37074193548387063
346        0.18054838709677376
347        0.32070967741935485
348        0.18699999999999964
349        0.1313709677419352
350        0.4424193548387096
351        0.4275483870967742
352        0.44461290322580616
353        0.0914516129032258
354        0.32087903225806413
355        0.4065161290322582
356        0.22531451612903194
357        0.40210483870967695
358        0.1397499999999999
359        0.27801612903225764
360        0.39169354838709675
361        0.40658064516129044
362        0.08760483870967749
363        0.38254032258064496
364        0.3734919354838707
365        0.16795161290322563
366        0.10802419354838703
367        0.00439516129032257
368        0.34658870967741906
369        0.05079838709677422
370        0.09344354838709686
371        0.01691129032258066
372        0.4427096774193548
373        0.2574193548387092
374        0.09973387096774189
375        0.4004274193548386
376        0.13649193548387062
377        0.3614758064516128
378        0.02806451612903231
379        0.011532258064516153
380        0.030435483870967762
381        0.11530645161290297
382        0.05986290322580645
383        0.39216935483870946
384        0.11516129032258048
385        0.3108709677419354
386        0.38358870967741915
387        0.0326693548387097
388        0.27203225806451575
389        0.44833870967741946
390        0.006959677419354851
391        0.10828225806451583
392        0.22983064516129
393        0.06484677419354846
394        0.109548387096774
395        0.2842258064516125
396        0.12320967741935465
397        0.4012338709677418
398        0.2260483870967743
399        0.13530645161290308
400        0.08459677419354839
401        0.10928225806451597
402        0.02402419354838713
403        0.2756290322580643
404        0.4419112903225808
405        0.012701612903225792
406        0.06600000000000013
407        0.10533870967741928
408        0.31179032258064493
409        0.08444354838709676
410        0.2572338709677416
411        0.10223387096774195
412        0.04076612903225817
413        0.3550322580645158
414        0.23598387096774168
415        0.020314516129032265
416        0.305798387096774
417        0.17932258064516088
418        0.21855645161290288
419        0.43432258064516155
420        0.08202419354838712
421        0.35466129032258065
422        0.19373387096774145
423        0.10792741935483871
424        0.3606129032258063
425        0.0145241935483871
426        0.2741532258064513
427        0.128032258064516
428        0.1143951612903222
429        0.16247580645161286
430        0.19823387096774156
431        0.035798387096774256
432        0.4332983870967745
433        0.23244354838709633
434        0.44146774193548394
435        0.125056451612903
436        0.3811612903225802
437        0.04296774193548389
438        0.056193548387096844
439        0.4190483870967741
440        0.2891451612903223
441        0.08183064516129035
442        0.2112016129032255
443        0.1255887096774192
444        0.10020161290322571
445        0.3353709677419353
446        0.45069354838709663
447        0.0053790322580644975
448        0.30243548387096747
449        0.4059112903225804
450        0.32329838709677405
451        0.3593629032258064
452        0.05079838709677421
453        0.1826209677419351
454        0.3241451612903223
455        0.2050967741935478
456        0.3402096774193547
457        0.18834677419354795
458        0.4131209677419353
459        0.37215322580645127
460        0.27734677419354836
461        0.0894193548387097
462        0.12387096774193525
463        0.20404838709677375
464        0.14779838709677384
465        0.4397499999999999
466        0.09677419354838702
467        0.14849999999999983
468        0.04927419354838723
469        0.38353225806451585
470        0.2963951612903226
471        0.06745161290322586
472        0.1783629032258062
473        0.3602499999999997
474        0.2798064516129029
475        0.027427419354838768
476        0.3027258064516125
477        0.025419354838709735
478        0.17319354838709675
479        0.3941532258064513
480        0.19007258064516092
481        0.09427419354838705
482        0.054895161290322673
483        0.09739516129032262
484        0.21716935483870944
485        0.025338709677419354
486        0.12137096774193529
487        0.17131451612903179
488        0.3113145161290318
489        0.08757258064516138
490        0.005040322580645156
491        0.39540322580645154
492        0.00233870967741935
493        0.09948387096774193
494        0.19925806451612904
495        0.04640322580645166
496        0.003330645161290312
497        0.08655645161290326
498        0.435758064516129
499        0.15169354838709662
500        0.03004032258064524
501        0.07201612903225811
502        0.06553225806451611
503        0.02670161290322581
504        0.24850806451612875
505        0.4432822580645158
506        0.05157258064516136
507        0.28487096774193527
508        0.35599193548387104
509        0.2547258064516125
510        0.3687903225806447
511        0.10295161290322566
512        0.02693548387096777
513        0.004217741935483859
514        0.043217741935483965
515        0.3487822580645158
516        0.08524193548387095
517        0.3566290322580646
518        0.3945725806451609
519        0.18608870967741895
520        0.003008064516129022
521        0.07815322580645169
522        0.21255645161290315
523        0.03729838709677424
524        0.4093548387096774
525        0.014766129032258036
526        0.4268790322580644
527        0.08061290322580655
528        0.12375806451612893
529        0.1721048387096772
530        0.1131774193548386
531        0.34629032258064507
532        0.21108064516129005
533        0.015564516129032232
534        0.017225806451612872
535        0.12221774193548382
536        0.42795967741935476
537        0.11718548387096757
538        0.3149435483870965
539        0.014620967741935496
540        0.010572580645161301
541        0.09042741935483878
542        0.01564516129032252
543        0.31374193548387075
544        0.25545967741935427
545        0.09792741935483866
546        0.33088709677419315
547        0.06445161290322585
548        0.024580645161290327
549        0.19058870967741887
550        0.4473790322580644
551        0.11854032258064486
552        0.29362096774193513
553        0.184056451612903
554        0.3374112903225803
555        0.2552016129032258
556        0.007129032258064511
557        0.2972338709677417
558        0.43153225806451606
559        0.14249999999999996
560        0.045766129032258164
561        0.04116935483870978
562        0.1255967741935482
563        0.3998145161290321
564        0.09620967741935464
565        0.059774193548387214
566        0.2529516129032255
567        0.12111290322580638
568        0.2719677419354835
569        0.2502419354838705
570        0.4495241935483869
571        0.21839516129032246
572        0.2275080645161288
573        0.11422580645161268
574        0.04052419354838718
575        0.1591693548387094
576        0.43833870967741917
577        0.40709677419354834
578        0.3808709677419354
579        0.241322580645161
580        0.41179838709677397
581        0.35086290322580643
582        0.09424193548387093
583        0.11506451612903218
584        0.44382258064516106
585        0.27242741935483833
586        0.10454032258064506
587        0.267532258064516
588        0.17457258064516093
589        0.23560483870967705
590        0.028516129032258097
591        0.06485483870967751
592        0.1291854838709674
593        0.43965322580645155
594        0.19060483870967712
595        0.3306370967741932
596        0.3404677419354838
597        0.45306451612903204
598        0.19224999999999987
599        0.3992016129032257
600        0.10248387096774175
601        0.4413064516129033
602        0.20254032258064503
603        0.44542741935483876
604        0.11147580645161279
605        0.12881451612903216
606        0.0052016129032257975
607        0.10049999999999992
608        0.32243548387096743
609        0.057008064516129144
610        0.15710483870967723
611        0.4430322580645163
612        0.27271774193548387
613        0.10583064516129033
614        0.028193548387096846
615        0.27459677419354805
616        0.4458225806451614
617        0.3025806451612898
618        0.18660483870967734
619        0.17470967741935475
