0        0.010653225806451633
1        0.007822580645161314
2        0.010467741935483877
3        0.0049919354838709575
4        0.006822580645161297
5        0.0017096774193548344
6        0.002983870967741926
7        0.011362903225806463
8        0.004354838709677403
9        0.05945967741935483
10        0.0023467741935483785
11        0.0027580645161290255
12        0.002153225806451606
13        0.005145161290322573
14        0.0019032258064516081
15        0.032403225806451656
16        0.004870967741935474
17        0.002685483870967735
18        0.007443548387096794
19        0.001741935483870964
20        0.010362903225806462
21        0.0032741935483870843
22        0.004266129032258051
23        0.038500000000000034
24        0.0030564516129032195
25        0.0027580645161290203
26        0.001895161290322576
27        0.0018225806451612854
28        0.002338709677419347
29        0.0017983870967741883
30        0.0018064516129032205
31        0.011911290322580646
32        0.022637096774193562
33        0.0018790322580645126
34        0.0202822580645161
35        0.05005645161290323
36        0.0017016129032258027
37        0.005879032258064501
38        0.0032661290322580534
39        0.012709677419354833
40        0.00520967741935483
41        0.021967741935483877
42        0.00169354838709677
43        0.028500000000000032
44        0.0075725806451613035
45        0.004508064516129018
46        0.01588709677419354
47        0.0022338709677419285
48        0.0053709677419354765
49        0.002774193548387088
50        0.026540322580645162
51        0.0017338709677419308
52        0.0021290322580645098
53        0.001709677419354835
54        0.0152741935483871
55        0.0032741935483870887
56        0.06606451612903225
57        0.002838709677419346
58        0.04064516129032263
59        0.011225806451612912
60        0.022604838709677434
61        0.0029112903225806314
62        0.015177419354838713
63        0.006274193548387093
64        0.005870967741935495
65        0.003467741935483862
66        0.0017419354838709633
67        0.06724999999999999
68        0.038951612903225845
69        0.005193548387096761
70        0.06775806451612905
71        0.009314516129032275
72        0.008330645161290349
73        0.0019032258064516083
74        0.0017580645161290273
75        0.0043145161290322484
76        0.0017580645161290281
77        0.0017177419354838664
78        0.0032903225806451535
79        0.004516129032258054
80        0.0017903225806451578
81        0.0034596774193548264
82        0.010266129032258082
83        0.026943548387096804
84        0.002798387096774185
85        0.0032983870967741836
86        0.006500000000000019
87        0.06518548387096773
88        0.01512096774193546
89        0.06454032258064517
90        0.07326612903225808
91        0.003322580645161277
92        0.0017419354838709635
93        0.002693548387096768
94        0.0019435483870967696
95        0.0018548387096774144
96        0.0024838709677419313
97        0.009290322580645187
98        0.0026290322580645098
99        0.002419354838709672
100        0.002137096774193539
101        0.003403225806451601
102        0.02517741935483872
103        0.002782258064516115
104        0.006403225806451613
105        0.001959677419354833
106        0.002040322580645156
107        0.03545967741935488
108        0.0027419354838709607
109        0.004604838709677403
110        0.004588709677419337
111        0.01676612903225805
112        0.009387096774193587
113        0.003999999999999992
114        0.008153225806451619
115        0.0019032258064516077
116        0.05556451612903231
117        0.004983870967741924
118        0.0033548387096774103
119        0.0051774193548387
120        0.007798387096774226
121        0.010564516129032284
122        0.00768548387096775
123        0.005145161290322569
124        0.0028790322580645065
125        0.0021129032258064458
126        0.002274193548387091
127        0.004459677419354826
128        0.03615322580645166
129        0.00198387096774193
130        0.028201612903225835
131        0.05984677419354842
132        0.003556451612903212
133        0.0028548387096774086
134        0.005330645161290315
135        0.02525806451612904
136        0.028475806451612934
137        0.0032016129032257958
138        0.002661290322580633
139        0.0029112903225806345
140        0.013499999999999996
141        0.0022016129032258014
142        0.005999999999999998
143        0.01787096774193548
144        0.003290322580645149
145        0.0028790322580645096
146        0.01728225806451612
147        0.0034999999999999927
148        0.013991935483870975
149        0.0033790322580645083
150        0.0037822580645161166
151        0.051032258064516146
152        0.0034758064516128943
153        0.0017338709677419317
154        0.0035645161290322525
155        0.023379032258064526
156        0.0017580645161290273
157        0.02708064516129038
158        0.0031048387096774114
159        0.01054032258064516
160        0.005258064516129031
161        0.0070887096774193735
162        0.006774193548387105
163        0.002588709677419349
164        0.008290322580645161
165        0.004185483870967732
166        0.019532258064516115
167        0.00750806451612905
168        0.0019758064516128978
169        0.018249999999999985
170        0.01345967741935483
171        0.007193548387096772
172        0.01393548387096772
173        0.0017903225806451572
174        0.002822580645161284
175        0.014588709677419362
176        0.0032499999999999933
177        0.007161290322580647
178        0.001879032258064511
179        0.007983870967741943
180        0.0020403225806451555
181        0.024870967741935486
182        0.053387096774193565
183        0.016475806451612906
184        0.004524193548387084
185        0.004209677419354824
186        0.004854838709677407
187        0.005209677419354835
188        0.0018145161290322534
189        0.02139516129032256
190        0.0017499999999999964
191        0.002991935483870955
192        0.0018306451612903174
193        0.009346774193548412
194        0.002362903225806445
195        0.03724193548387101
196        0.0017016129032258027
197        0.00215322580645161
198        0.056129032258064544
199        0.002830645161290315
200        0.0024838709677419252
201        0.002306451612903221
202        0.01983870967741933
203        0.0026532258064516064
204        0.0018629032258064468
205        0.006193548387096791
206        0.012548387096774204
207        0.004774193548387078
208        0.026032258064516173
209        0.0018629032258064464
210        0.0032580645161290247
211        0.0017741935483870923
212        0.002580645161290315
213        0.001822580645161284
214        0.003032258064516122
215        0.0026209677419354793
216        0.002451612903225798
217        0.057185483870967745
218        0.001749999999999996
219        0.0017499999999999948
220        0.003919354838709666
221        0.012629032258064528
222        0.002596774193548379
223        0.0028467741935483803
224        0.01073387096774193
225        0.00929032258064517
226        0.002008064516129026
227        0.029112903225806466
228        0.0018225806451612854
229        0.05881451612903227
230        0.0035967741935483783
231        0.0017177419354838669
232        0.006604838709677433
233        0.010153225806451654
234        0.0017983870967741883
235        0.021443548387096775
236        0.0017177419354838677
237        0.005129032258064504
238        0.03800806451612908
239        0.005233870967741926
240        0.00667741935483872
241        0.002258064516129027
242        0.03192741935483875
243        0.013758064516129037
244        0.011822580645161299
245        0.03507258064516132
246        0.010387096774193572
247        0.004709677419354826
248        0.0506209677419355
249        0.02285483870967745
250        0.006129032258064524
251        0.003572580645161281
252        0.002741935483870962
253        0.024274193548387085
254        0.044846774193548426
255        0.002451612903225795
256        0.00318548387096773
257        0.02016129032258063
258        0.009258064516129053
259        0.0026693548387096695
260        0.005524193548387101
261        0.013580645161290341
262        0.0035806451612903157
263        0.0024032258064516036
264        0.0038951612903225736
265        0.08156451612903222
266        0.0043145161290322484
267        0.0017580645161290292
268        0.0018467741935483822
269        0.023080645161290336
270        0.0028145161290322506
271        0.011604838709677405
272        0.0022580645161290247
273        0.0025967741935483783
274        0.005016129032258055
275        0.03534677419354842
276        0.004733870967741924
277        0.007250000000000021
278        0.0031048387096774123
279        0.0021935483870967674
280        0.0017661290322580606
281        0.004282258064516114
282        0.010314516129032274
283        0.004846774193548373
284        0.0027338709677419263
285        0.003056451612903216
286        0.0022580645161290264
287        0.002459677419354834
288        0.06216935483870966
289        0.05600000000000002
290        0.003975806451612893
291        0.01491935483870967
292        0.004749999999999988
293        0.011282258064516134
294        0.002427419354838706
295        0.0017419354838709633
296        0.0018225806451612845
297        0.0037096774193548275
298        0.0086935483870968
299        0.006532258064516127
300        0.020524193548387092
301        0.0019999999999999944
302        0.010629032258064542
303        0.003612903225806435
304        0.001774193548387092
305        0.002451612903225801
306        0.002185483870967734
307        0.00504838709677418
308        0.0019999999999999944
309        0.0043951612903225705
310        0.0017016129032258027
311        0.004725806451612892
312        0.01003225806451616
313        0.004104838709677408
314        0.00619354838709677
315        0.003499999999999989
316        0.00285483870967741
317        0.05828225806451619
318        0.001975806451612899
319        0.0030161290322580554
320        0.009459677419354873
321        0.01589516129032256
322        0.006612903225806448
323        0.03197580645161298
324        0.03312096774193552
325        0.01810483870967738
326        0.0017338709677419317
327        0.003637096774193535
328        0.005370967741935477
329        0.004919354838709673
330        0.005870967741935485
331        0.00227419354838709
332        0.0017741935483870912
333        0.0020967741935483826
334        0.005677419354838711
335        0.003620967741935472
336        0.0026370967741935385
337        0.005983870967741939
338        0.025758064516129053
339        0.0036854838709677313
340        0.07661290322580644
341        0.008459677419354864
342        0.03136290322580652
343        0.05218548387096778
344        0.002370967741935478
345        0.017749999999999988
346        0.009024193548387132
347        0.004387096774193537
348        0.0039032258064516014
349        0.007620967741935507
350        0.05176612903225812
351        0.03718548387096781
352        0.03433870967741939
353        0.0034838709677419283
354        0.008879032258064534
355        0.021612903225806442
356        0.002322580645161284
357        0.010411290322580645
358        0.0023870967741935426
359        0.00991935483870971
360        0.01866935483870967
361        0.02436290322580648
362        0.0024999999999999927
363        0.008330645161290328
364        0.017145161290322567
365        0.0027741935483870895
366        0.004822580645161277
367        0.0018387096774193496
368        0.009427419354838715
369        0.002177419354838705
370        0.004145161290322568
371        0.0018629032258064473
372        0.053379032258064625
373        0.0066774193548387204
374        0.006475806451612901
375        0.023209677419354827
376        0.002314516129032251
377        0.004419354838709667
378        0.001709677419354835
379        0.0018870967741935443
380        0.002782258064516123
381        0.005177419354838703
382        0.0028709677419354734
383        0.024991935483870985
384        0.005282258064516114
385        0.009774193548387123
386        0.012862903225806452
387        0.0019354838709677372
388        0.004879032258064503
389        0.05166935483870968
390        0.0017258064516128993
391        0.002330645161290314
392        0.0054596774193548326
393        0.00208870967741935
394        0.0021935483870967705
395        0.004145161290322565
396        0.007629032258064529
397        0.014500000000000013
398        0.004072580645161282
399        0.004830645161290303
400        0.005241935483870962
401        0.0017983870967741883
402        0.0017177419354838669
403        0.009161290322580652
404        0.029427419354838728
405        0.0018548387096774149
406        0.0016774193548387058
407        0.0032096774193548306
408        0.009040322580645173
409        0.0017822580645161248
410        0.008225806451612921
411        0.002249999999999995
412        0.0018225806451612856
413        0.011000000000000008
414        0.0035161290322580497
415        0.0017096774193548347
416        0.01739516129032256
417        0.004274193548387077
418        0.004129032258064508
419        0.03683870967741938
420        0.0032258064516128915
421        0.004879032258064503
422        0.0073629032258064695
423        0.0020967741935483796
424        0.004233870967741924
425        0.001846774193548382
426        0.01543548387096774
427        0.0025967741935483783
428        0.002362903225806445
429        0.0034193548387096654
430        0.003104838709677409
431        0.0018064516129032218
432        0.027830645161290343
433        0.00845161290322581
434        0.04679838709677421
435        0.0031612903225806312
436        0.019806451612903234
437        0.0032177419354838654
438        0.0022499999999999933
439        0.0353629032258065
440        0.018846774193548375
441        0.0038790322580645087
442        0.003895161290322568
443        0.003153225806451607
444        0.0027580645161290273
445        0.01654032258064514
446        0.04474193548387101
447        0.0018548387096774136
448        0.004088709677419342
449        0.01938709677419355
450        0.0040161290322580515
451        0.012604838709677433
452        0.0030645161290322525
453        0.00726612903225808
454        0.014725806451612877
455        0.011814516129032272
456        0.012846774193548367
457        0.0032096774193548262
458        0.023016129032258078
459        0.015653225806451614
460        0.0057499999999999895
461        0.0020725806451612843
462        0.003483870967741928
463        0.011306451612903248
464        0.007532258064516131
465        0.0460403225806452
466        0.004282258064516119
467        0.0030725806451612774
468        0.0017983870967741877
469        0.014258064516129017
470        0.0064112903225806515
471        0.002008064516129028
472        0.005822580645161288
473        0.0250967741935484
474        0.008661290322580652
475        0.001790322580645156
476        0.007588709677419369
477        0.0017338709677419315
478        0.0030645161290322486
479        0.02407258064516129
480        0.003548387096774182
481        0.0018145161290322532
482        0.0018064516129032212
483        0.003427419354838695
484        0.0024112903225806366
485        0.00306451612903225
486        0.002379032258064512
487        0.0033870967741935353
488        0.003508064516129022
489        0.0028306451612903133
490        0.002008064516129028
491        0.006959677419354841
492        0.001733870967741931
493        0.0024032258064516005
494        0.005056451612903219
495        0.0019838709677419304
496        0.0017983870967741885
497        0.0023548387096774116
498        0.03983870967741937
499        0.005919354838709685
500        0.001830645161290319
501        0.003370967741935474
502        0.00291935483870967
503        0.002088709677419348
504        0.0035241935483870846
505        0.07100000000000004
506        0.0020967741935483826
507        0.00396774193548386
508        0.005822580645161288
509        0.009927419354838733
510        0.020088709677419322
511        0.004467741935483856
512        0.0017177419354838669
513        0.0017661290322580597
514        0.001822580645161286
515        0.006040322580645168
516        0.004991935483870959
517        0.00916935483870969
518        0.015072580645161298
519        0.006225806451612899
520        0.0017258064516128984
521        0.0027419354838709633
522        0.004879032258064508
523        0.0019193548387096719
524        0.008556451612903221
525        0.002330645161290314
526        0.022064516129032277
527        0.0031774193548387013
528        0.00554032258064515
529        0.002709677419354826
530        0.005379032258064509
531        0.01989516129032255
532        0.0032822580645161174
533        0.002120967741935477
534        0.001822580645161285
535        0.0026290322580645093
536        0.023048387096774196
537        0.003903225806451594
538        0.003766129032258054
539        0.0021612903225806403
540        0.0019274193548387045
541        0.0022096774193548314
542        0.0017499999999999957
543        0.007435483870967746
544        0.0079193548387097
545        0.006645161290322575
546        0.005588709677419348
547        0.00378225806451612
548        0.0022258064516128984
549        0.01131451612903229
550        0.04152419354838715
551        0.0025483870967741855
552        0.007733870967741956
553        0.004814516129032242
554        0.01752419354838706
555        0.006911290322580644
556        0.0017661290322580595
557        0.015201612903225786
558        0.03266129032258066
559        0.00256451612903225
560        0.0017096774193548344
561        0.0017177419354838664
562        0.002685483870967732
563        0.011395161290322586
564        0.003435483870967724
565        0.0023870967741935426
566        0.003435483870967732
567        0.0029112903225806384
568        0.008782258064516144
569        0.009959677419354862
570        0.036709677419354866
571        0.004733870967741919
572        0.003854838709677409
573        0.0032661290322580517
574        0.0019596774193548334
575        0.0026612903225806377
576        0.03866935483870971
577        0.030282258064516156
578        0.022927419354838722
579        0.003749999999999987
580        0.022620967741935463
581        0.010669354838709668
582        0.002249999999999996
583        0.002637096774193543
584        0.03688709677419359
585        0.007056451612903232
586        0.0022258064516128932
587        0.006056451612903216
588        0.009483870967741956
589        0.010693548387096801
590        0.0018064516129032218
591        0.0028790322580645074
592        0.0056129032258064706
593        0.04418548387096779
594        0.009572580645161297
595        0.006258064516129026
596        0.0049838709677419235
597        0.05283064516129036
598        0.0027338709677419276
599        0.029201612903225843
600        0.0030483870967741803
601        0.05275000000000004
602        0.002975806451612893
603        0.056548387096774254
604        0.0041209677419354685
605        0.0031612903225806373
606        0.0018225806451612856
607        0.0029516129032257947
608        0.0070483870967742
609        0.002677419354838703
610        0.004370967741935465
611        0.06761290322580643
612        0.00389516129032257
613        0.005911290322580643
614        0.0016774193548387056
615        0.016814516129032217
616        0.04949193548387096
617        0.019249999999999958
618        0.0075564516129032425
619        0.0026370967741935385
