0        0.0027983870967741827
1        0.0028951612903225688
2        0.002959677419354831
3        0.002427419354838702
4        0.0033951612903225688
5        0.0016693548387096738
6        0.0020806451612903165
7        0.0029677419354838604
8        0.0023709677419354786
9        0.01067741935483872
10        0.0019516129032257994
11        0.002088709677419349
12        0.0017822580645161245
13        0.0020564516129032177
14        0.001741935483870963
15        0.008129032258064533
16        0.003298387096774187
17        0.0019758064516128973
18        0.0020725806451612817
19        0.001717741935483867
20        0.002701612903225798
21        0.0020967741935483796
22        0.0019112903225806405
23        0.0063064516129032215
24        0.002177419354838702
25        0.0017499999999999957
26        0.001709677419354834
27        0.0017419354838709628
28        0.0017983870967741892
29        0.0016612903225806423
30        0.0016532258064516094
31        0.004080645161290314
32        0.0044032258064516
33        0.0017419354838709633
34        0.003709677419354827
35        0.007919354838709687
36        0.001709677419354835
37        0.0020080645161290236
38        0.0019435483870967676
39        0.0030403225806451537
40        0.002661290322580638
41        0.003620967741935473
42        0.00169354838709677
43        0.006645161290322587
44        0.002233870967741922
45        0.0024758064516128974
46        0.0035322580645161168
47        0.0017822580645161245
48        0.0024193548387096693
49        0.0020564516129032216
50        0.0060564516129032265
51        0.0016532258064516092
52        0.0018709677419354784
53        0.0018548387096774153
54        0.0042016129032257914
55        0.0023870967741935444
56        0.013290322580645164
57        0.0018709677419354795
58        0.007556451612903236
59        0.0031209677419354732
60        0.0054274193548386985
61        0.0017177419354838658
62        0.0038064516129032162
63        0.0027661290322580556
64        0.0017338709677419308
65        0.002241935483870962
66        0.0016774193548387056
67        0.014435483870967747
68        0.006588709677419361
69        0.0020645161290322516
70        0.012556451612903244
71        0.0027016129032257944
72        0.0025161290322580575
73        0.0017983870967741892
74        0.0016693548387096734
75        0.002508064516129025
76        0.0017258064516129
77        0.0016370967741935452
78        0.0024596774193548308
79        0.0023790322580645095
80        0.0016612903225806412
81        0.0018225806451612856
82        0.0027419354838709616
83        0.0051693548387096696
84        0.0021209677419354767
85        0.0023145161290322506
86        0.0019274193548387024
87        0.010153225806451614
88        0.0033064516129032127
89        0.013411290322580647
90        0.012403225806451612
91        0.0018629032258064458
92        0.0017096774193548347
93        0.002258064516129027
94        0.0017983870967741896
95        0.0017419354838709641
96        0.0019516129032258018
97        0.0024112903225806366
98        0.002225806451612898
99        0.0020967741935483818
100        0.001741935483870963
101        0.0023064516129032197
102        0.0038467741935483734
103        0.001999999999999993
104        0.002258064516129025
105        0.0017661290322580606
106        0.001846774193548383
107        0.005451612903225802
108        0.0021290322580645093
109        0.002080645161290314
110        0.0019274193548387028
111        0.004322580645161275
112        0.003177419354838699
113        0.0026209677419354784
114        0.00256451612903225
115        0.0018709677419354788
116        0.008169354838709692
117        0.002903225806451607
118        0.0021774193548387017
119        0.002903225806451605
120        0.002419354838709668
121        0.0026774193548387017
122        0.0019758064516128978
123        0.0025322580645161185
124        0.0019354838709677372
125        0.0017822580645161248
126        0.0019032258064516077
127        0.002411290322580636
128        0.007524193548387101
129        0.001709677419354834
130        0.005258064516129022
131        0.00998387096774194
132        0.001822580645161284
133        0.0019032258064516064
134        0.0020564516129032216
135        0.003604838709677409
136        0.006161290322580643
137        0.0021935483870967674
138        0.001830645161290318
139        0.0020887096774193457
140        0.002233870967741928
141        0.0019516129032258022
142        0.002620967741935475
143        0.003959677419354829
144        0.0023145161290322523
145        0.0021370967741935407
146        0.0033225806451612806
147        0.002491935483870961
148        0.002887096774193538
149        0.001967741935483866
150        0.002588709677419346
151        0.008032258064516134
152        0.002475806451612897
153        0.0016532258064516092
154        0.002556451612903218
155        0.003580645161290312
156        0.0016774193548387058
157        0.003999999999999985
158        0.002451612903225801
159        0.002903225806451604
160        0.001951612903225799
161        0.002258064516129022
162        0.002193548387096768
163        0.001959677419354834
164        0.003419354838709671
165        0.002153225806451606
166        0.00362096774193547
167        0.0021774193548386995
168        0.001774193548387092
169        0.0037580645161290186
170        0.002838709677419346
171        0.002193548387096768
172        0.003258064516129019
173        0.0016854838709677376
174        0.0021774193548387047
175        0.0034838709677419257
176        0.0021854838709677357
177        0.0023387096774193455
178        0.0017419354838709635
179        0.0032258064516128976
180        0.0019516129032258011
181        0.004338709677419344
182        0.009725806451612903
183        0.0031935483870967653
184        0.0021612903225806408
185        0.0027983870967741866
186        0.0021209677419354762
187        0.002362903225806446
188        0.0016774193548387058
189        0.005241935483870961
190        0.0016612903225806418
191        0.002145161290322573
192        0.001733870967741932
193        0.0028145161290322497
194        0.0017983870967741887
195        0.006177419354838707
196        0.0017419354838709635
197        0.001669354838709674
198        0.011653225806451612
199        0.002112903225806444
200        0.0017177419354838666
201        0.0017096774193548344
202        0.0033306451612903115
203        0.001862903225806446
204        0.0017741935483870921
205        0.0018629032258064447
206        0.003322580645161277
207        0.0016532258064516098
208        0.004709677419354827
209        0.0017580645161290283
210        0.00248387096774193
211        0.001725806451612899
212        0.002161290322580639
213        0.0017016129032258027
214        0.0022419354838709633
215        0.00183870967741935
216        0.0019838709677419317
217        0.010564516129032258
218        0.0018145161290322514
219        0.001709677419354835
220        0.0025806451612903148
221        0.0024596774193548286
222        0.001911290322580639
223        0.002104838709677415
224        0.0033629032258064434
225        0.0030806451612903113
226        0.00176612903225806
227        0.004879032258064502
228        0.0017661290322580606
229        0.011620967741935486
230        0.0028064516129032197
231        0.0017016129032258027
232        0.00201612903225806
233        0.0020887096774193483
234        0.0016774193548387062
235        0.004395161290322569
236        0.0019112903225806416
237        0.0033709677419354743
238        0.005161290322580637
239        0.00210483870967741
240        0.0028064516129032175
241        0.0018548387096774142
242        0.004895161290322564
243        0.0033387096774193433
244        0.003346774193548376
245        0.00738709677419355
246        0.002701612903225797
247        0.0017258064516128995
248        0.00993548387096775
249        0.004395161290322567
250        0.0022983870967741866
251        0.0018870967741935443
252        0.002379032258064509
253        0.004741935483870956
254        0.008500000000000014
255        0.001951612903225801
256        0.002153225806451607
257        0.0036451612903225707
258        0.0024999999999999935
259        0.001895161290322577
260        0.0020564516129032186
261        0.0029354838709677324
262        0.0019193548387096723
263        0.0019112903225806399
264        0.0025887096774193474
265        0.02150000000000001
266        0.002048387096774184
267        0.001709677419354835
268        0.0017983870967741887
269        0.003822580645161277
270        0.0018387096774193507
271        0.00249999999999999
272        0.001717741935483866
273        0.0017580645161290273
274        0.002999999999999993
275        0.006185483870967739
276        0.0022822580645161217
277        0.0023709677419354743
278        0.0017258064516128984
279        0.001903225806451607
280        0.0016290322580645128
281        0.001741935483870963
282        0.0031693548387096665
283        0.001725806451612898
284        0.0017419354838709628
285        0.0020241935483870915
286        0.001814516129032254
287        0.0017016129032258018
288        0.009927419354838709
289        0.010032258064516138
290        0.0025241935483870893
291        0.003572580645161276
292        0.0028387096774193437
293        0.0021451612903225737
294        0.001653225806451609
295        0.0017096774193548342
296        0.0016854838709677382
297        0.0023145161290322514
298        0.002088709677419348
299        0.0025887096774193487
300        0.005096774193548377
301        0.001709677419354834
302        0.002927419354838698
303        0.0018306451612903171
304        0.0016693548387096738
305        0.0018870967741935437
306        0.00191129032258064
307        0.0024354838709677354
308        0.0017983870967741892
309        0.0022741935483870882
310        0.001669354838709674
311        0.002790322580645152
312        0.0027903225806451483
313        0.0021129032258064453
314        0.0022096774193548305
315        0.0022258064516128963
316        0.002088709677419347
317        0.011427419354838706
318        0.0017580645161290281
319        0.0022338709677419315
320        0.0022499999999999938
321        0.0027096774193548297
322        0.002427419354838702
323        0.004499999999999989
324        0.006588709677419358
325        0.004104838709677407
326        0.001669354838709674
327        0.002080645161290315
328        0.0026290322580645063
329        0.0028629032258064456
330        0.0020403225806451568
331        0.0018709677419354778
332        0.0016935483870967702
333        0.001911290322580639
334        0.0030645161290322517
335        0.002395161290322573
336        0.001741935483870964
337        0.0021370967741935394
338        0.0058629032258064465
339        0.001887096774193543
340        0.013282258064516128
341        0.0027822580645161165
342        0.006274193548387109
343        0.007975806451612907
344        0.0017903225806451576
345        0.0038629032258064386
346        0.003185483870967725
347        0.0024919354838709613
348        0.0019354838709677359
349        0.0026451612903225672
350        0.008879032258064514
351        0.006774193548387098
352        0.006725806451612892
353        0.0020887096774193496
354        0.0023306451612903154
355        0.004661290322580632
356        0.0017258064516128993
357        0.004387096774193539
358        0.002056451612903218
359        0.002346774193548379
360        0.0035887096774193435
361        0.005225806451612893
362        0.0019112903225806414
363        0.002709677419354832
364        0.0032096774193548267
365        0.0021129032258064453
366        0.0016451612903225774
367        0.001653225806451609
368        0.0027096774193548284
369        0.0018870967741935422
370        0.0017419354838709628
371        0.001758064516129028
372        0.006556451612903231
373        0.0021612903225806356
374        0.003395161290322573
375        0.004887096774193537
376        0.001717741935483866
377        0.0026935483870967674
378        0.0016935483870967705
379        0.0017419354838709641
380        0.0022338709677419293
381        0.0019516129032257988
382        0.0021048387096774127
383        0.00533064516129031
384        0.00183870967741935
385        0.002298387096774188
386        0.0034516129032257986
387        0.001862903225806448
388        0.0023870967741935396
389        0.008790322580645158
390        0.0016532258064516092
391        0.0016854838709677378
392        0.001862903225806447
393        0.0018629032258064458
394        0.0016693548387096738
395        0.0023870967741935413
396        0.002096774193548379
397        0.0046935483870967605
398        0.0024596774193548316
399        0.002346774193548379
400        0.0030080645161290258
401        0.0017177419354838669
402        0.0016774193548387056
403        0.0022983870967741866
404        0.0048951612903225675
405        0.0017258064516128989
406        0.0016774193548387067
407        0.0020241935483870893
408        0.002467741935483863
409        0.001717741935483866
410        0.0030080645161290214
411        0.0017096774193548342
412        0.001741935483870963
413        0.002975806451612894
414        0.0024919354838709587
415        0.0016774193548387054
416        0.0023225806451612823
417        0.0018225806451612854
418        0.0018387096774193513
419        0.004685483870967729
420        0.0018548387096774157
421        0.0025887096774193474
422        0.0022258064516128954
423        0.0018387096774193496
424        0.0027580645161290247
425        0.0017661290322580612
426        0.0039032258064516023
427        0.0022338709677419276
428        0.0016774193548387054
429        0.0021451612903225746
430        0.002080645161290315
431        0.0017419354838709641
432        0.005629032258064513
433        0.003322580645161277
434        0.006935483870967739
435        0.0017983870967741885
436        0.0038709677419354726
437        0.0021209677419354793
438        0.0019919354838709626
439        0.005564516129032246
440        0.0032419354838709546
441        0.002669354838709672
442        0.0022338709677419298
443        0.00183870967741935
444        0.0018467741935483824
445        0.003870967741935471
446        0.009201612903225813
447        0.001758064516129028
448        0.0025080645161290253
449        0.003991935483870958
450        0.0021048387096774136
451        0.0027419354838709577
452        0.002338709677419349
453        0.0031612903225806334
454        0.003112903225806442
455        0.0020241935483870906
456        0.0031048387096774066
457        0.0020403225806451524
458        0.0037016129032257953
459        0.004467741935483858
460        0.002362903225806446
461        0.001814516129032254
462        0.0016693548387096734
463        0.0022903225806451526
464        0.002467741935483863
465        0.007693548387096778
466        0.0025403225806451533
467        0.0019193548387096734
468        0.0016774193548387062
469        0.0030080645161290253
470        0.0021370967741935433
471        0.0017661290322580595
472        0.002024193548387089
473        0.004379032258064504
474        0.0024435483870967637
475        0.0017177419354838669
476        0.0024838709677419257
477        0.0016774193548387056
478        0.002354838709677412
479        0.00401612903225805
480        0.0019112903225806386
481        0.001685483870967738
482        0.0016532258064516094
483        0.0022903225806451544
484        0.0019516129032258007
485        0.0022580645161290264
486        0.0018870967741935426
487        0.001967741935483867
488        0.002362903225806443
489        0.001685483870967738
490        0.0017419354838709635
491        0.0029516129032258
492        0.0017096774193548347
493        0.0017096774193548344
494        0.002411290322580639
495        0.0017661290322580606
496        0.0017096774193548353
497        0.0019193548387096725
498        0.007419354838709673
499        0.0019435483870967683
500        0.001741935483870964
501        0.00237903225806451
502        0.002153225806451607
503        0.0017258064516129002
504        0.0022499999999999916
505        0.012338709677419355
506        0.0016612903225806418
507        0.002290322580645156
508        0.0027499999999999938
509        0.00205645161290322
510        0.003435483870967732
511        0.0018951612903225752
512        0.0016693548387096734
513        0.0016854838709677378
514        0.0016935483870967702
515        0.0026290322580645093
516        0.0030725806451612813
517        0.0026854838709677326
518        0.006032258064516123
519        0.0019999999999999944
520        0.0016774193548387065
521        0.002008064516129028
522        0.002516129032258059
523        0.0017016129032258022
524        0.004749999999999989
525        0.001814516129032254
526        0.0044596774193548265
527        0.002225806451612898
528        0.0019193548387096695
529        0.0018951612903225752
530        0.0017903225806451552
531        0.003951612903225792
532        0.0022499999999999916
533        0.001919354838709672
534        0.001645161290322577
535        0.002096774193548384
536        0.004508064516129023
537        0.0018145161290322523
538        0.002338709677419347
539        0.0018467741935483829
540        0.0018145161290322532
541        0.0017096774193548342
542        0.001685483870967738
543        0.002870967741935476
544        0.002346774193548378
545        0.003927419354838704
546        0.002645161290322572
547        0.002379032258064509
548        0.0019032258064516081
549        0.003104838709677409
550        0.008766129032258077
551        0.0018387096774193507
552        0.002346774193548378
553        0.0019032258064516064
554        0.002330645161290315
555        0.003032258064516122
556        0.0016290322580645126
557        0.002499999999999992
558        0.004967741935483856
559        0.001991935483870962
560        0.0016693548387096738
561        0.0016370967741935446
562        0.0017822580645161232
563        0.00346774193548386
564        0.0016774193548387062
565        0.0018145161290322534
566        0.002145161290322573
567        0.0018709677419354786
568        0.0025080645161290227
569        0.004096774193548374
570        0.0066209677419354915
571        0.0019193548387096734
572        0.0022338709677419276
573        0.0018548387096774142
574        0.0017177419354838666
575        0.0018548387096774142
576        0.007137096774193552
577        0.0040241935483870854
578        0.004717741935483859
579        0.002185483870967734
580        0.0033870967741935387
581        0.0032661290322580517
582        0.0017096774193548344
583        0.001935483870967738
584        0.0074112903225806515
585        0.0027258064516128932
586        0.0017983870967741883
587        0.0022177419354838645
588        0.0032258064516128924
589        0.002209677419354833
590        0.0016693548387096732
591        0.001999999999999995
592        0.0018064516129032199
593        0.007241935483870971
594        0.002451612903225796
595        0.0023951612903225727
596        0.0026451612903225707
597        0.008185483870967743
598        0.0023467741935483794
599        0.003330645161290313
600        0.0017338709677419315
601        0.008000000000000002
602        0.0018306451612903182
603        0.008862903225806457
604        0.0020967741935483787
605        0.001951612903225801
606        0.0017016129032258022
607        0.0016532258064516092
608        0.002306451612903218
609        0.0020483870967741864
610        0.0017822580645161254
611        0.013185483870967745
612        0.002362903225806441
613        0.0034354838709677337
614        0.0017338709677419315
615        0.003056451612903216
616        0.008959677419354845
617        0.0023548387096774103
618        0.0021854838709677374
619        0.0021451612903225746
