0        0.4842983870967742
1        0.37316935483870933
2        0.4326774193548383
3        0.5618387096774194
4        0.4118064516129029
5        0.03150806451612913
6        0.42686290322580633
7        0.4070967741935483
8        0.27901612903225825
9        0.5910483870967744
10        0.23841935483870944
11        0.07842741935483873
12        0.1313709677419355
13        0.24262903225806393
14        0.03449193548387099
15        0.5893951612903223
16        0.23992741935483886
17        0.5066209677419352
18        0.23787096774193495
19        0.17456451612903195
20        0.5082983870967742
21        0.2550322580645161
22        0.2852338709677419
23        0.5889354838709677
24        0.21623387096774177
25        0.20508870967741888
26        0.08808870967741937
27        0.24619354838709626
28        0.19658064516129012
29        0.08929032258064516
30        0.0624435483870969
31        0.5716774193548388
32        0.5802741935483872
33        0.007419354838709674
34        0.5238145161290324
35        0.591516129032258
36        0.0024758064516128987
37        0.25287096774193507
38        0.21390322580645113
39        0.5352096774193543
40        0.5337177419354842
41        0.5919838709677421
42        0.12996774193548372
43        0.5828790322580644
44        0.2329354838709672
45        0.52275
46        0.5272741935483869
47        0.24745161290322548
48        0.5155322580645162
49        0.23030645161290322
50        0.5863145161290323
51        0.021056451612903215
52        0.28568548387096754
53        0.13647580645161259
54        0.5466048387096774
55        0.13112903225806455
56        0.586282258064516
57        0.18805645161290294
58        0.5853790322580643
59        0.34371774193548355
60        0.5682661290322578
61        0.22413709677419305
62        0.5767741935483868
63        0.5644435483870968
64        0.21563709677419307
65        0.5511370967741936
66        0.047427419354838796
67        0.5870887096774197
68        0.5819838709677417
69        0.4227499999999997
70        0.5861612903225805
71        0.28402419354838704
72        0.4491774193548385
73        0.10524999999999986
74        0.13300806451612882
75        0.2981048387096775
76        0.09461290322580636
77        0.020064516129032234
78        0.13251612903225812
79        0.5582500000000001
80        0.12295161290322552
81        0.3599999999999997
82        0.5093709677419352
83        0.5604193548387097
84        0.20444354838709652
85        0.5170403225806449
86        0.3231774193548382
87        0.5879193548387098
88        0.5426774193548387
89        0.58716935483871
90        0.5909193548387102
91        0.35090322580645117
92        0.16806451612903184
93        0.2393225806451613
94        0.15791935483870945
95        0.04329032258064519
96        0.10952419354838701
97        0.24686290322580595
98        0.3125564516129031
99        0.316556451612903
100        0.2120403225806445
101        0.23973387096774204
102        0.5662983870967742
103        0.21929838709677413
104        0.5199193548387093
105        0.08279838709677416
106        0.2080483870967738
107        0.5884999999999995
108        0.2001290322580645
109        0.49440322580645135
110        0.3486290322580641
111        0.4972258064516126
112        0.36370967741935445
113        0.46750806451612903
114        0.5499596774193545
115        0.04398387096774197
116        0.5916451612903226
117        0.2760564516129032
118        0.47727419354838685
119        0.24799193548387105
120        0.32803225806451564
121        0.4907419354838709
122        0.36356451612903173
123        0.562040322580645
124        0.19257258064516125
125        0.1785241935483869
126        0.17445161290322575
127        0.49370161290322556
128        0.5936129032258064
129        0.1629838709677418
130        0.5815887096774192
131        0.5856612903225806
132        0.33035483870967725
133        0.32931451612903184
134        0.5569274193548386
135        0.5807338709677416
136        0.5891612903225805
137        0.19878225806451613
138        0.2850483870967737
139        0.35375806451612873
140        0.36329838709677387
141        0.09733064516129022
142        0.5307661290322581
143        0.5856451612903227
144        0.23042741935483868
145        0.09171774193548395
146        0.5599193548387099
147        0.25885483870967724
148        0.4976935483870969
149        0.44719354838709663
150        0.24555645161290315
151        0.5916693548387095
152        0.23003225806451602
153        0.03961290322580651
154        0.12109677419354847
155        0.5780645161290324
156        0.07029838709677431
157        0.5740645161290325
158        0.11833064516129035
159        0.5528951612903226
160        0.3267822580645157
161        0.2624999999999994
162        0.3995645161290318
163        0.3609838709677418
164        0.5690887096774194
165        0.5284274193548386
166        0.5186693548387099
167        0.23742741935483824
168        0.21610483870967684
169        0.5808629032258064
170        0.4410483870967738
171        0.4781935483870965
172        0.5254193548387097
173        0.06427419354838722
174        0.08112096774193547
175        0.5379838709677416
176        0.4434919354838708
177        0.4400403225806448
178        0.040629032258064565
179        0.570935483870968
180        0.042129032258064525
181        0.5860564516129032
182        0.5881612903225811
183        0.57241935483871
184        0.5163951612903223
185        0.5694677419354837
186        0.42495161290322536
187        0.4006854838709677
188        0.09789516129032255
189        0.5141612903225805
190        0.08348387096774196
191        0.4461129032258061
192        0.15009677419354828
193        0.5577661290322575
194        0.27121774193548354
195        0.5904354838709674
196        0.07725806451612913
197        0.1436209677419353
198        0.5894596774193548
199        0.36165322580645126
200        0.19328225806451563
201        0.22314516129032214
202        0.5594435483870964
203        0.2925483870967739
204        0.044500000000000005
205        0.24355645161290268
206        0.4527580645161286
207        0.2173467741935478
208        0.5765564516129031
209        0.01765322580645162
210        0.14020161290322578
211        0.028935483870967754
212        0.08335483870967744
213        0.07389516129032268
214        0.10566129032258066
215        0.037451612903225844
216        0.33476612903225805
217        0.5872016129032258
218        0.07251612903225815
219        0.029895161290322686
220        0.4124435483870967
221        0.3609758064516124
222        0.40637096774193543
223        0.10826612903225807
224        0.5851774193548391
225        0.5500241935483873
226        0.1303387096774192
227        0.596701612903226
228        0.2717661290322575
229        0.5863467741935482
230        0.20212903225806456
231        0.011540322580645175
232        0.5387016129032256
233        0.20764516129032196
234        0.13312903225806413
235        0.5870403225806453
236        0.21603225806451562
237        0.27279032258064534
238        0.5833467741935482
239        0.2168145161290317
240        0.5613951612903224
241        0.060806451612903246
242        0.5815080645161289
243        0.43403225806451595
244        0.5475161290322581
245        0.5859032258064516
246        0.3678145161290318
247        0.2534999999999995
248        0.5865322580645166
249        0.5382016129032257
250        0.38699193548387045
251        0.45945161290322545
252        0.14247580645161287
253        0.5814274193548385
254        0.5861935483870969
255        0.2589999999999995
256        0.38400806451612857
257        0.5505725806451612
258        0.5515725806451613
259        0.06254838709677418
260        0.423564516129032
261        0.5257258064516127
262        0.4479193548387096
263        0.1478629032258063
264        0.07137903225806456
265        0.5846048387096772
266        0.36891935483870947
267        0.022185483870967717
268        0.272895161290322
269        0.577975806451613
270        0.307540322580645
271        0.3823387096774191
272        0.20499999999999954
273        0.2274999999999995
274        0.23570161290322603
275        0.5847258064516135
276        0.4590161290322581
277        0.33136290322580597
278        0.10516935483870965
279        0.17249999999999976
280        0.055790322580645285
281        0.3335403225806446
282        0.5680725806451614
283        0.24115322580645127
284        0.1462903225806449
285        0.5122903225806451
286        0.23133064516128982
287        0.20137903225806414
288        0.585685483870968
289        0.5930080645161291
290        0.5411935483870965
291        0.5069354838709674
292        0.5697419354838712
293        0.40099193548387085
294        0.16173387096774153
295        0.118298387096774
296        0.16894354838709627
297        0.3662499999999996
298        0.4513709677419353
299        0.569483870967742
300        0.5552822580645157
301        0.15701612903225767
302        0.43036290322580617
303        0.2962822580645158
304        0.0796129032258066
305        0.28545161290322574
306        0.14120161290322575
307        0.5374838709677418
308        0.20577419354838686
309        0.2564758064516124
310        0.05095967741935489
311        0.23259677419354843
312        0.37075806451612847
313        0.4968709677419357
314        0.20818548387096736
315        0.5036693548387093
316        0.3219032258064511
317        0.5910967741935482
318        0.05025000000000003
319        0.4512096774193548
320        0.4414758064516125
321        0.5479032258064516
322        0.33582258064516063
323        0.5807419354838709
324        0.581
325        0.5550725806451614
326        0.016120967741935496
327        0.4658951612903224
328        0.5465403225806451
329        0.22889516129032242
330        0.36720967741935445
331        0.0936290322580645
332        0.18243548387096736
333        0.4569032258064514
334        0.23021774193548394
335        0.5519435483870968
336        0.20120967741935455
337        0.33643548387096733
338        0.5675322580645161
339        0.27042741935483855
340        0.5927419354838711
341        0.33836290322580603
342        0.5746693548387095
343        0.5901935483870967
344        0.35441129032257995
345        0.5709435483870968
346        0.37873387096774136
347        0.5679596774193549
348        0.3393145161290317
349        0.22507258064516075
350        0.5868467741935484
351        0.5875080645161289
352        0.5881370967741936
353        0.23301612903225802
354        0.5070080645161288
355        0.5857580645161291
356        0.45326612903225766
357        0.5798709677419356
358        0.3712016129032255
359        0.41222580645161244
360        0.5930806451612901
361        0.573008064516129
362        0.3365645161290319
363        0.5517741935483866
364        0.552048387096774
365        0.38465322580645167
366        0.2176612903225801
367        0.02107258064516133
368        0.5571451612903228
369        0.1424677419354838
370        0.2152983870967736
371        0.0916370967741936
372        0.5893790322580644
373        0.42502419354838666
374        0.25607258064516125
375        0.5717741935483874
376        0.2377177419354834
377        0.5797822580645163
378        0.07839516129032276
379        0.026548387096774203
380        0.07254838709677419
381        0.25199999999999956
382        0.197758064516129
383        0.5662903225806448
384        0.23372580645161245
385        0.5055564516129027
386        0.5472096774193548
387        0.05614516129032267
388        0.3856370967741931
389        0.5845161290322581
390        0.03504032258064524
391        0.23002419354838644
392        0.36833064516129
393        0.13846774193548378
394        0.15624193548387066
395        0.5104193548387099
396        0.2446532258064512
397        0.5748629032258061
398        0.45683064516129046
399        0.228637096774193
400        0.24931451612903227
401        0.22367741935483834
402        0.11610483870967704
403        0.46251612903225764
404        0.5896854838709676
405        0.028266129032258083
406        0.17893548387096725
407        0.28980645161290275
408        0.5279274193548384
409        0.18882258064516078
410        0.4614838709677415
411        0.18766129032258025
412        0.15623387096774174
413        0.5003064516129032
414        0.47498387096774186
415        0.07624193548387112
416        0.4921693548387093
417        0.3755483870967737
418        0.4289032258064514
419        0.5878548387096771
420        0.24915322580645138
421        0.546056451612903
422        0.36079032258064486
423        0.26220967741935447
424        0.5617419354838709
425        0.053258064516129106
426        0.459725806451613
427        0.39549999999999985
428        0.2531774193548381
429        0.41476612903225807
430        0.34218548387096737
431        0.16391129032258042
432        0.5983709677419353
433        0.4300967741935478
434        0.5882419354838713
435        0.2534838709677414
436        0.5642016129032253
437        0.11776612903225812
438        0.18470967741935465
439        0.5842338709677422
440        0.4791693548387093
441        0.24549193548387094
442        0.3422499999999996
443        0.21374193548387047
444        0.23581451612903195
445        0.5238790322580643
446        0.5922096774193547
447        0.03020161290322581
448        0.5578225806451611
449        0.5750806451612903
450        0.5685967741935487
451        0.5549274193548388
452        0.14061290322580644
453        0.3510806451612899
454        0.5018225806451612
455        0.3661370967741933
456        0.5458870967741934
457        0.37309677419354803
458        0.5792822580645158
459        0.5643145161290323
460        0.4989112903225806
461        0.20587096774193536
462        0.1818467741935479
463        0.3975403225806449
464        0.23099193548387056
465        0.5936774193548385
466        0.2355241935483872
467        0.3457983870967738
468        0.09906451612903226
469        0.5659032258064516
470        0.4792661290322579
471        0.20361290322580608
472        0.34383870967741875
473        0.5589596774193548
474        0.4723145161290319
475        0.09916129032258045
476        0.49854838709677396
477        0.11001612903225796
478        0.4081129032258066
479        0.566008064516129
480        0.4312903225806449
481        0.20968548387096725
482        0.1707338709677416
483        0.21409677419354817
484        0.39670967741935464
485        0.08587096774193556
486        0.290314516129032
487        0.33381451612903185
488        0.5450241935483869
489        0.1723387096774189
490        0.0035161290322580584
491        0.5777258064516131
492        0.0186532258064516
493        0.20723387096774137
494        0.4589516129032259
495        0.13780645161290306
496        0.007491935483870961
497        0.2904999999999996
498        0.5913629032258069
499        0.24833870967741895
500        0.07534677419354846
501        0.1843790322580646
502        0.2268870967741936
503        0.08333064516129043
504        0.4261774193548385
505        0.5875806451612904
506        0.17032258064516095
507        0.51825
508        0.5630645161290325
509        0.4389435483870965
510        0.5598064516129035
511        0.23554032258064456
512        0.10937096774193515
513        0.04095161290322587
514        0.16916129032258034
515        0.5259596774193548
516        0.26981451612903234
517        0.5133467741935485
518        0.573701612903226
519        0.3567499999999996
520        0.010282258064516141
521        0.20654838709677403
522        0.45221774193548386
523        0.11648387096774186
524        0.5774274193548392
525        0.06570161290322588
526        0.5887419354838712
527        0.20937903225806434
528        0.2062338709677415
529        0.32903225806451586
530        0.22300806451612853
531        0.5327419354838707
532        0.3392419354838706
533        0.07266935483870983
534        0.03912903225806456
535        0.41019354838709676
536        0.5810483870967741
537        0.22935483870967702
538        0.5578387096774194
539        0.06678225806451608
540        0.02879032258064521
541        0.22894354838709613
542        0.04353225806451615
543        0.5470725806451615
544        0.4537741935483867
545        0.2583387096774194
546        0.5503467741935482
547        0.21937903225806454
548        0.07816935483870967
549        0.3935322580645158
550        0.5921532258064515
551        0.2115483870967738
552        0.4971693548387098
553        0.33643548387096733
554        0.5051209677419353
555        0.48619354838709655
556        0.024491935483871012
557        0.4896209677419352
558        0.5903467741935481
559        0.3608951612903224
560        0.17581451612903184
561        0.12510483870967698
562        0.2361048387096768
563        0.5838225806451611
564        0.2326290322580641
565        0.2062177419354836
566        0.4722096774193545
567        0.34414516129032224
568        0.44113709677419327
569        0.44281451612903205
570        0.5890161290322582
571        0.45119354838709624
572        0.49456451612903235
573        0.1978387096774188
574        0.10498387096774181
575        0.39541129032258043
576        0.5858064516129031
577        0.5876370967741934
578        0.5602661290322581
579        0.4425322580645161
580        0.5698306451612904
581        0.5630403225806453
582        0.19343548387096735
583        0.26271774193548375
584        0.591524193548387
585        0.4769435483870966
586        0.2144677419354832
587        0.4499112903225804
588        0.3712499999999996
589        0.35856451612903173
590        0.07092741935483886
591        0.19435483870967743
592        0.24175806451612844
593        0.5857983870967743
594        0.3729596774193542
595        0.5313306451612906
596        0.5653145161290322
597        0.5877903225806452
598        0.42958064516129035
599        0.5533467741935484
600        0.2412580645161286
601        0.5886532258064516
602        0.41994354838709674
603        0.5889677419354838
604        0.25051612903225773
605        0.29969354838709683
606        0.009903225806451645
607        0.23727419354838658
608        0.5480806451612902
609        0.1743548387096772
610        0.3206129032258058
611        0.5888467741935485
612        0.46192741935483833
613        0.24601612903225817
614        0.143814516129032
615        0.4442983870967736
616        0.587225806451613
617        0.45956451612903204
618        0.26192741935483843
619        0.40804032258064504
