0        0.4362822580645161
1        0.3313064516129029
2        0.3834999999999999
3        0.5402903225806454
4        0.3347338709677415
5        0.03491129032258074
6        0.34188709677419327
7        0.3863709677419356
8        0.22056451612903216
9        0.5507016129032256
10        0.18991129032258042
11        0.062185483870967756
12        0.108274193548387
13        0.21799999999999942
14        0.024354838709677428
15        0.5448306451612903
16        0.20116129032258076
17        0.4595080645161291
18        0.1924999999999994
19        0.13038709677419322
20        0.4493790322580644
21        0.17812903225806453
22        0.260258064516129
23        0.5531048387096772
24        0.12949999999999998
25        0.17784677419354783
26        0.0648629032258066
27        0.19113709677419316
28        0.1264032258064515
29        0.05025000000000012
30        0.04611290322580655
31        0.532016129032258
32        0.5225725806451611
33        0.006580645161290323
34        0.48386290322580655
35        0.5526693548387095
36        0.0026290322580645098
37        0.17045967741935428
38        0.1711290322580642
39        0.475532258064516
40        0.48942741935483847
41        0.5449112903225806
42        0.10357258064516127
43        0.549951612903226
44        0.20466935483870913
45        0.46173387096774177
46        0.47135483870967737
47        0.1856048387096774
48        0.45641935483870943
49        0.20658064516129027
50        0.5394999999999996
51        0.023137096774193525
52        0.2407580645161287
53        0.10508870967741929
54        0.48126612903225785
55        0.10592741935483874
56        0.5527096774193547
57        0.1624354838709676
58        0.5521612903225812
59        0.32018548387096735
60        0.48863709677419315
61        0.17124999999999954
62        0.5525080645161288
63        0.5149112903225807
64        0.20571774193548342
65        0.4985080645161288
66        0.017733870967741882
67        0.5516532258064518
68        0.5509274193548387
69        0.4341612903225803
70        0.551475806451613
71        0.2587338709677416
72        0.3452741935483869
73        0.12674193548387075
74        0.09259677419354836
75        0.20493548387096763
76        0.05447580645161304
77        0.01829032258064514
78        0.10225000000000012
79        0.5170403225806451
80        0.10959677419354827
81        0.28512096774193485
82        0.46195161290322573
83        0.5186612903225808
84        0.16090322580645147
85        0.4650403225806452
86        0.29356451612903184
87        0.5566612903225808
88        0.46719354838709654
89        0.553733870967742
90        0.5477258064516128
91        0.3566693548387094
92        0.1288306451612901
93        0.27148387096774207
94        0.13100806451612895
95        0.03309677419354841
96        0.04967741935483877
97        0.19035483870967695
98        0.22654032258064521
99        0.24176612903225791
100        0.22544354838709635
101        0.19951612903225815
102        0.5290403225806455
103        0.1678467741935482
104        0.4386532258064515
105        0.06053225806451615
106        0.13160483870967726
107        0.5492903225806454
108        0.16586290322580638
109        0.42051612903225793
110        0.3173064516129029
111        0.4505806451612902
112        0.3083790322580641
113        0.37388709677419363
114        0.49437096774193523
115        0.03616129032258068
116        0.5522983870967744
117        0.18506451612903224
118        0.40883870967741914
119        0.23534677419354846
120        0.36434677419354794
121        0.42241129032258035
122        0.35381451612903186
123        0.492959677419355
124        0.18080645161290312
125        0.1337580645161288
126        0.11915322580645166
127        0.44514516129032244
128        0.5536532258064516
129        0.12368548387096764
130        0.5418467741935484
131        0.5542338709677419
132        0.27623387096774155
133        0.23883064516128993
134        0.5079112903225804
135        0.5404596774193545
136        0.5514354838709676
137        0.19401612903225784
138        0.23435483870967702
139        0.3166451612903222
140        0.299612903225806
141        0.08213709677419351
142        0.47223387096774183
143        0.5496370967741935
144        0.2068467741935484
145        0.06373387096774197
146        0.5043225806451609
147        0.18000806451612886
148        0.4440725806451613
149        0.39414516129032234
150        0.17561290322580653
151        0.5487661290322579
152        0.21041129032258066
153        0.04075806451612909
154        0.10334677419354849
155        0.543451612903226
156        0.05726612903225816
157        0.5353145161290321
158        0.07933870967741935
159        0.5400241935483872
160        0.2698225806451609
161        0.21446774193548335
162        0.37183064516128994
163        0.2593306451612902
164        0.5439032258064516
165        0.47487903225806444
166        0.47126612903225784
167        0.21158870967741886
168        0.1490403225806448
169        0.5174838709677418
170        0.38133064516128995
171        0.4058548387096769
172        0.5009112903225803
173        0.022572580645161294
174        0.07828225806451612
175        0.4706935483870966
176        0.3649919354838706
177        0.40143548387096745
178        0.05090322580645165
179        0.5291129032258063
180        0.02435483870967743
181        0.5506370967741938
182        0.55066935483871
183        0.514508064516129
184        0.4790322580645162
185        0.5098790322580645
186        0.36348387096774154
187        0.3326129032258063
188        0.07525000000000012
189        0.4988306451612903
190        0.04743548387096782
191        0.36443548387096725
192        0.0919516129032259
193        0.5094758064516126
194        0.2513709677419353
195        0.5521370967741935
196        0.06627419354838715
197        0.08204032258064534
198        0.5512177419354836
199        0.33445161290322545
200        0.15745161290322543
201        0.17475806451612858
202        0.5122741935483868
203        0.25549999999999967
204        0.015314516129032259
205        0.19553225806451568
206        0.3717499999999997
207        0.1987741935483867
208        0.5388951612903228
209        0.007112903225806445
210        0.09363709677419361
211        0.035588709677419395
212        0.0335403225806452
213        0.0483951612903227
214        0.09424999999999997
215        0.042822580645161305
216        0.28014516129032246
217        0.5471774193548388
218        0.06603225806451624
219        0.023653225806451614
220        0.382983870967742
221        0.2809274193548381
222        0.34959677419354807
223        0.09169354838709681
224        0.5519112903225809
225        0.5089838709677417
226        0.11055645161290308
227        0.5528629032258064
228        0.22116129032258017
229        0.5527741935483871
230        0.18167741935483872
231        0.005249999999999993
232        0.46149999999999997
233        0.22974999999999957
234        0.08141129032258072
235        0.5514032258064517
236        0.19525806451612854
237        0.20586290322580655
238        0.551217741935484
239        0.19178225806451557
240        0.5158467741935481
241        0.04263709677419362
242        0.5338387096774193
243        0.4230645161290324
244        0.5045967741935484
245        0.5541532258064513
246        0.32533064516128996
247        0.21079032258064456
248        0.5534112903225803
249        0.4900483870967743
250        0.3761935483870961
251        0.3686935483870964
252        0.08972580645161292
253        0.5498629032258066
254        0.5598548387096774
255        0.17180645161290278
256        0.35799999999999976
257        0.505556451612903
258        0.5281854838709678
259        0.061322580645161266
260        0.38027419354838693
261        0.47235483870967704
262        0.3651129032258061
263        0.1100645161290321
264        0.058427419354838694
265        0.548717741935484
266        0.29557258064516084
267        0.01993548387096771
268        0.248870967741935
269        0.532483870967742
270        0.19948387096774167
271        0.30912903225806404
272        0.18121774193548348
273        0.22134677419354787
274        0.22443548387096815
275        0.5550403225806457
276        0.43376612903225775
277        0.33960483870967695
278        0.07752419354838719
279        0.12799193548387083
280        0.03249193548387101
281        0.3453951612903221
282        0.5185564516129033
283        0.20345967741935436
284        0.12882258064516117
285        0.45596774193548356
286        0.2117177419354834
287        0.18554838709677401
288        0.5527016129032256
289        0.5528629032258063
290        0.4651612903225805
291        0.41929838709677375
292        0.5175806451612904
293        0.38949193548387073
294        0.1406693548387094
295        0.08823387096774189
296        0.17048387096774145
297        0.2996370967741932
298        0.3592016129032254
299        0.512911290322581
300        0.5064193548387094
301        0.12126612903225784
302        0.3942580645161289
303        0.21512096774193507
304        0.04421774193548398
305        0.22509677419354804
306        0.12169354838709671
307        0.4923790322580643
308        0.19811290322580624
309        0.1875645161290317
310        0.03889516129032267
311        0.18723387096774197
312        0.31916129032258034
313        0.4459435483870968
314        0.23611290322580594
315        0.44564516129032256
316        0.24417741935483814
317        0.5513951612903226
318        0.03521774193548389
319        0.3841532258064517
320        0.3667177419354835
321        0.4784596774193546
322        0.3080161290322575
323        0.5512338709677417
324        0.5376612903225806
325        0.49410483870967725
326        0.003879032258064503
327        0.4203870967741933
328        0.4924919354838709
329        0.23589516129032254
330        0.3417419354838706
331        0.055669354838709724
332        0.15215322580645124
333        0.34693548387096756
334        0.19895967741935494
335        0.5011774193548388
336        0.18617741935483834
337        0.28241129032258017
338        0.5103548387096773
339        0.2026209677419353
340        0.5521532258064518
341        0.3078387096774189
342        0.5379193548387097
343        0.5534999999999999
344        0.301870967741935
345        0.5311532258064513
346        0.3206774193548383
347        0.47904838709677405
348        0.2748709677419351
349        0.18804838709677377
350        0.5593225806451613
351        0.5414435483870969
352        0.5481935483870966
353        0.19458870967741934
354        0.449040322580645
355        0.5355483870967742
356        0.3958790322580642
357        0.5443709677419358
358        0.2832419354838709
359        0.3773629032258061
360        0.5339274193548386
361        0.5070725806451616
362        0.24823387096774174
363        0.5039435483870967
364        0.5149274193548387
365        0.3425161290322579
366        0.19002419354838662
367        0.01970161290322578
368        0.5114193548387099
369        0.1130887096774193
370        0.19408064516128984
371        0.07536290322580652
372        0.5572903225806454
373        0.38179032258064466
374        0.19502419354838707
375        0.548177419354839
376        0.15939516129032197
377        0.5344838709677415
378        0.06077419354838726
379        0.023975806451612916
380        0.05049193548387103
381        0.19461290322580588
382        0.1383709677419354
383        0.514483870967742
384        0.205862903225806
385        0.4554112903225803
386        0.521991935483871
387        0.05891129032258068
388        0.38220161290322546
389        0.5555483870967745
390        0.03600000000000005
391        0.15968548387096734
392        0.335629032258064
393        0.1346129032258064
394        0.1588467741935481
395        0.41923387096774145
396        0.17460483870967689
397        0.5460806451612907
398        0.4015161290322582
399        0.18898387096774158
400        0.19437096774193552
401        0.16551612903225763
402        0.0954193548387096
403        0.4505806451612904
404        0.5531532258064514
405        0.018008064516129033
406        0.1450080645161287
407        0.2575322580645155
408        0.4584838709677416
409        0.169096774193548
410        0.4106612903225805
411        0.1767741935483866
412        0.1057903225806451
413        0.46448387096774174
414        0.4290322580645158
415        0.05026612903225819
416        0.45799193548387096
417        0.30083870967741894
418        0.36594354838709625
419        0.5401209677419354
420        0.1883225806451612
421        0.5134758064516125
422        0.3418548387096771
423        0.14216935483870943
424        0.5164677419354835
425        0.030298387096774224
426        0.439516129032258
427        0.33586290322580614
428        0.18311290322580592
429        0.3216612903225805
430        0.291596774193548
431        0.09255645161290328
432        0.5530645161290324
433        0.38062096774193527
434        0.5518951612903227
435        0.20620967741935445
436        0.49148387096774193
437        0.11123387096774198
438        0.12310483870967723
439        0.5429596774193552
440        0.45495967741935495
441        0.20436290322580647
442        0.31923387096774136
443        0.2198951612903222
444        0.19402419354838696
445        0.43498387096774166
446        0.5516854838709679
447        0.007991935483870971
448        0.4517741935483869
449        0.5422661290322582
450        0.5001532258064516
451        0.5081854838709677
452        0.0755725806451613
453        0.3048064516129026
454        0.48417741935483827
455        0.3246451612903221
456        0.4880322580645158
457        0.31034677419354784
458        0.5405403225806449
459        0.5222096774193543
460        0.4202419354838705
461        0.14707258064516124
462        0.16133064516129003
463        0.33790322580645127
464        0.17687096774193503
465        0.5538629032258061
466        0.20223387096774195
467        0.28733064516128987
468        0.05935483870967751
469        0.5399677419354835
470        0.41210483870967707
471        0.14632258064516093
472        0.2938709677419351
473        0.5074112903225808
474        0.41989516129032234
475        0.08866129032258076
476        0.42307258064516134
477        0.04566129032258072
478        0.30098387096774176
479        0.5340322580645163
480        0.3592741935483864
481        0.1509112903225803
482        0.14895967741935448
483        0.21526612903225759
484        0.35611290322580613
485        0.04664516129032258
486        0.23263709677419328
487        0.2854677419354834
488        0.495298387096774
489        0.1905564516129028
490        0.0029677419354838643
491        0.5316209677419357
492        0.02266129032258065
493        0.16613709677419308
494        0.34967741935483887
495        0.08860483870967738
496        0.014830645161290328
497        0.25440322580645136
498        0.5510967741935484
499        0.19637903225806394
500        0.07463709677419363
501        0.17666129032258066
502        0.20877419354838703
503        0.057500000000000176
504        0.415564516129032
505        0.558774193548387
506        0.14466935483870944
507        0.47190322580645117
508        0.5027177419354841
509        0.3849435483870966
510        0.5010403225806449
511        0.1662983870967738
512        0.0546129032258065
513        0.02329838709677421
514        0.1295483870967738
515        0.5114435483870964
516        0.19022580645161288
517        0.496983870967742
518        0.5374838709677416
519        0.2885645161290318
520        0.012887096774193536
521        0.15924193548387092
522        0.39062096774193555
523        0.09203225806451622
524        0.5509516129032261
525        0.04482258064516133
526        0.5508548387096777
527        0.18482258064516136
528        0.17838709677419332
529        0.30731451612903193
530        0.16670967741935452
531        0.4742983870967742
532        0.2787741935483867
533        0.04370161290322585
534        0.02675806451612905
535        0.3079677419354837
536        0.5417258064516128
537        0.20484677419354808
538        0.49212096774193553
539        0.039669354838709696
540        0.021790322580645158
541        0.18875806451612856
542        0.037266129032258115
543        0.5118548387096773
544        0.4260403225806448
545        0.2009112903225806
546        0.5004838709677417
547        0.18312096774193554
548        0.05699193548387091
549        0.313879032258064
550        0.5551854838709679
551        0.18249193548387047
552        0.4151854838709674
553        0.26212903225806394
554        0.4833467741935483
555        0.4334999999999998
556        0.011733870967741915
557        0.4405161290322578
558        0.5567903225806452
559        0.29908870967741924
560        0.11262903225806427
561        0.09357258064516123
562        0.17566935483870927
563        0.5443790322580648
564        0.1780725806451608
565        0.18382258064516097
566        0.3762661290322577
567        0.23158064516129032
568        0.4213951612903224
569        0.4045887096774192
570        0.5476370967741936
571        0.41604032258064494
572        0.43662903225806415
573        0.2099435483870961
574        0.0871048387096774
575        0.2784758064516125
576        0.5548870967741935
577        0.5429999999999999
578        0.5113306451612898
579        0.37471774193548335
580        0.5487580645161291
581        0.5315241935483873
582        0.1287096774193545
583        0.17220161290322566
584        0.5525241935483869
585        0.4448870967741934
586        0.19947580645161225
587        0.38413709677419305
588        0.31312903225806415
589        0.33813709677419324
590        0.0927580645161291
591        0.17257258064516115
592        0.150588709677419
593        0.5505806451612901
594        0.32373387096774137
595        0.4893064516129033
596        0.5240403225806454
597        0.5537419354838714
598        0.3759838709677421
599        0.5173790322580644
600        0.23256451612903184
601        0.5503709677419352
602        0.3707338709677416
603        0.5507983870967742
604        0.14844354838709659
605        0.2647661290322578
606        0.0063387096774193494
607        0.17715322580645115
608        0.49464516129032254
609        0.1179516129032257
610        0.24599999999999964
611        0.5556129032258064
612        0.43674193548387075
613        0.20265322580645162
614        0.07435483870967752
615        0.3904919354838707
616        0.553524193548387
617        0.37006451612903196
618        0.28280645161290324
619        0.382548387096774
