0        0.09618548387096773
1        0.09106451612903228
2        0.09968548387096769
3        0.07273387096774195
4        0.0757580645161291
5        0.0024354838709677324
6        0.022387096774193566
7        0.07604838709677428
8        0.046661290322580706
9        0.254040322580645
10        0.018733870967741928
11        0.007701612903225813
12        0.009677419354838736
13        0.028758064516129105
14        0.0028548387096774125
15        0.19920161290322574
16        0.026677419354838694
17        0.050443548387096825
18        0.0413225806451614
19        0.009241935483870981
20        0.11737903225806441
21        0.012161290322580655
22        0.02955645161290324
23        0.22158870967741906
24        0.009403225806451618
25        0.025266129032258125
26        0.0027419354838709585
27        0.008346774193548422
28        0.005798387096774187
29        0.002056451612903218
30        0.002427419354838702
31        0.15141129032258063
32        0.1613709677419353
33        0.002322580645161285
34        0.15866129032258042
35        0.2455887096774194
36        0.001951612903225802
37        0.0540967741935485
38        0.023653225806451655
39        0.12604032258064518
40        0.06101612903225818
41        0.19146774193548377
42        0.005677419354838711
43        0.2071774193548385
44        0.047096774193548505
45        0.0561854838709678
46        0.12549999999999994
47        0.014064516129032258
48        0.0656129032258065
49        0.024677419354838713
50        0.19854838709677403
51        0.0035241935483870885
52        0.017048387096774174
53        0.014822580645161254
54        0.13048387096774172
55        0.009129032258064522
56        0.2622983870967742
57        0.01838709677419352
58        0.2177580645161288
59        0.08783870967741933
60        0.1718790322580643
61        0.018112903225806398
62        0.1537177419354837
63        0.08925000000000008
64        0.03325000000000003
65        0.06094354838709682
66        0.0020564516129032203
67        0.2585645161290321
68        0.21233870967741908
69        0.08145967741935492
70        0.2599112903225808
71        0.045032258064516224
72        0.06364516129032269
73        0.009903225806451652
74        0.003370967741935475
75        0.023588709677419346
76        0.00970161290322582
77        0.003112903225806437
78        0.009459677419354842
79        0.07802419354838717
80        0.010346774193548385
81        0.03677419354838718
82        0.11002419354838709
83        0.18081451612903215
84        0.011225806451612913
85        0.053491935483871045
86        0.05068548387096787
87        0.25267741935483856
88        0.13641935483870948
89        0.2624758064516129
90        0.26086290322580646
91        0.06320967741935496
92        0.00853225806451616
93        0.0289677419354839
94        0.007556451612903232
95        0.002588709677419346
96        0.010427419354838723
97        0.04519354838709689
98        0.019911290322580658
99        0.02263709677419355
100        0.014249999999999987
101        0.021741935483870965
102        0.1816935483870967
103        0.013685483870967734
104        0.08020161290322586
105        0.006395161290322601
106        0.0051774193548387
107        0.2173225806451611
108        0.010927419354838713
109        0.08356451612903233
110        0.04098387096774205
111        0.1213145161290322
112        0.0860322580645162
113        0.04360483870967746
114        0.08414516129032255
115        0.003072580645161277
116        0.25047580645161305
117        0.02724193548387098
118        0.06882258064516136
119        0.026870967741935488
120        0.0781451612903227
121        0.09682258064516126
122        0.0681209677419356
123        0.07133064516129044
124        0.015209677419354828
125        0.006370967741935495
126        0.007758064516129038
127        0.06848387096774204
128        0.22582258064516125
129        0.015822580645161285
130        0.21554032258064493
131        0.2515725806451614
132        0.05707258064516143
133        0.0277177419354839
134        0.10352419354838706
135        0.1889758064516129
136        0.22078225806451598
137        0.013419354838709681
138        0.01784677419354838
139        0.03578225806451619
140        0.0639354838709679
141        0.0032338709677419307
142        0.09080645161290322
143        0.1805080645161289
144        0.015282258064516116
145        0.00591129032258064
146        0.14180645161290323
147        0.012241935483870963
148        0.11588709677419333
149        0.02510483870967741
150        0.0235
151        0.24779032258064507
152        0.019346774193548376
153        0.0030483870967741742
154        0.009685483870967742
155        0.17334677419354821
156        0.00982258064516132
157        0.20070161290322563
158        0.010209677419354841
159        0.14134677419354827
160        0.033274193548387176
161        0.05891935483870983
162        0.0670645161290324
163        0.0174758064516129
164        0.11727419354838706
165        0.07014516129032268
166        0.12388709677419345
167        0.04179032258064526
168        0.009475806451612931
169        0.16656451612903214
170        0.10312096774193541
171        0.0723306451612904
172        0.11637096774193535
173        0.004733870967741918
174        0.0069838709677419375
175        0.15434677419354823
176        0.03184677419354843
177        0.08504838709677431
178        0.0023467741935483803
179        0.0921693548387098
180        0.003524193548387089
181        0.2031451612903226
182        0.24991935483870953
183        0.1326935483870966
184        0.07105645161290329
185        0.07828225806451619
186        0.06200000000000012
187        0.06150000000000002
188        0.008741935483870972
189        0.15691129032258044
190        0.002032258064516122
191        0.0375564516129033
192        0.005854838709677421
193        0.11295161290322575
194        0.011951612903225802
195        0.23151612903225807
196        0.002048387096774187
197        0.010193548387096804
198        0.24995967741935488
199        0.03279838709677423
200        0.023185483870967707
201        0.013290322580645138
202        0.14405645161290304
203        0.039048387096774266
204        0.0023064516129032197
205        0.04689516129032274
206        0.09060483870967743
207        0.03227419354838723
208        0.2006693548387096
209        0.0021693548387096712
210        0.007758064516129035
211        0.0033548387096774142
212        0.00856451612903226
213        0.002685483870967733
214        0.007919354838709682
215        0.005298387096774192
216        0.030959677419354882
217        0.2579112903225807
218        0.0070322580645161455
219        0.0020403225806451568
220        0.041395161290322655
221        0.07904838709677436
222        0.024887096774193526
223        0.0070887096774193544
224        0.15484677419354836
225        0.13431451612903203
226        0.005282258064516123
227        0.20744354838709678
228        0.020959677419354825
229        0.25575806451612904
230        0.010177419354838705
231        0.0019032258064516081
232        0.10378225806451613
233        0.056153225806451774
234        0.005927419354838708
235        0.19092741935483876
236        0.011306451612903239
237        0.021749999999999988
238        0.21931451612903202
239        0.044870967741935594
240        0.0724354838709678
241        0.003991935483870958
242        0.17541129032258038
243        0.11933064516129009
244        0.14841935483870963
245        0.21585483870967737
246        0.09407258064516127
247        0.03322580645161302
248        0.24424999999999997
249        0.1524919354838708
250        0.059943548387096916
251        0.03556451612903229
252        0.009717741935483878
253        0.197274193548387
254        0.24364516129032243
255        0.018975806451612863
256        0.057427419354838805
257        0.15279838709677399
258        0.09675806451612896
259        0.006483870967741922
260        0.06516935483870984
261        0.10069354838709678
262        0.05178225806451626
263        0.008387096774193569
264        0.011717741935483868
265        0.25829838709677416
266        0.04574193548387104
267        0.0020322580645161237
268        0.028935483870967765
269        0.14423387096774187
270        0.012685483870967735
271        0.07925806451612916
272        0.011580645161290336
273        0.018177419354838673
274        0.02400000000000001
275        0.20849999999999994
276        0.041645161290322606
277        0.05905645161290339
278        0.015588709677419344
279        0.007935483870967763
280        0.0034596774193548312
281        0.05889516129032271
282        0.12238709677419346
283        0.04443548387096791
284        0.01001612903225809
285        0.0721048387096775
286        0.03930645161290332
287        0.023459677419354875
288        0.2591451612903225
289        0.2623387096774192
290        0.09299193548387097
291        0.13313709677419328
292        0.07930645161290327
293        0.0713790322580646
294        0.013419354838709657
295        0.0030645161290322413
296        0.006604838709677453
297        0.04177419354838723
298        0.07982258064516139
299        0.09570967741935482
300        0.12700806451612898
301        0.007911290322580672
302        0.10151612903225785
303        0.030129032258064573
304        0.0020967741935483796
305        0.01946774193548386
306        0.00669354838709677
307        0.0665483870967743
308        0.01585483870967737
309        0.050572580645161444
310        0.0036209677419354724
311        0.020750000000000005
312        0.09131451612903224
313        0.06841129032258071
314        0.03929838709677427
315        0.06366935483870978
316        0.019064516129032233
317        0.26444354838709677
318        0.00595161290322581
319        0.029927419354838735
320        0.06502419354838719
321        0.14386290322580622
322        0.0681129032258066
323        0.18653225806451598
324        0.20705645161290306
325        0.16433870967741906
326        0.0019838709677419296
327        0.055153225806451704
328        0.06687096774193552
329        0.021064516129032245
330        0.055903225806451705
331        0.005419354838709672
332        0.002733870967741924
333        0.031451612903225824
334        0.02820161290322581
335        0.0615403225806452
336        0.02171774193548388
337        0.058072580645161416
338        0.18299193548387077
339        0.024193548387096787
340        0.2598870967741935
341        0.05604838709677433
342        0.19749193548387078
343        0.2463225806451614
344        0.028024193548387123
345        0.17377419354838697
346        0.055403225806451746
347        0.08024193548387103
348        0.03527419354838716
349        0.048798387096774316
350        0.2504919354838709
351        0.2216935483870968
352        0.2190403225806449
353        0.014080645161290315
354        0.10415322580645153
355        0.18987903225806438
356        0.030556451612903258
357        0.11362903225806441
358        0.012346774193548396
359        0.08050806451612914
360        0.17887096774193534
361        0.1773548387096773
362        0.01385483870967743
363        0.11308064516129011
364        0.1540725806451611
365        0.028669354838709693
366        0.03838709677419365
367        0.002048387096774189
368        0.1201693548387096
369        0.009233870967741921
370        0.03950806451612914
371        0.004129032258064503
372        0.2487258064516128
373        0.09568548387096776
374        0.02608870967741935
375        0.19369354838709663
376        0.03303225806451617
377        0.07202419354838714
378        0.0068790322580645265
379        0.0021693548387096734
380        0.005919354838709677
381        0.038306451612903296
382        0.012419354838709673
383        0.1638225806451612
384        0.03683870967741944
385        0.09981451612903221
386        0.14512903225806437
387        0.0059032258064516015
388        0.09182258064516129
389        0.24407258064516124
390        0.007435483870967762
391        0.030201612903225837
392        0.045991935483871066
393        0.014387096774193548
394        0.023709677419354862
395        0.07473387096774203
396        0.037056451612903364
397        0.15102419354838711
398        0.048298387096774205
399        0.03795967741935491
400        0.023185483870967732
401        0.024983870967741933
402        0.003927419354838698
403        0.08602419354838713
404        0.2061290322580646
405        0.002362903225806445
406        0.01568548387096774
407        0.03619354838709682
408        0.11255645161290317
409        0.021080645161290282
410        0.09839516129032255
411        0.02498387096774189
412        0.006919354838709684
413        0.13167741935483854
414        0.0499032258064517
415        0.00477419354838709
416        0.1182983870967741
417        0.04720967741935495
418        0.05283870967741941
419        0.2173548387096773
420        0.016612903225806445
421        0.06878225806451624
422        0.0658870967741937
423        0.01799999999999997
424        0.06423387096774201
425        0.004604838709677413
426        0.09683870967741928
427        0.01620967741935484
428        0.01566935483870968
429        0.020491935483870974
430        0.0360645161290323
431        0.0025241935483870897
432        0.19804838709677416
433        0.07572580645161305
434        0.245983870967742
435        0.02729838709677419
436        0.14351612903225797
437        0.008798387096774198
438        0.006741935483870978
439        0.1994354838709677
440        0.10429838709677407
441        0.026862903225806468
442        0.06951612903225818
443        0.017967741935483825
444        0.018749999999999975
445        0.14277419354838686
446        0.24832258064516122
447        0.003782258064516118
448        0.06310483870967744
449        0.15166129032258058
450        0.06414516129032263
451        0.11041129032258044
452        0.01017741935483871
453        0.07438709677419371
454        0.12537903225806432
455        0.07012096774193562
456        0.11124999999999995
457        0.04807258064516142
458        0.1754032258064514
459        0.1338145161290322
460        0.0790645161290324
461        0.01157258064516131
462        0.03790322580645171
463        0.06332258064516144
464        0.03790322580645166
465        0.23803225806451603
466        0.01736290322580644
467        0.017709677419354836
468        0.0077177419354838815
469        0.15923387096774178
470        0.07912096774193558
471        0.009161290322580675
472        0.052919354838709784
473        0.17030645161290306
474        0.10587903225806436
475        0.0055000000000000075
476        0.08308870967741942
477        0.0035322580645161133
478        0.029483870967741965
479        0.15238709677419338
480        0.050870967741935544
481        0.01795161290322575
482        0.01574193548387095
483        0.044411290322580704
484        0.02374193548387098
485        0.006459677419354838
486        0.009225806451612906
487        0.03325000000000007
488        0.07675806451612911
489        0.024475806451612948
490        0.002225806451612899
491        0.09855645161290318
492        0.0018951612903225746
493        0.024532258064516123
494        0.032451612903225825
495        0.016233870967741922
496        0.001935483870967736
497        0.012572580645161313
498        0.24119354838709675
499        0.05079838709677429
500        0.0065806451612903175
501        0.013911290322580644
502        0.010362903225806462
503        0.00509677419354837
504        0.05284677419354851
505        0.258016129032258
506        0.005814516129032268
507        0.05405645161290332
508        0.07723387096774201
509        0.10210483870967729
510        0.16034677419354829
511        0.03620161290322592
512        0.003233870967741916
513        0.00191129032258064
514        0.008532258064516162
515        0.06145967741935498
516        0.02431451612903225
517        0.10683064516129015
518        0.14162096774193553
519        0.07850000000000011
520        0.0022177419354838645
521        0.022379032258064525
522        0.03269354838709679
523        0.0025483870967741864
524        0.1127338709677419
525        0.0063306451612903224
526        0.20153225806451622
527        0.008370967741935492
528        0.03977419354838718
529        0.044774193548387194
530        0.05011290322580659
531        0.13735483870967713
532        0.03413709677419361
533        0.004854838709677404
534        0.002580645161290315
535        0.011548387096774193
536        0.21249999999999994
537        0.04499193548387103
538        0.05382258064516133
539        0.006532258064516128
540        0.002717741935483865
541        0.022040322580645193
542        0.0025483870967741825
543        0.0736935483870969
544        0.08125806451612913
545        0.02849999999999998
546        0.07208870967741939
547        0.01259677419354839
548        0.007241935483870971
549        0.07267741935483885
550        0.23802419354838716
551        0.014620967741935472
552        0.1115725806451612
553        0.04037903225806457
554        0.134790322580645
555        0.07129032258064515
556        0.0020887096774193483
557        0.11460483870967725
558        0.22452419354838699
559        0.016491935483870967
560        0.010887096774193559
561        0.00561290322580644
562        0.03216129032258069
563        0.14797580645161287
564        0.02473387096774187
565        0.010556451612903249
566        0.048814516129032356
567        0.03298387096774198
568        0.09518548387096773
569        0.09025806451612897
570        0.21225806451612875
571        0.06591935483870977
572        0.06250806451612917
573        0.023314516129032233
574        0.003862903225806432
575        0.02794354838709677
576        0.23354838709677403
577        0.17481451612903207
578        0.16734677419354826
579        0.06064516129032269
580        0.18446774193548368
581        0.14461290322580642
582        0.024411290322580652
583        0.01922580645161289
584        0.23912903225806456
585        0.08535483870967746
586        0.03132258064516141
587        0.06259677419354844
588        0.054524193548387216
589        0.07766129032258082
590        0.010112903225806474
591        0.00998387096774194
592        0.03262903225806458
593        0.23021774193548372
594        0.0649435483870969
595        0.0788306451612904
596        0.08656451612903232
597        0.25978225806451616
598        0.02503225806451619
599        0.17106451612903215
600        0.02501612903225812
601        0.2552177419354839
602        0.050596774193548494
603        0.25047580645161305
604        0.03172580645161297
605        0.022346774193548417
606        0.0033306451612903163
607        0.03158064516129039
608        0.07795161290322582
609        0.011637096774193554
610        0.04517741935483882
611        0.2564758064516128
612        0.06173387096774203
613        0.02656451612903226
614        0.007362903225806481
615        0.11835483870967729
616        0.24809677419354845
617        0.09941935483870955
618        0.04291129032258069
619        0.030516129032258078
