0        0.3239677419354837
1        0.23324999999999957
2        0.3269838709677414
3        0.42603225806451606
4        0.2693306451612898
5        0.0255564516129033
6        0.21549193548387066
7        0.2742741935483869
8        0.1732338709677418
9        0.4920806451612906
10        0.1307016129032257
11        0.05233870967741934
12        0.048814516129032294
13        0.16005645161290294
14        0.01617741935483869
15        0.4838951612903225
16        0.15442741935483864
17        0.332056451612903
18        0.17597580645161245
19        0.08986290322580646
20        0.3643951612903226
21        0.09800806451612892
22        0.1929596774193546
23        0.48064516129032264
24        0.11277419354838708
25        0.12126612903225782
26        0.03852419354838721
27        0.1200161290322578
28        0.06629032258064525
29        0.049451612903225896
30        0.023580645161290326
31        0.47168548387096765
32        0.4410645161290321
33        0.00553225806451613
34        0.3979838709677417
35        0.4902499999999999
36        0.0026774193548387043
37        0.16179032258064474
38        0.16366935483870915
39        0.41058064516128995
40        0.3658145161290323
41        0.48124193548387084
42        0.04880645161290336
43        0.47692741935483873
44        0.1509838709677415
45        0.3721854838709675
46        0.4019032258064514
47        0.1117258064516129
48        0.3747258064516126
49        0.12780645161290316
50        0.4873548387096772
51        0.017629032258064475
52        0.1822499999999997
53        0.08383064516129048
54        0.3982822580645157
55        0.04941935483870971
56        0.4951209677419353
57        0.09397580645161285
58        0.48318548387096727
59        0.2641532258064512
60        0.44292741935483854
61        0.10898387096774192
62        0.47529032258064496
63        0.4166370967741932
64        0.14879032258064484
65        0.4119596774193546
66        0.01381451612903225
67        0.4914112903225804
68        0.4827096774193549
69        0.27451612903225764
70        0.48647580645161265
71        0.16623387096774167
72        0.30768548387096734
73        0.06069354838709685
74        0.040298387096774274
75        0.13402419354838707
76        0.02644354838709679
77        0.007564516129032299
78        0.06419354838709677
79        0.4078306451612901
80        0.04657258064516147
81        0.24529032258064462
82        0.3709838709677414
83        0.4508790322580646
84        0.08445161290322582
85        0.35243548387096746
86        0.26207258064516104
87        0.4929032258064515
88        0.390306451612903
89        0.4980322580645161
90        0.4882822580645159
91        0.23899999999999946
92        0.09400000000000013
93        0.15015322580645152
94        0.07610483870967748
95        0.02305645161290323
96        0.06458870967741945
97        0.16087903225806408
98        0.16519354838709663
99        0.14828225806451586
100        0.10049999999999985
101        0.10762903225806453
102        0.4404354838709677
103        0.10574999999999996
104        0.3650403225806449
105        0.044846774193548426
106        0.12948387096774186
107        0.47730645161290297
108        0.0781048387096775
109        0.35190322580645145
110        0.22686290322580605
111        0.3410564516129028
112        0.25566935483870923
113        0.2804112903225805
114        0.3946048387096772
115        0.018282258064516096
116        0.4880241935483875
117        0.1175322580645161
118        0.3413951612903223
119        0.1486129032258064
120        0.2497338709677416
121        0.36977419354838703
122        0.24981451612903185
123        0.3980806451612902
124        0.10063709677419352
125        0.0842661290322582
126        0.06072580645161302
127        0.3690725806451612
128        0.48082258064516076
129        0.07037903225806462
130        0.4655483870967742
131        0.48641129032258074
132        0.23121774193548333
133        0.15022580645161257
134        0.4001048387096771
135        0.45940322580645154
136        0.4820483870967746
137        0.11140322580645157
138        0.15986290322580637
139        0.23930645161290298
140        0.24412903225806398
141        0.055395161290322535
142        0.40519354838709687
143        0.46459677419354833
144        0.11186290322580639
145        0.041241935483871
146        0.4329596774193549
147        0.09677419354838708
148        0.35994354838709647
149        0.2332016129032256
150        0.1312096774193548
151        0.4919435483870962
152        0.11841129032258052
153        0.025927419354838763
154        0.048685483870967765
155        0.4356532258064515
156        0.05811290322580664
157        0.4548306451612901
158        0.07379032258064522
159        0.44833064516129056
160        0.23770967741935434
161        0.15037096774193515
162        0.2800161290322576
163        0.17732258064516115
164        0.46927419354838706
165        0.37023387096774174
166        0.3855564516129032
167        0.1655241935483868
168        0.11562096774193538
169        0.45357258064516126
170        0.2937338709677416
171        0.32624999999999976
172        0.40148387096774196
173        0.02704838709677414
174        0.0330483870967742
175        0.4068387096774193
176        0.2562983870967741
177        0.3107499999999997
178        0.022500000000000017
179        0.4286854838709677
180        0.019653225806451638
181        0.48259677419354824
182        0.4862096774193549
183        0.44353225806451596
184        0.3637741935483868
185        0.40280645161290335
186        0.276588709677419
187        0.24788709677419338
188        0.043822580645161396
189        0.3932580645161287
190        0.021822580645161304
191        0.2927177419354836
192        0.060225806451613025
193        0.4493064516129033
194        0.15237903225806443
195        0.4900322580645159
196        0.05182258064516141
197        0.03706451612903234
198        0.48509677419354824
199        0.21747580645161255
200        0.08962096774193558
201        0.12845161290322557
202        0.4360080645161289
203        0.1705241935483868
204        0.008629032258064523
205        0.13627419354838655
206        0.30833064516128983
207        0.12997580645161258
208        0.47136290322580654
209        0.003879032258064507
210        0.06934677419354845
211        0.010064516129032279
212        0.03579838709677424
213        0.02896774193548394
214        0.05700000000000002
215        0.017177419354838706
216        0.1488387096774192
217        0.4938709677419355
218        0.04377419354838723
219        0.010516129032258086
220        0.24111290322580636
221        0.2439919354838703
222        0.21393548387096742
223        0.05277419354838714
224        0.4824112903225803
225        0.43008064516129013
226        0.06225806451612912
227        0.48145161290322575
228        0.17550806451612858
229        0.49434677419354833
230        0.09645161290322589
231        0.004556451612903204
232        0.36496774193548354
233        0.16297580645161225
234        0.06616129032258079
235        0.4818548387096772
236        0.13708870967741904
237        0.1264838709677419
238        0.4891854838709677
239        0.14941935483870938
240        0.42042741935483846
241        0.03268548387096776
242        0.4493709677419354
243        0.31148387096774166
244        0.44015322580645133
245        0.4838225806451614
246        0.251096774193548
247        0.12999193548387067
248        0.4876612903225807
249        0.4266854838709678
250        0.24591935483870916
251        0.24049193548387063
252        0.053661290322580685
253        0.48054838709677383
254        0.4796048387096774
255        0.13617741935483832
256        0.30521774193548334
257        0.42300806451612866
258        0.3820564516129028
259        0.027701612903225824
260        0.3191532258064511
261        0.3903306451612902
262        0.2736532258064513
263        0.05520967741935492
264        0.0460967741935484
265        0.49133064516129027
266        0.23237096774193486
267        0.017524193548387076
268        0.20838709677419306
269        0.4396370967741933
270        0.10500806451612903
271        0.27255645161290254
272        0.10801612903225787
273        0.15187096774193515
274        0.1514677419354838
275        0.47048387096774186
276        0.2953790322580643
277        0.2670725806451607
278        0.06770967741935495
279        0.0737500000000001
280        0.01603225806451609
281        0.2154435483870962
282        0.435274193548387
283        0.14594354838709667
284        0.06621774193548402
285        0.34732258064516097
286        0.1462258064516127
287        0.10902419354838692
288        0.48969354838709683
289        0.48835483870967733
290        0.40691935483870945
291        0.3674354838709673
292        0.4235241935483872
293        0.2837177419354837
294        0.09099193548387113
295        0.06350806451612913
296        0.0730080645161292
297        0.24549999999999966
298        0.29537903225806433
299        0.40772580645161277
300        0.4364596774193546
301        0.046846774193548525
302        0.2967822580645158
303        0.15177419354838698
304        0.02734677419354842
305        0.14956451612903204
306        0.04494354838709679
307        0.3941935483870966
308        0.08962096774193555
309        0.1471854838709673
310        0.019016129032258022
311        0.13174193548387078
312        0.2190887096774188
313        0.3504596774193548
314        0.15731451612903183
315        0.361814516129032
316        0.1631693548387093
317        0.494193548387097
318        0.02045967741935484
319        0.23649193548387107
320        0.3005403225806446
321        0.39299999999999985
322        0.22394354838709632
323        0.4762822580645163
324        0.46145161290322606
325        0.3811048387096772
326        0.008629032258064525
327        0.3476129032258061
328        0.38532258064516106
329        0.1508951612903226
330        0.23010483870967702
331        0.03204032258064518
332        0.09071774193548389
333        0.2465564516129028
334        0.12771774193548383
335        0.39116129032258057
336        0.11580645161290316
337        0.2627661290322577
338        0.4501290322580644
339        0.15278225806451595
340        0.4846612903225806
341        0.22683870967741884
342        0.47306451612903205
343        0.492951612903226
344        0.20523387096774143
345        0.43844354838709676
346        0.24287096774193484
347        0.4045403225806451
348        0.2609516129032253
349        0.17991129032258024
350        0.48949193548387093
351        0.4814516129032259
352        0.48695967741935503
353        0.09283870967741936
354        0.34473387096774155
355        0.4458629032258066
356        0.2890161290322579
357        0.4481774193548387
358        0.20390322580645148
359        0.3409112903225804
360        0.46950806451612875
361        0.45133064516129046
362        0.16970161290322566
363        0.4275645161290323
364        0.43404032258064495
365        0.24386290322580617
366        0.16287096774193485
367        0.0024032258064516057
368        0.41866935483870926
369        0.06534677419354837
370        0.14400806451612855
371        0.025088709677419375
372        0.4810967741935484
373        0.33562903225806406
374        0.12749999999999997
375        0.46534677419354836
376        0.1366370967741933
377        0.4064354838709678
378        0.048693548387096885
379        0.01568548387096775
380        0.042991935483870994
381        0.1595806451612898
382        0.12741935483870953
383        0.4536290322580645
384        0.15933064516128986
385        0.33790322580645116
386        0.4322499999999996
387        0.04433064516129033
388        0.3081370967741933
389        0.48621774193548384
390        0.02119354838709678
391        0.1668870967741931
392        0.2617983870967739
393        0.04806451612903226
394        0.12957258064516103
395        0.34540322580645144
396        0.10687903225806443
397        0.4475161290322579
398        0.318475806451613
399        0.14649193548387074
400        0.11386290322580651
401        0.14290322580645137
402        0.05072580645161304
403        0.3085403225806449
404        0.4706129032258062
405        0.01266935483870969
406        0.08125806451612921
407        0.17293548387096738
408        0.39377419354838716
409        0.10217741935483858
410        0.3238064516129027
411        0.13829838709677358
412        0.06499193548387112
413        0.37007258064516113
414        0.3129032258064513
415        0.014975806451612925
416        0.38187903225806435
417        0.21058064516128985
418        0.2907096774193544
419        0.4706612903225805
420        0.1050887096774193
421        0.3849677419354836
422        0.22754838709677372
423        0.10999193548387072
424        0.398741935483871
425        0.016475806451612906
426        0.3505161290322579
427        0.2144354838709676
428        0.14684677419354802
429        0.22800806451612907
430        0.20052419354838671
431        0.06037903225806459
432        0.4892741935483872
433        0.2965080645161286
434        0.48229032258064497
435        0.20589516129032223
436        0.41262903225806435
437        0.05503225806451613
438        0.055790322580645216
439        0.4684435483870968
440        0.39121774193548364
441        0.1225725806451612
442        0.23070967741935422
443        0.13661290322580638
444        0.11576612903225798
445        0.37935483870967723
446        0.48760483870967747
447        0.006612903225806444
448        0.39746774193548373
449        0.45352419354838736
450        0.40400000000000014
451        0.41945967741935497
452        0.06619354838709678
453        0.2765403225806448
454        0.37816129032258045
455        0.2358387096774189
456        0.403508064516129
457        0.2357661290322574
458        0.4759596774193548
459        0.43136290322580634
460        0.3308548387096771
461        0.08449193548387096
462        0.11232258064516092
463        0.27233064516128985
464        0.14176612903225766
465        0.49071774193548406
466        0.1349677419354838
467        0.2021129032258063
468        0.04079838709677425
469        0.4513790322580644
470        0.31726612903225754
471        0.09326612903225805
472        0.24270967741935434
473        0.4171532258064512
474        0.30513709677419315
475        0.0426854838709678
476        0.3480725806451611
477        0.0357903225806452
478        0.21429032258064512
479        0.4504032258064516
480        0.27685483870967686
481        0.09852419354838711
482        0.09177419354838713
483        0.16342741935483862
484        0.24439516129032227
485        0.04863709677419358
486        0.15502419354838695
487        0.19495161290322532
488        0.3846693548387096
489        0.1342822580645158
490        0.0028790322580645104
491        0.44662903225806466
492        0.008096774193548373
493        0.12681451612903202
494        0.2502580645161291
495        0.054290322580645214
496        0.008290322580645163
497        0.15330645161290296
498        0.49286290322580617
499        0.1592338709677418
500        0.04359677419354842
501        0.1114596774193548
502        0.08295967741935487
503        0.05089516129032265
504        0.29174999999999973
505        0.4890967741935482
506        0.08150000000000007
507        0.39272580645161254
508        0.39482258064516096
509        0.33572580645161265
510        0.41779838709677397
511        0.16799999999999954
512        0.05490322580645175
513        0.017282258064516113
514        0.06768548387096787
515        0.38012903225806427
516        0.1489032258064516
517        0.3939274193548385
518        0.4532419354838708
519        0.2544677419354834
520        0.005411290322580639
521        0.12034677419354843
522        0.29161290322580635
523        0.05986290322580654
524        0.4768145161290323
525        0.03469354838709681
526        0.4788306451612902
527        0.09008064516129041
528        0.15238709677419313
529        0.21595967741935454
530        0.1585403225806449
531        0.4176532258064513
532        0.24316129032258016
533        0.04351612903225809
534        0.02439516129032264
535        0.22538709677419333
536        0.4680967741935485
537        0.1434032258064514
538        0.3627177419354839
539        0.020862903225806487
540        0.006661290322580648
541        0.15630645161290282
542        0.01575806451612904
543        0.38532258064516145
544        0.3226451612903221
545        0.13519354838709674
546        0.39295161290322583
547        0.11488709677419362
548        0.020556451612903235
549        0.25115322580645105
550        0.4888870967741935
551        0.12694354838709634
552        0.3690322580645159
553        0.2272419354838706
554        0.3901209677419352
555        0.3193387096774195
556        0.006088709677419363
557        0.38933064516129
558        0.4836290322580649
559        0.21262903225806418
560        0.071951612903226
561        0.07058064516129045
562        0.15617741935483812
563        0.47306451612903205
564        0.12556451612903202
565        0.10637903225806439
566        0.29814516129032226
567        0.16710483870967718
568        0.32748387096774145
569        0.2904919354838705
570        0.48611290322580636
571        0.2800322580645158
572        0.3603548387096772
573        0.14892741935483844
574        0.05797580645161299
575        0.22676612903225762
576        0.49023387096774185
577        0.4707338709677419
578        0.42704838709677406
579        0.3124193548387094
580        0.46786290322580604
581        0.42489516129032234
582        0.11654838709677406
583        0.17642741935483858
584        0.48559677419354835
585        0.33558870967741894
586        0.14512903225806412
587        0.26923387096774176
588        0.231088709677419
589        0.25529838709677377
590        0.046604838709677576
591        0.13517741935483865
592        0.14116935483870935
593        0.48553225806451605
594        0.27530645161290285
595        0.4079596774193549
596        0.3992338709677417
597        0.49067741935483883
598        0.2762661290322579
599        0.44574193548387114
600        0.13916935483870932
601        0.49029838709677437
602        0.2862983870967738
603        0.48756451612903207
604        0.1311532258064515
605        0.18259677419354825
606        0.004870967741935477
607        0.1212419354838708
608        0.3908790322580644
609        0.07727419354838716
610        0.1908064516129028
611        0.48230645161290325
612        0.34297580645161274
613        0.15276612903225797
614        0.06033064516129044
615        0.34530645161290296
616        0.4845564516129032
617        0.3216612903225803
618        0.17891129032258057
619        0.25068548387096756
