0        0.6070887096774192
1        0.4744274193548387
2        0.5524838709677419
3        0.6547096774193552
4        0.4847499999999997
5        0.06378225806451632
6        0.5269596774193548
7        0.5499193548387101
8        0.46678225806451623
9        0.6616532258064522
10        0.3352661290322578
11        0.15679838709677424
12        0.18849193548387064
13        0.3131290322580641
14        0.04796774193548389
15        0.6657258064516127
16        0.36266129032258093
17        0.6210403225806449
18        0.28635483870967665
19        0.2812983870967736
20        0.618016129032258
21        0.3480645161290321
22        0.42745967741935476
23        0.659943548387097
24        0.3592580645161292
25        0.2874354838709672
26        0.1821290322580643
27        0.2979596774193542
28        0.31204838709677407
29        0.1448467741935481
30        0.1561935483870966
31        0.6617661290322581
32        0.6515161290322579
33        0.012419354838709684
34        0.6318145161290324
35        0.6610403225806454
36        0.00313709677419354
37        0.3019435483870963
38        0.27812903225806396
39        0.6480403225806451
40        0.6351451612903228
41        0.6583709677419358
42        0.174588709677419
43        0.6617419354838714
44        0.3142338709677414
45        0.624241935483871
46        0.6209112903225806
47        0.2833548387096773
48        0.6132580645161286
49        0.373306451612903
50        0.6602016129032261
51        0.07981451612903234
52        0.4498306451612897
53        0.22354838709677366
54        0.6431693548387094
55        0.23441935483870974
56        0.6581370967741936
57        0.31439516129032236
58        0.660556451612903
59        0.4867177419354834
60        0.6525161290322585
61        0.3378225806451608
62        0.6590241935483871
63        0.6576854838709678
64        0.31124193548387047
65        0.6418709677419352
66        0.06596774193548395
67        0.6630645161290323
68        0.6587903225806453
69        0.55675
70        0.6620967741935485
71        0.3582983870967739
72        0.5614919354838709
73        0.2201854838709674
74        0.2331451612903219
75        0.3824112903225807
76        0.10227419354838696
77        0.035991935483871064
78        0.22277419354838712
79        0.6467419354838707
80        0.21437096774193493
81        0.4312580645161286
82        0.6217499999999996
83        0.645540322580645
84        0.3135725806451612
85        0.6114596774193545
86        0.3901451612903221
87        0.663774193548387
88        0.6236209677419357
89        0.6619596774193549
90        0.6642096774193547
91        0.45672580645161276
92        0.2263548387096769
93        0.3781370967741934
94        0.21774193548387058
95        0.09908870967741935
96        0.15093548387096775
97        0.281637096774193
98        0.4848709677419351
99        0.4487258064516128
100        0.27666129032257997
101        0.33029838709677434
102        0.6512500000000001
103        0.30196774193548376
104        0.6089758064516129
105        0.17017741935483863
106        0.33801612903225764
107        0.6585322580645164
108        0.3653629032258064
109        0.5884193548387099
110        0.44643548387096743
111        0.605491935483871
112        0.4862016129032253
113        0.5939838709677419
114        0.6327419354838709
115        0.08290322580645167
116        0.664798387096774
117        0.35351612903225815
118        0.6083225806451609
119        0.4087177419354838
120        0.4642177419354836
121        0.603217741935484
122        0.46379032258064457
123        0.6572580645161284
124        0.3983467741935484
125        0.30653225806451584
126        0.2682338709677417
127        0.5928790322580645
128        0.6624032258064513
129        0.2511209677419349
130        0.663056451612903
131        0.6680403225806454
132        0.4372096774193544
133        0.4011209677419349
134        0.6308387096774195
135        0.657717741935484
136        0.6632741935483872
137        0.3710161290322583
138        0.41714516129032225
139        0.45312903225806417
140        0.4630241935483867
141        0.17904838709677415
142        0.6398709677419356
143        0.6632419354838706
144        0.3236935483870969
145        0.12887096774193554
146        0.6565725806451609
147        0.3868629032258065
148        0.6094596774193546
149        0.5441370967741933
150        0.3642822580645163
151        0.6606451612903227
152        0.40163709677419346
153        0.08078225806451624
154        0.22527419354838707
155        0.6516693548387096
156        0.10217741935483865
157        0.6553145161290322
158        0.19737096774193527
159        0.657701612903226
160        0.46022580645161243
161        0.3252258064516125
162        0.5239354838709674
163        0.5337016129032256
164        0.6622580645161288
165        0.6229919354838709
166        0.6165403225806455
167        0.3043951612903219
168        0.27908064516128994
169        0.6516048387096776
170        0.512790322580645
171        0.6002338709677416
172        0.6300725806451613
173        0.11750806451612882
174        0.14362096774193567
175        0.6143709677419353
176        0.568556451612903
177        0.5006935483870967
178        0.11874999999999984
179        0.6608951612903227
180        0.07089516129032257
181        0.6645080645161288
182        0.662282258064516
183        0.6516451612903229
184        0.6164354838709675
185        0.6535403225806451
186        0.5305161290322579
187        0.4935645161290321
188        0.13462903225806425
189        0.6303548387096777
190        0.13796774193548356
191        0.5162580645161287
192        0.29406451612903206
193        0.6569596774193548
194        0.4416532258064512
195        0.661790322580645
196        0.1482419354838707
197        0.14012903225806445
198        0.6576612903225805
199        0.48491129032258024
200        0.2850645161290318
201        0.30475806451612864
202        0.6537983870967742
203        0.38636290322580613
204        0.04702419354838712
205        0.29083064516128976
206        0.529798387096774
207        0.2589112903225802
208        0.6614112903225806
209        0.056887096774193555
210        0.21522580645161288
211        0.061693548387096876
212        0.10201612903225821
213        0.1609435483870966
214        0.19435483870967749
215        0.0770967741935483
216        0.4663387096774191
217        0.659209677419355
218        0.14480645161290284
219        0.06639516129032266
220        0.5819677419354838
221        0.45212903225806417
222        0.5489677419354837
223        0.20916129032258066
224        0.6588548387096778
225        0.6551370967741932
226        0.26708064516129015
227        0.6564274193548388
228        0.4261935483870963
229        0.6582096774193547
230        0.398483870967742
231        0.03024193548387098
232        0.6223951612903224
233        0.28445967741935424
234        0.21541935483870917
235        0.6600080645161291
236        0.2781129032258059
237        0.4046370967741935
238        0.6607016129032257
239        0.2745080645161286
240        0.6646129032258064
241        0.0762661290322581
242        0.6621935483870969
243        0.5287096774193548
244        0.6479032258064517
245        0.660612903225806
246        0.45019354838709624
247        0.27833870967741897
248        0.6637258064516132
249        0.6316209677419358
250        0.5279919354838708
251        0.4972822580645155
252        0.18980645161290316
253        0.6626693548387101
254        0.6639999999999996
255        0.30022580645161234
256        0.5537258064516127
257        0.6383145161290319
258        0.6424435483870963
259        0.11944354838709684
260        0.5571370967741938
261        0.6207338709677418
262        0.540056451612903
263        0.28849193548387086
264        0.13544354838709688
265        0.6605322580645162
266        0.4763387096774192
267        0.03876612903225816
268        0.4141693548387091
269        0.6447661290322582
270        0.33767741935483847
271        0.4462822580645161
272        0.3065806451612898
273        0.3005645161290318
274        0.4259677419354839
275        0.6553387096774195
276        0.6149032258064517
277        0.472112903225806
278        0.18949999999999978
279        0.2997499999999997
280        0.08260483870967748
281        0.47831451612903186
282        0.6558387096774193
283        0.26234677419354785
284        0.2690806451612901
285        0.609064516129032
286        0.36019354838709616
287        0.3280161290322575
288        0.659814516129032
289        0.661887096774194
290        0.635556451612903
291        0.608193548387097
292        0.6581854838709679
293        0.5288951612903225
294        0.3200564516129027
295        0.23109677419354796
296        0.2874516129032252
297        0.43537096774193507
298        0.5625322580645161
299        0.6612499999999996
300        0.6458306451612903
301        0.2264677419354834
302        0.5440645161290322
303        0.3574999999999996
304        0.09745161290322567
305        0.4115645161290323
306        0.28370161290322565
307        0.6428548387096774
308        0.3281935483870964
309        0.30485483870967683
310        0.10924999999999971
311        0.38508064516129054
312        0.45987903225806415
313        0.5741370967741934
314        0.3178064516129026
315        0.6014838709677415
316        0.389137096774193
317        0.6643790322580646
318        0.1142741935483872
319        0.6009999999999999
320        0.5398790322580642
321        0.6190161290322581
322        0.4903709677419352
323        0.6573306451612906
324        0.6584032258064514
325        0.6288790322580641
326        0.022395161290322613
327        0.6062096774193548
328        0.6503709677419355
329        0.4235967741935487
330        0.46915322580645097
331        0.13244354838709674
332        0.3007661290322574
333        0.5542419354838708
334        0.40524193548387133
335        0.627088709677419
336        0.3047258064516126
337        0.4612661290322576
338        0.6522903225806448
339        0.44648387096774195
340        0.6645322580645161
341        0.46950806451612903
342        0.6536129032258063
343        0.6680564516129032
344        0.46167741935483847
345        0.6536451612903227
346        0.43612096774193515
347        0.6385887096774191
348        0.45483064516128996
349        0.3232177419354833
350        0.6610564516129028
351        0.6589758064516128
352        0.6649193548387096
353        0.3334677419354839
354        0.6004596774193546
355        0.6636612903225806
356        0.5549919354838707
357        0.6618145161290322
358        0.5089354838709677
359        0.5683064516129028
360        0.6605645161290323
361        0.6519193548387101
362        0.4440483870967738
363        0.6549193548387099
364        0.6512016129032259
365        0.5579596774193548
366        0.2680403225806446
367        0.04054838709677425
368        0.652225806451613
369        0.23414516129032237
370        0.3129435483870963
371        0.1831209677419353
372        0.6598870967741932
373        0.5418225806451613
374        0.3679193548387096
375        0.6485483870967744
376        0.2829919354838703
377        0.6598225806451613
378        0.10704032258064503
379        0.07050806451612913
380        0.15352419354838717
381        0.2997499999999993
382        0.33583870967741913
383        0.6534354838709681
384        0.30459677419354775
385        0.632290322580645
386        0.6561532258064515
387        0.13935483870967738
388        0.5500645161290318
389        0.6636209677419358
390        0.07041935483870977
391        0.2772903225806446
392        0.501048387096774
393        0.24738709677419352
394        0.28847580645161225
395        0.596451612903226
396        0.29669354838709633
397        0.6558870967741934
398        0.6054758064516131
399        0.3145161290322574
400        0.35005645161290333
401        0.2832419354838703
402        0.22611290322580588
403        0.5993306451612902
404        0.6631370967741935
405        0.07443548387096771
406        0.26419354838709624
407        0.37046774193548315
408        0.6055403225806453
409        0.3160806451612898
410        0.5698951612903224
411        0.25337096774193485
412        0.18724999999999978
413        0.6018790322580646
414        0.5772822580645158
415        0.15527419354838665
416        0.5919274193548385
417        0.4759354838709674
418        0.5374516129032259
419        0.6570080645161289
420        0.395338709677419
421        0.6450161290322579
422        0.4758629032258061
423        0.3622822580645159
424        0.6343548387096775
425        0.05756451612903229
426        0.6127741935483872
427        0.5387177419354839
428        0.31149193548387033
429        0.5376935483870965
430        0.4787983870967736
431        0.27597580645161246
432        0.6605887096774193
433        0.5289677419354833
434        0.6648145161290322
435        0.36768548387096706
436        0.6353870967741938
437        0.19118548387096765
438        0.3301290322580643
439        0.6577096774193548
440        0.6271209677419352
441        0.3608306451612902
442        0.5014919354838707
443        0.2922499999999993
444        0.32061290322580605
445        0.6043467741935484
446        0.6615322580645162
447        0.04554032258064522
448        0.6429677419354839
449        0.6511774193548385
450        0.6341129032258064
451        0.647056451612903
452        0.24733064516129016
453        0.5124999999999996
454        0.593290322580645
455        0.46088709677419337
456        0.6364838709677417
457        0.45679032258064467
458        0.6602177419354844
459        0.6575241935483871
460        0.5928629032258066
461        0.27593548387096734
462        0.29579838709677353
463        0.48195161290322575
464        0.3206612903225803
465        0.6558467741935488
466        0.3740967741935483
467        0.5172741935483869
468        0.17072580645161253
469        0.6595645161290321
470        0.6074193548387096
471        0.3343225806451608
472        0.48916935483870927
473        0.6474838709677418
474        0.5627741935483868
475        0.12538709677419338
476        0.5843225806451612
477        0.14660483870967714
478        0.5217016129032257
479        0.6481854838709675
480        0.5435322580645157
481        0.28229032258064474
482        0.2488951612903222
483        0.3147499999999996
484        0.5238145161290321
485        0.14765322580645168
486        0.45161290322580605
487        0.4757580645161287
488        0.6455645161290324
489        0.3213870967741932
490        0.0077338709677419425
491        0.6599354838709678
492        0.052298387096774306
493        0.2528870967741931
494        0.604314516129032
495        0.1696693548387096
496        0.047137096774193615
497        0.4547499999999999
498        0.6588225806451615
499        0.38745161290322555
500        0.12252419354838712
501        0.3433064516129033
502        0.34911290322580646
503        0.13830645161290314
504        0.5661290322580643
505        0.6607822580645162
506        0.2768064516129027
507        0.6358870967741936
508        0.6306129032258064
509        0.5599112903225802
510        0.6256451612903229
511        0.28911290322580596
512        0.14271774193548356
513        0.06975000000000015
514        0.22353225806451577
515        0.628274193548387
516        0.3539032258064516
517        0.6131370967741934
518        0.6569354838709671
519        0.4606854838709673
520        0.026887096774193608
521        0.27747580645161274
522        0.6003225806451615
523        0.20894354838709653
524        0.6565080645161294
525        0.14345967741935492
526        0.6568951612903223
527        0.39675806451612905
528        0.30533870967741883
529        0.40549193548387047
530        0.3478225806451612
531        0.6295725806451613
532        0.4611935483870964
533        0.11799193548387084
534        0.1199677419354837
535        0.534
536        0.6646532258064518
537        0.29381451612903203
538        0.6232903225806453
539        0.09504032258064508
540        0.05812096774193548
541        0.3178548387096769
542        0.09687903225806443
543        0.6443225806451612
544        0.5777419354838705
545        0.3962016129032259
546        0.638451612903226
547        0.35062096774193546
548        0.1311129032258064
549        0.4657983870967741
550        0.6575483870967739
551        0.31331451612903166
552        0.5871854838709677
553        0.4584838709677415
554        0.6307499999999996
555        0.6114919354838709
556        0.07090322580645164
557        0.611451612903226
558        0.6622741935483875
559        0.5031532258064513
560        0.2560645161290317
561        0.25780645161290267
562        0.30846774193548315
563        0.665451612903226
564        0.2956612903225801
565        0.3034838709677415
566        0.5609758064516128
567        0.4576451612903224
568        0.5811209677419352
569        0.5737903225806449
570        0.664193548387097
571        0.5705967741935482
572        0.5756532258064511
573        0.2748870967741931
574        0.19053225806451593
575        0.458846774193548
576        0.6579112903225804
577        0.6550322580645163
578        0.6511612903225807
579        0.5629677419354836
580        0.6512016129032255
581        0.6463306451612902
582        0.25677419354838654
583        0.4281612903225803
584        0.6620483870967742
585        0.6025645161290322
586        0.3142419354838705
587        0.5719677419354836
588        0.45481451612903173
589        0.4555322580645155
590        0.12275806451612883
591        0.38256451612903225
592        0.27813709677419296
593        0.6536129032258063
594        0.4389193548387091
595        0.6341209677419354
596        0.6492016129032259
597        0.6643709677419355
598        0.5520725806451611
599        0.6562338709677417
600        0.3029758064516123
601        0.6653548387096777
602        0.5256612903225801
603        0.6600322580645159
604        0.29654838709677345
605        0.46041935483870966
606        0.030524193548387105
607        0.285403225806451
608        0.6491451612903224
609        0.3203306451612901
610        0.41841129032258023
611        0.6660967741935488
612        0.6162580645161285
613        0.3772338709677422
614        0.1881693548387094
615        0.5566935483870966
616        0.6643145161290321
617        0.5573709677419355
618        0.4591693548387093
619        0.5421854838709675
