0        0.18793548387096745
1        0.15677419354838681
2        0.18950806451612862
3        0.21482258064516105
4        0.142314516129032
5        0.002411290322580638
6        0.09113709677419349
7        0.15721774193548377
8        0.08770967741935481
9        0.3640967741935483
10        0.048790322580645216
11        0.014451612903225806
12        0.021653225806451622
13        0.07353225806451627
14        0.004653225806451598
15        0.32998387096774173
16        0.05706451612903227
17        0.15044354838709664
18        0.090508064516129
19        0.03325000000000006
20        0.22315322580645128
21        0.04108870967741942
22        0.0852822580645161
23        0.3522258064516129
24        0.02485483870967743
25        0.0643306451612905
26        0.004064516129032247
27        0.04583870967741947
28        0.015588709677419339
29        0.015741935483870925
30        0.0026451612903225733
31        0.2887419354838709
32        0.2938064516129031
33        0.0025080645161290275
34        0.26579838709677395
35        0.36133870967741943
36        0.0020241935483870915
37        0.07275000000000015
38        0.06516935483870984
39        0.240322580645161
40        0.1875887096774193
41        0.3263306451612902
42        0.01098387096774192
43        0.32460483870967727
44        0.08070161290322597
45        0.17700806451612883
46        0.23292741935483857
47        0.049161290322580736
48        0.1994999999999998
49        0.047250000000000035
50        0.3206774193548387
51        0.007959677419354867
52        0.06295161290322589
53        0.020588709677419346
54        0.2439838709677417
55        0.019927419354838705
56        0.36825000000000024
57        0.05583064516129043
58        0.35356451612903217
59        0.13837096774193514
60        0.2834677419354838
61        0.042766129032258175
62        0.3107500000000001
63        0.22888709677419372
64        0.06821774193548406
65        0.17384677419354827
66        0.006427419354838699
67        0.36466129032258077
68        0.3330080645161289
69        0.17458064516129002
70        0.36761290322580636
71        0.09122580645161295
72        0.15544354838709645
73        0.018475806451612883
74        0.017241935483870943
75        0.05106451612903226
76        0.01601612903225806
77        0.00201612903225806
78        0.02189516129032259
79        0.24362096774193534
80        0.017540322580645102
81        0.1046370967741934
82        0.1927258064516128
83        0.31891129032258053
84        0.032870967741935535
85        0.1806290322580643
86        0.10920161290322568
87        0.3630080645161292
88        0.2443467741935482
89        0.3623145161290325
90        0.36424193548387085
91        0.12299999999999979
92        0.031201612903225862
93        0.07317741935483883
94        0.019088709677419335
95        0.006935483870967763
96        0.02309677419354842
97        0.0850403225806453
98        0.05201612903225808
99        0.07092741935483879
100        0.08600806451612905
101        0.051556451612903266
102        0.3260645161290322
103        0.04314516129032262
104        0.1592903225806449
105        0.00917741935483874
106        0.0390403225806452
107        0.3354919354838708
108        0.03248387096774197
109        0.16270967741935466
110        0.10041935483870973
111        0.2027419354838706
112        0.13638709677419322
113        0.1008387096774193
114        0.2149516129032256
115        0.006209677419354831
116        0.3587258064516131
117        0.053475806451612914
118        0.1519435483870966
119        0.05746774193548393
120        0.1260564516129029
121        0.21889516129032244
122        0.14704032258064487
123        0.19495161290322552
124        0.03867741935483876
125        0.01753225806451612
126        0.025250000000000022
127        0.15546774193548357
128        0.35537903225806444
129        0.02799193548387104
130        0.34650806451612903
131        0.3666693548387096
132        0.10985483870967733
133        0.06888709677419375
134        0.22768548387096768
135        0.32856451612903226
136        0.35466129032258065
137        0.03139516129032261
138        0.051822580645161404
139        0.11016129032258054
140        0.11632258064516106
141        0.020693548387096784
142        0.2237419354838706
143        0.3099354838709678
144        0.04683870967741938
145        0.01873387096774193
146        0.27031451612903207
147        0.03042741935483872
148        0.22895161290322544
149        0.09549999999999997
150        0.04077419354838714
151        0.36181451612903215
152        0.04850000000000001
153        0.003911290322580634
154        0.02067741935483872
155        0.31299999999999994
156        0.015620967741935436
157        0.30660483870967725
158        0.02356451612903226
159        0.2722661290322579
160        0.09613709677419342
161        0.09504838709677403
162        0.13584677419354804
163        0.05967741935483878
164        0.28955645161290344
165        0.17772580645161273
166        0.23131451612903195
167        0.06792741935483884
168        0.035032258064516195
169        0.2944919354838708
170        0.18421774193548365
171        0.1763548387096771
172        0.23391935483870924
173        0.003733870967741929
174        0.014830645161290307
175        0.26291129032258037
176        0.10020967741935483
177        0.16924193548387056
178        0.003951612903225797
179        0.2569032258064514
180        0.007790322580645167
181        0.3444354838709676
182        0.36548387096774204
183        0.2663790322580643
184        0.20234677419354832
185        0.204306451612903
186        0.10986290322580641
187        0.13063709677419358
188        0.01376612903225805
189        0.25778225806451593
190        0.011064516129032283
191        0.12764516129032238
192        0.016645161290322574
193        0.286258064516129
194        0.038241935483871003
195        0.34904032258064516
196        0.01564516129032253
197        0.023725806451612933
198        0.36520967741935506
199        0.09208870967741943
200        0.049233870967742066
201        0.0467903225806453
202        0.2727983870967742
203        0.07116935483870984
204        0.006266129032258054
205        0.09768548387096762
206        0.18479838709677385
207        0.06669354838709693
208        0.335016129032258
209        0.002854838709677412
210        0.03275806451612904
211        0.007822580645161299
212        0.019209677419354823
213        0.004064516129032245
214        0.02283870967741938
215        0.005338709677419353
216        0.06338709677419359
217        0.3625
218        0.00856451612903228
219        0.0026612903225806356
220        0.11068548387096763
221        0.1324919354838705
222        0.08506451612903229
223        0.018620967741935484
224        0.29993548387096763
225        0.2392419354838706
226        0.011967741935483896
227        0.3358629032258065
228        0.06707258064516142
229        0.3583064516129034
230        0.031322580645161316
231        0.0021129032258064466
232        0.2267258064516126
233        0.0613790322580647
234        0.02397580645161293
235        0.3327258064516129
236        0.06046774193548399
237        0.04687903225806453
238        0.34575
239        0.08596774193548404
240        0.2169999999999999
241        0.014403225806451623
242        0.33250806451612896
243        0.20014516129032212
244        0.26331451612903206
245        0.3420967741935481
246        0.14660483870967697
247        0.08428225806451618
248        0.3596774193548385
249        0.2828467741935483
250        0.14330645161290298
251        0.12270967741935475
252        0.02200806451612904
253        0.32474193548387087
254        0.3514274193548387
255        0.06395161290322593
256        0.1272177419354837
257        0.2739919354838708
258        0.2262016129032255
259        0.017241935483870957
260        0.14689516129032237
261        0.21390322580645152
262        0.13087903225806438
263        0.021524193548387086
264        0.025193548387096802
265        0.3670564516129035
266        0.13420967741935455
267        0.0057419354838709625
268        0.06056451612903236
269        0.27983064516129025
270        0.03519354838709682
271        0.1496451612903223
272        0.05633870967741952
273        0.06295967741935496
274        0.060137096774193564
275        0.3248064516129031
276        0.10347580645161285
277        0.1276451612903225
278        0.016322580645161296
279        0.01643548387096773
280        0.0027580645161290216
281        0.14020967741935453
282        0.2761048387096774
283        0.07931451612903245
284        0.023161290322580647
285        0.19937096774193513
286        0.07832258064516139
287        0.045032258064516203
288        0.3659193548387096
289        0.3659354838709676
290        0.21562903225806426
291        0.22652419354838688
292        0.21451612903225795
293        0.15020967741935462
294        0.032709677419354904
295        0.01113709677419355
296        0.03199193548387107
297        0.0811129032258066
298        0.16337903225806433
299        0.22255645161290322
300        0.28304838709677405
301        0.024766129032258076
302        0.20921774193548337
303        0.060403225806451744
304        0.0054758064516129005
305        0.060064516129032325
306        0.028669354838709707
307        0.20247580645161287
308        0.0453790322580646
309        0.09939516129032257
310        0.0028709677419354773
311        0.045306451612903274
312        0.12104838709677393
313        0.17586290322580617
314        0.07964516129032279
315        0.1889435483870966
316        0.05654032258064527
317        0.3628870967741937
318        0.005532258064516122
319        0.11194354838709673
320        0.1364999999999998
321        0.24673387096774163
322        0.13723387096774162
323        0.32366129032258056
324        0.3194112903225804
325        0.2681290322580642
326        0.004153225806451593
327        0.17354032258064506
328        0.18819354838709665
329        0.06171774193548393
330        0.1145403225806449
331        0.016306451612903214
332        0.02431451612903227
333        0.1029516129032258
334        0.05393548387096776
335        0.1817499999999998
336        0.05864516129032268
337        0.13053225806451574
338        0.26779838709677384
339        0.051879032258064575
340        0.3627419354838711
341        0.1154516129032255
342        0.32538709677419336
343        0.35857258064516145
344        0.07870967741935496
345        0.29096774193548386
346        0.13862903225806417
347        0.21522580645161285
348        0.1055483870967739
349        0.08313709677419372
350        0.3651532258064517
351        0.3388870967741937
352        0.35016935483870976
353        0.030951612903225866
354        0.21416129032258027
355        0.3121209677419353
356        0.10982258064516114
357        0.28560483870967734
358        0.06306451612903234
359        0.1744838709677417
360        0.297782258064516
361        0.2898790322580643
362        0.0480080645161291
363        0.26741935483870954
364        0.2807661290322578
365        0.08059677419354848
366        0.08631451612903238
367        0.002088709677419349
368        0.2362983870967741
369        0.016032258064516143
370        0.08300806451612912
371        0.012669354838709693
372        0.3484032258064515
373        0.18389516129032216
374        0.0665887096774194
375        0.3058387096774194
376        0.10202419354838696
377        0.22635483870967732
378        0.009580645161290334
379        0.0024193548387096736
380        0.014153225806451605
381        0.09727419354838705
382        0.032733870967741996
383        0.27802419354838687
384        0.0897177419354838
385        0.20487096774193522
386        0.2758064516129029
387        0.020645161290322598
388        0.15373387096774155
389        0.3637096774193548
390        0.0040322580645161185
391        0.05984677419354851
392        0.10783064516129022
393        0.027250000000000028
394        0.05712903225806465
395        0.18715322580645147
396        0.08100000000000016
397        0.2979112903225807
398        0.12625806451612906
399        0.07318548387096797
400        0.06743548387096776
401        0.068701612903226
402        0.014669354838709675
403        0.18084677419354808
404        0.3437661290322583
405        0.004725806451612894
406        0.04034677419354848
407        0.08149193548387113
408        0.23664516129032243
409        0.037080645161290414
410        0.17390322580645126
411        0.06592741935483885
412        0.03091129032258066
413        0.23660483870967716
414        0.15839516129032258
415        0.006338709677419354
416        0.25950806451612873
417        0.11499193548387078
418        0.1319758064516128
419        0.33137096774193536
420        0.056306451612903305
421        0.1832499999999998
422        0.12235483870967725
423        0.041362903225806574
424        0.20565322580645137
425        0.004282258064516122
426        0.18750806451612875
427        0.07233064516129031
428        0.04152419354838719
429        0.07817741935483873
430        0.1231451612903223
431        0.015201612903225772
432        0.34751612903225826
433        0.15364516129032235
434        0.3633225806451611
435        0.061709677419354986
436        0.27167741935483847
437        0.02195967741935483
438        0.026064516129032295
439        0.3367258064516129
440        0.21550806451612875
441        0.05998387096774198
442        0.12359677419354825
443        0.06500000000000017
444        0.05177419354838718
445        0.2161774193548383
446        0.37267741935483856
447        0.003185483870967733
448        0.1956693548387096
449        0.29617741935483866
450        0.19461290322580635
451        0.2482258064516127
452        0.015887096774193542
453        0.15483870967741906
454        0.2289193548387093
455        0.11329838709677413
456        0.23994354838709672
457        0.11849193548387076
458        0.29842741935483874
459        0.24003225806451595
460        0.15674193548387097
461        0.05534677419354844
462        0.0885483870967741
463        0.15042741935483858
464        0.06851612903225826
465        0.35527419354838713
466        0.03986290322580646
467        0.05774193548387102
468        0.015766129032258058
469        0.28157258064516105
470        0.18499193548387072
471        0.04222580645161297
472        0.10473387096774181
473        0.28505645161290305
474        0.1679999999999998
475        0.009500000000000033
476        0.22590322580645134
477        0.011362903225806487
478        0.08447580645161289
479        0.30207258064516096
480        0.1283951612903223
481        0.047733870967742044
482        0.036483870967742
483        0.09106451612903235
484        0.11713709677419339
485        0.019395161290322583
486        0.05187903225806458
487        0.09014516129032257
488        0.233556451612903
489        0.05556451612903245
490        0.002451612903225802
491        0.2684193548387096
492        0.0063629032258064825
493        0.04941935483870985
494        0.1354596774193548
495        0.01844354838709678
496        0.0026209677419354754
497        0.06008870967741942
498        0.36045967741935486
499        0.10733870967741932
500        0.017645161290322568
501        0.027822580645161313
502        0.030080645161290335
503        0.011451612903225817
504        0.1438951612903223
505        0.36626612903225797
506        0.026064516129032256
507        0.2020806451612902
508        0.2079112903225804
509        0.15231451612903205
510        0.2502822580645158
511        0.086967741935484
512        0.014080645161290315
513        0.0019354838709677374
514        0.02970967741935488
515        0.22215322580645136
516        0.051314516129032234
517        0.21447580645161268
518        0.295
519        0.1564919354838707
520        0.0026774193548387004
521        0.041080645161290355
522        0.12739516129032263
523        0.02138709677419355
524        0.27031451612903235
525        0.010588709677419357
526        0.3267258064516128
527        0.02834677419354839
528        0.07857258064516143
529        0.12141935483870961
530        0.07493548387096788
531        0.24924999999999964
532        0.10801612903225793
533        0.010491935483870982
534        0.007951612903225814
535        0.06819354838709678
536        0.3236370967741935
537        0.07402419354838724
538        0.16132258064516106
539        0.0048629032258064395
540        0.004435483870967728
541        0.05735483870967758
542        0.007967741935483882
543        0.20629032258064497
544        0.17591935483870938
545        0.06510483870967748
546        0.22449999999999995
547        0.030395161290322614
548        0.009524193548387105
549        0.12688709677419333
550        0.3608870967741935
551        0.04097580645161301
552        0.2196290322580643
553        0.09844354838709674
554        0.25222580645161263
555        0.17357258064516137
556        0.0058387096774193455
557        0.23003225806451577
558        0.33695161290322573
559        0.06387903225806463
560        0.025008064516129046
561        0.024080645161290333
562        0.078467741935484
563        0.27332258064516135
564        0.058887096774193674
565        0.04444354838709689
566        0.15483064516129016
567        0.09091935483870976
568        0.18419354838709645
569        0.19377419354838682
570        0.3514758064516129
571        0.17129032258064483
572        0.13308064516129028
573        0.0704032258064518
574        0.012241935483870951
575        0.0823790322580646
576        0.35353225806451616
577        0.3150967741935484
578        0.2737419354838709
579        0.13966935483870954
580        0.2936370967741933
581        0.24994354838709665
582        0.03634677419354845
583        0.04950000000000004
584        0.3429112903225807
585        0.19255645161290288
586        0.045411290322580775
587        0.16079032258064496
588        0.12508064516129003
589        0.13520161290322552
590        0.022008064516129022
591        0.024540322580645185
592        0.08774193548387105
593        0.35423387096774184
594        0.12621774193548374
595        0.18757258064516097
596        0.2430967741935483
597        0.36473387096774185
598        0.10219354838709664
599        0.2704274193548386
600        0.08360483870967757
601        0.36018548387096755
602        0.12504838709677393
603        0.3667177419354839
604        0.06866129032258081
605        0.06949193548387106
606        0.0022177419354838636
607        0.04968548387096792
608        0.20674193548387088
609        0.03134677419354842
610        0.09584677419354827
611        0.36089516129032256
612        0.16845161290322566
613        0.04966129032258064
614        0.01922580645161286
615        0.1841532258064511
616        0.3686129032258067
617        0.21425806451612864
618        0.10477419354838702
619        0.08752419354838713
