0        0.2645322580645162
1        0.18704032258064474
2        0.25095161290322543
3        0.32531451612903206
4        0.227540322580645
5        0.005838709677419351
6        0.1261612903225806
7        0.22470161290322538
8        0.12044354838709669
9        0.4327983870967742
10        0.09808870967741931
11        0.03300806451612906
12        0.03198387096774195
13        0.10808870967741915
14        0.010225806451612897
15        0.3992580645161288
16        0.09041129032258065
17        0.244032258064516
18        0.14216129032258049
19        0.07510483870967759
20        0.30332258064516093
21        0.07685483870967745
22        0.13484677419354826
23        0.4136935483870967
24        0.05878225806451615
25        0.08983870967741937
26        0.01719354838709676
27        0.09440322580645157
28        0.03772580645161298
29        0.016153225806451624
30        0.0038629032258064413
31        0.3904999999999999
32        0.39504032258064514
33        0.002943548387096769
34        0.35203225806451605
35        0.4273306451612902
36        0.0021612903225806386
37        0.09512096774193536
38        0.10000806451612916
39        0.33958064516129016
40        0.28883870967741915
41        0.40465322580645163
42        0.03064516129032264
43        0.41725806451612896
44        0.12537903225806427
45        0.27974999999999994
46        0.31132258064516105
47        0.08481451612903237
48        0.2714435483870965
49        0.08619354838709677
50        0.4000483870967741
51        0.011814516129032296
52        0.09468548387096767
53        0.049806451612903396
54        0.34542741935483845
55        0.0399274193548387
56        0.4320967741935482
57        0.08386290322580646
58        0.4220564516129032
59        0.21780645161290277
60        0.34493548387096756
61        0.08689516129032268
62        0.3862822580645159
63        0.34141129032258066
64        0.10303225806451594
65        0.2883387096774193
66        0.006411290322580635
67        0.4245564516129034
68        0.40238709677419343
69        0.24590322580645124
70        0.43154838709677457
71        0.10341129032258055
72        0.17758870967741905
73        0.03494354838709681
74        0.02341129032258068
75        0.09321774193548377
76        0.03776612903225811
77        0.002169354838709671
78        0.03268548387096778
79        0.3323467741935483
80        0.027161290322580675
81        0.15775806451612873
82        0.30648387096774177
83        0.3653709677419353
84        0.05143548387096782
85        0.24314516129032224
86        0.18304838709677373
87        0.4288709677419357
88        0.34232258064516086
89        0.43248387096774193
90        0.4275645161290322
91        0.16987903225806417
92        0.052137096774193675
93        0.11680645161290316
94        0.04191129032258076
95        0.01006451612903226
96        0.03341129032258063
97        0.08411290322580658
98        0.10630645161290327
99        0.11637903225806445
100        0.10615322580645153
101        0.07881451612903224
102        0.3694919354838705
103        0.04725000000000004
104        0.2736935483870965
105        0.024677419354838727
106        0.06040322580645169
107        0.40662096774193524
108        0.06132258064516136
109        0.24550806451612867
110        0.15912096774193527
111        0.29122580645161267
112        0.2082177419354835
113        0.1883225806451612
114        0.29122580645161267
115        0.011403225806451612
116        0.43091935483870986
117        0.06694354838709676
118        0.2635887096774192
119        0.09625806451612899
120        0.2219919354838705
121        0.2780887096774192
122        0.19400806451612865
123        0.2952661290322578
124        0.0448387096774194
125        0.049846774193548445
126        0.04618548387096776
127        0.2682661290322576
128        0.4171370967741935
129        0.045991935483871024
130        0.41014516129032264
131        0.4343467741935483
132        0.16279032258064485
133        0.08912903225806451
134        0.3113145161290322
135        0.4086935483870965
136        0.4233629032258065
137        0.052290322580645185
138        0.11454838709677402
139        0.16707258064516078
140        0.1736129032258062
141        0.02624193548387099
142        0.31579032258064504
143        0.3911370967741937
144        0.0715645161290323
145        0.026983870967741967
146        0.36387903225806434
147        0.06966935483870969
148        0.2854677419354836
149        0.18337903225806446
150        0.07685483870967746
151        0.42864516129032254
152        0.07323387096774192
153        0.009967741935483889
154        0.04540322580645165
155        0.3894435483870965
156        0.03140322580645165
157        0.3970645161290325
158        0.0332903225806452
159        0.37403225806451607
160        0.14960483870967714
161        0.12731451612903194
162        0.21737903225806424
163        0.10478225806451615
164        0.37912096774193565
165        0.3010645161290319
166        0.32395967741935444
167        0.12187096774193532
168        0.08691935483870973
169        0.3662983870967738
170        0.26324999999999954
171        0.2971774193548385
172        0.3236612903225804
173        0.011056451612903253
174        0.026959677419354868
175        0.3200645161290319
176        0.15341129032258055
177        0.23267741935483827
178        0.004959677419354831
179        0.363016129032258
180        0.0071935483870967775
181        0.40469354838709665
182        0.43637096774193557
183        0.35778225806451625
184        0.2896854838709675
185        0.30350000000000005
186        0.20561290322580617
187        0.18725806451612897
188        0.021653225806451574
189        0.31367741935483834
190        0.0203790322580645
191        0.193064516129032
192        0.032717741935483914
193        0.33072580645161276
194        0.0889596774193549
195        0.4129354838709675
196        0.015580645161290308
197        0.039483870967742
198        0.43579838709677426
199        0.15451612903225795
200        0.08227419354838718
201        0.05391129032258073
202        0.33989516129032254
203        0.10640322580645158
204        0.004895161290322574
205        0.11377419354838686
206        0.24790322580645124
207        0.10679032258064491
208        0.40074193548387094
209        0.005822580645161285
210        0.041782258064516145
211        0.008717741935483893
212        0.018991935483870973
213        0.014395161290322549
214        0.024661290322580656
215        0.010524193548387099
216        0.110524193548387
217        0.43454838709677435
218        0.02491129032258064
219        0.002758064516129025
220        0.14846774193548382
221        0.18604838709677377
222        0.12198387096774174
223        0.02600000000000001
224        0.4060080645161291
225        0.36067741935483855
226        0.031241935483871025
227        0.4051612903225803
228        0.12383064516129036
229        0.4287016129032257
230        0.07204838709677422
231        0.006693548387096806
232        0.3218870967741932
233        0.09662096774193549
234        0.03776612903225812
235        0.406524193548387
236        0.10616129032258062
237        0.0959838709677419
238        0.4249274193548388
239        0.11062096774193533
240        0.34085483870967725
241        0.026693548387096793
242        0.4209354838709677
243        0.2561612903225803
244        0.3700080645161289
245        0.4246451612903224
246        0.19198387096774153
247        0.08633064516129027
248        0.4251290322580646
249        0.3287499999999997
250        0.1879435483870965
251        0.16832258064516112
252        0.03866129032258066
253        0.41785483870967743
254        0.43024999999999997
255        0.07392741935483883
256        0.20887096774193512
257        0.35890322580645145
258        0.31699193548387083
259        0.019830645161290315
260        0.21723387096774147
261        0.3121854838709675
262        0.1615403225806448
263        0.04659677419354847
264        0.031169354838709706
265        0.42579838709677426
266        0.19446774193548347
267        0.006782258064516125
268        0.09126612903225814
269        0.3714112903225802
270        0.06420967741935493
271        0.18692741935483836
272        0.09816935483870959
273        0.08891129032258069
274        0.09053225806451609
275        0.4106451612903222
276        0.22592741935483887
277        0.203887096774193
278        0.04195967741935492
279        0.05745161290322585
280        0.009750000000000003
281        0.20403225806451572
282        0.36456451612903196
283        0.1185967741935482
284        0.03336290322580657
285        0.2454677419354836
286        0.11726612903225783
287        0.07309677419354853
288        0.42648387096774193
289        0.43165322580645155
290        0.3070887096774191
291        0.31241129032258025
292        0.3205564516129031
293        0.21931451612903197
294        0.055822580645161504
295        0.032653225806451684
296        0.05840322580645177
297        0.15503225806451593
298        0.21506451612903185
299        0.3156854838709677
300        0.35197580645161275
301        0.04490322580645174
302        0.2550322580645158
303        0.13287096774193538
304        0.021362903225806484
305        0.07491935483870973
306        0.034532258064516166
307        0.3321612903225805
308        0.04716935483870976
309        0.10872580645161255
310        0.007806451612903261
311        0.08235483870967743
312        0.1907258064516124
313        0.23612903225806406
314        0.09366935483870964
315        0.26585483870967713
316        0.12734677419354815
317        0.4253629032258061
318        0.011274193548387112
319        0.19378225806451602
320        0.22483064516129
321        0.3030887096774193
322        0.22724193548387053
323        0.4155645161290324
324        0.3923870967741937
325        0.30554032258064495
326        0.0029274193548387
327        0.2367580645161287
328        0.30599999999999977
329        0.07875806451612904
330        0.1913467741935482
331        0.02217741935483871
332        0.03937096774193554
333        0.15967741935483842
334        0.09650806451612898
335        0.3003225806451611
336        0.08662903225806456
337        0.17682258064516085
338        0.35749193548387076
339        0.09286290322580637
340        0.4315806451612903
341        0.19150806451612865
342        0.39328225806451605
343        0.4275
344        0.13720967741935458
345        0.366782258064516
346        0.18933870967741892
347        0.33345967741935456
348        0.15874193548387064
349        0.09104838709677415
350        0.4319032258064516
351        0.4190645161290323
352        0.42952419354838695
353        0.05134677419354845
354        0.2904274193548382
355        0.38341129032258064
356        0.16354032258064477
357        0.382008064516129
358        0.12587903225806438
359        0.24152419354838675
360        0.37549193548387083
361        0.3869193548387094
362        0.10064516129032242
363        0.3381290322580643
364        0.37549999999999983
365        0.13021774193548377
366        0.08483064516129037
367        0.0021370967741935424
368        0.3268629032258063
369        0.06320967741935488
370        0.11633064516129023
371        0.023943548387096766
372        0.42816935483870944
373        0.25954032258064486
374        0.10062903225806441
375        0.37416129032258055
376        0.11097580645161259
377        0.30959677419354836
378        0.029282258064516148
379        0.007096774193548399
380        0.016653225806451604
381        0.1335564516129028
382        0.07719354838709679
383        0.390508064516129
384        0.1082499999999997
385        0.2624435483870966
386        0.36138709677419356
387        0.03223387096774198
388        0.22382258064516072
389        0.4285645161290324
390        0.010685483870967736
391        0.07587096774193568
392        0.18482258064516088
393        0.04159677419354838
394        0.08145161290322589
395        0.26116935483870946
396        0.08629838709677436
397        0.37513709677419343
398        0.19368548387096776
399        0.1169112903225805
400        0.08419354838709678
401        0.08475806451612915
402        0.029169354838709784
403        0.29208870967741907
404        0.41200806451612904
405        0.005395161290322581
406        0.07979032258064528
407        0.09072580645161295
408        0.30435483870967717
409        0.08003225806451628
410        0.24142741935483836
411        0.11077419354838682
412        0.06404838709677435
413        0.29436290322580605
414        0.2174596774193546
415        0.016322580645161264
416        0.31108870967741914
417        0.1346774193548384
418        0.21691129032258044
419        0.4181209677419353
420        0.07422580645161297
421        0.3066854838709676
422        0.15924999999999967
423        0.0887661290322581
424        0.3361774193548387
425        0.008870967741935507
426        0.3036532258064513
427        0.15483870967741925
428        0.10588709677419343
429        0.13591129032258056
430        0.1914838709677415
431        0.03738709677419364
432        0.4310645161290321
433        0.22558064516128998
434        0.4344919354838709
435        0.10267741935483868
436        0.33808870967741916
437        0.03815322580645166
438        0.038120967741935526
439        0.4154919354838708
440        0.28601612903225787
441        0.07858870967741932
442        0.18923387096774172
443        0.12534677419354817
444        0.09478225806451614
445        0.31855645161290286
446        0.4340322580645158
447        0.003959677419354827
448        0.3134677419354836
449        0.404532258064516
450        0.299258064516129
451        0.34753225806451593
452        0.02945967741935488
453        0.19688709677419322
454        0.2788709677419351
455        0.1877419354838704
456        0.2980161290322578
457        0.17933870967741877
458        0.3976532258064517
459        0.3377499999999996
460        0.25381451612903183
461        0.06687903225806459
462        0.12054838709677405
463        0.20583064516129002
464        0.10483064516129013
465        0.43527419354838703
466        0.09353225806451616
467        0.11454032258064513
468        0.045064516129032416
469        0.37171774193548357
470        0.23370967741935453
471        0.0655806451612904
472        0.1737499999999997
473        0.36462096774193514
474        0.25319354838709646
475        0.028790322580645192
476        0.2623306451612899
477        0.012645161290322584
478        0.14620967741935476
479        0.3878951612903224
480        0.18860483870967706
481        0.08503225806451624
482        0.05065322580645175
483        0.09865322580645168
484        0.18837096774193524
485        0.02093548387096774
486        0.0786532258064517
487        0.14751612903225772
488        0.27199193548387074
489        0.0859919354838711
490        0.002540322580645157
491        0.34157258064516133
492        0.004564516129032248
493        0.1051532258064515
494        0.21458064516129036
495        0.023000000000000007
496        0.002524193548387087
497        0.10811290322580634
498        0.4268145161290324
499        0.16215322580645147
500        0.025032258064516148
501        0.07443548387096775
502        0.051556451612903266
503        0.0207983870967742
504        0.2512338709677417
505        0.4268225806451611
506        0.04874193548387112
507        0.28569354838709665
508        0.33199999999999974
509        0.24386290322580595
510        0.3585645161290318
511        0.10235483870967739
512        0.015282258064516115
513        0.004112903225806431
514        0.03195161290322585
515        0.3088870967741933
516        0.08182258064516126
517        0.326274193548387
518        0.3850483870967743
519        0.20755645161290284
520        0.0025322580645161206
521        0.08075000000000002
522        0.19843548387096768
523        0.02254032258064517
524        0.38272580645161286
525        0.022750000000000013
526        0.41468548387096776
527        0.05858064516129034
528        0.11775806451612889
529        0.15710483870967726
530        0.1291532258064514
531        0.30220967741935467
532        0.16419354838709643
533        0.019129032258064504
534        0.011822580645161286
535        0.11636290322580639
536        0.4187016129032257
537        0.11321774193548376
538        0.28683064516129003
539        0.015185483870967737
540        0.0034999999999999966
541        0.10241935483870959
542        0.009282258064516154
543        0.31174193548387086
544        0.25608064516128975
545        0.09572580645161283
546        0.3009838709677417
547        0.06246774193548387
548        0.02429838709677421
549        0.2190241935483867
550        0.43000000000000005
551        0.08760483870967736
552        0.29025806451612873
553        0.13499999999999965
554        0.31104838709677396
555        0.24860483870967726
556        0.010032258064516157
557        0.2934758064516126
558        0.41986290322580655
559        0.1297499999999999
560        0.060322580645161425
561        0.026588709677419376
562        0.09966129032258056
563        0.3911048387096774
564        0.08422580645161305
565        0.053669354838709736
566        0.2517338709677418
567        0.11566935483870959
568        0.24607258064516085
569        0.2604919354838705
570        0.42208870967741946
571        0.24458064516129002
572        0.236032258064516
573        0.11733064516129023
574        0.030387096774193587
575        0.14586290322580614
576        0.42427419354838725
577        0.4063225806451615
578        0.3489435483870963
579        0.22174193548387058
580        0.36824999999999997
581        0.3520403225806452
582        0.06505645161290337
583        0.08225000000000002
584        0.42404032258064517
585        0.2867822580645158
586        0.08925806451612912
587        0.1994758064516127
588        0.187129032258064
589        0.19759677419354785
590        0.023943548387096777
591        0.08090322580645166
592        0.10253225806451596
593        0.4237258064516128
594        0.18338709677419307
595        0.2952016129032256
596        0.33262903225806434
597        0.43255645161290346
598        0.16781451612903212
599        0.3749354838709676
600        0.109524193548387
601        0.42754838709677384
602        0.18147580645161254
603        0.42994354838709675
604        0.1229032258064515
605        0.12204032258064507
606        0.0025967741935483783
607        0.09217741935483857
608        0.28488709677419344
609        0.05164516129032268
610        0.15895161290322563
611        0.43278225806451603
612        0.2501290322580641
613        0.09812096774193543
614        0.019967741935483813
615        0.25687903225806413
616        0.4321612903225808
617        0.2692741935483868
618        0.1662177419354838
619        0.15034677419354836
