1        0.542383053839
2        0.518005295675
3        0.545150044131
4        0.513415710503
5        0.453481906443
6        0.52700353045
7        0.524955869373
8        0.356098852604
9        0.530931156222
10        0.543172992056
11        0.528106796117
12        0.511849073257
13        0.512722859665
14        0.524086496028
15        0.514845542807
16        0.546866725508
17        0.3093380406
18        0.506756398941
19        0.535829655781
20        0.496240070609
21        0.542105030891
22        0.500635481024
23        0.547105030891
24        0.544863195057
25        0.502563989409
26        0.210578111209
27        0.510375110327
28        0.461085613416
29        0.351090026478
30        0.523534863195
31        0.531919682259
32        0.203283318623
33        0.395410414828
34        0.521372462489
35        0.0452736098853
36        0.0548720211827
37        0.0695233892321
38        0.521288614298
39        0.546977052074
40        0.536747572816
41        0.547581641659
42        0.546597528685
43        0.412947925861
44        0.525467784643
45        0.540172109444
46        0.542784642542
47        0.347687555163
48        0.374408649603
49        0.544461606355
50        0.538362753751
51        0.49779788173
52        0.547074139453
53        0.173014121801
54        0.537180052957
55        0.492828773169
56        0.546809355693
57        0.536451897617
58        0.540887025596
59        0.523199470432
60        0.225357458076
61        0.385710503089
62        0.537568402471
63        0.398839364519
64        0.501200353045
65        0.49700353045
66        0.484924977935
67        0.421849073257
68        0.47907325684
69        0.540776699029
70        0.527868490733
71        0.46213592233
72        0.544099735216
73        0.518318623124
74        0.518331862312
75        0.362952338923
76        0.544201235658
77        0.391319505737
78        0.443627537511
79        0.423737864078
80        0.519876434245
81        0.542413945278
82        0.492113857017
83        0.339448367167
84        0.47379082083
85        0.520547219771
86        0.414721977052
87        0.339611650485
88        0.461571050309
89        0.37306266549
90        0.520317740512
91        0.396222418358
92        0.382488967343
93        0.441831421006
94        0.53733451015
95        0.30432038835
96        0.322188879082
97        0.169210061783
98        0.178490732568
99        0.260083848191
100        0.199342453663
101        0.421703442189
102        0.173852603707
103        0.308548102383
104        0.50398940865
105        0.546941747573
106        0.532722859665
107        0.481562224184
108        0.35160635481
109        0.188570167696
110        0.41980141218
111        0.0666107678729
112        0.491928508385
113        0.456160635481
114        0.314589585172
115        0.397440423654
116        0.546478375993
117        0.513446601942
118        0.343702559576
119        0.362241835834
120        0.540542806708
121        0.447634598411
122        0.462559576346
123        0.223636363636
124        0.508353927626
125        0.436862312445
126        0.162197705207
127        0.48418799647
128        0.545295675199
129        0.323962930274
130        0.444289496911
131        0.506959399823
132        0.387546337158
133        0.495582524272
134        0.541138570168
135        0.542965578111
136        0.378230361871
137        0.535829655781
138        0.242992056487
139        0.226028243601
140        0.541116504854
141        0.375432480141
142        0.525110326567
143        0.542347749338
144        0.250017652251
145        0.50360988526
146        0.542700794351
147        0.526663724625
148        0.481067961165
149        0.471045895852
150        0.522480141218
151        0.146906443071
152        0.520167696381
153        0.463839364519
154        0.238958517211
155        0.492484554281
156        0.32193733451
157        0.479739629303
158        0.366072374228
159        0.247259488085
160        0.155419240953
161        0.3936760812
162        0.477356575463
163        0.406747572816
164        0.324179170344
165        0.443481906443
166        0.399629302736
167        0.390507502207
168        0.473879082083
169        0.310017652251
170        0.302824360106
171        0.194576345984
172        0.299505736981
173        0.126977052074
174        0.29845984113
175        0.0889849955869
176        0.512418358341
177        0.217793468667
178        0.307912621359
179        0.294351279788
180        0.147917034422
181        0.43233451015
182        0.535670785525
183        0.545172109444
184        0.406972639011
185        0.540013239188
186        0.446460723742
187        0.378190644307
188        0.45019858782
189        0.481946160635
190        0.379165931156
191        0.481385701677
192        0.428777581642
193        0.507714033539
194        0.525383936452
195        0.344898499559
196        0.548234774934
197        0.451707855252
198        0.544108561342
199        0.485688437776
200        0.523667255075
201        0.538817299206
202        0.45907325684
203        0.491831421006
204        0.545101500441
205        0.548014121801
206        0.532356575463
207        0.51105913504
208        0.429236540159
209        0.316716681377
210        0.530750220653
211        0.471796116505
212        0.534329214475
213        0.514611650485
214        0.539858781995
215        0.534889673433
216        0.503186231244
217        0.496535745808
218        0.523799646955
219        0.530820829656
220        0.334479258605
221        0.44319505737
222        0.485657546337
223        0.245194174757
224        0.331394527802
225        0.126332744925
226        0.11420564872
227        0.475057369815
228        0.462497793469
229        0.197572815534
230        0.46625772286
231        0.444461606355
232        0.17039717564
233        0.545706090026
234        0.340401588703
235        0.46779788173
236        0.200295675199
237        0.539496910856
238        0.477241835834
239        0.530939982348
240        0.495511915269
241        0.545710503089
242        0.223177405119
243        0.536681376876
244        0.354527802295
245        0.455953221536
246        0.439823477493
247        0.147255075022
248        0.459307149162
249        0.156354810238
250        0.429360105914
251        0.479037952339
252        0.362519858782
253        0.066398940865
254        0.487789055605
255        0.480873786408
256        0.379819064431
257        0.435922330097
258        0.290931156222
259        0.515114739629
260        0.344633715799
261        0.091147396293
262        0.290344218888
263        0.479258605472
264        0.31546337158
265        0.365304501324
266        0.247652250662
267        0.502714033539
268        0.52625772286
269        0.532475728155
270        0.417197705207
271        0.528755516328
272        0.239196822595
273        0.245953221536
274        0.53773168579
275        0.432819947043
276        0.490551632833
277        0.33173874669
278        0.395269196823
279        0.396019417476
280        0.393826125331
281        0.132025595763
282        0.520772285966
283        0.186015004413
284        0.502074139453
285        0.374466019417
286        0.363596646072
287        0.481765225066
288        0.19579435128
289        0.508764342454
290        0.387409532215
291        0.467087378641
292        0.17925419241
293        0.476178287732
294        0.0945675198588
295        0.223826125331
296        0.293830538394
297        0.406160635481
298        0.331487202118
299        0.541284201236
300        0.445048543689
301        0.295039717564
302        0.158578993822
303        0.526350397176
304        0.121562224184
305        0.452744924978
306        0.413265666372
307        0.419183583407
308        0.492758164166
309        0.166134157105
310        0.201032656664
311        0.340503089144
312        0.372749338041
313        0.472440423654
314        0.501094439541
315        0.351610767873
316        0.540582524272
317        0.432065313327
318        0.0793424536628
319        0.0957766990291
320        0.301050308914
321        0.490714916152
322        0.523534863195
323        0.340075022065
324        0.397462488967
325        0.421985878199
326        0.202934686673
327        0.542669902913
328        0.374161518094
329        0.52685348632
330        0.443870255958
331        0.516548984996
332        0.548159752868
333        0.546840247132
334        0.40980141218
335        0.502541924095
336        0.452299205649
337        0.431902030009
338        0.444580759047
339        0.493075904678
340        0.478318623124
341        0.543548102383
342        0.102224183583
343        0.269920564872
344        0.485445719329
345        0.123967343336
346        0.431571050309
347        0.419439541041
348        0.338067078553
349        0.361487202118
350        0.252828773169
351        0.491765225066
352        0.461279788173
353        0.46
354        0.54847749338
355        0.536248896734
356        0.54860988526
357        0.370525154457
358        0.507488967343
359        0.292594880847
360        0.299152691968
361        0.514488084731
362        0.493530450132
363        0.458243601059
364        0.444174757282
365        0.401412180053
366        0.245061782877
367        0.529082082966
368        0.526835834069
369        0.431112091792
370        0.223905560459
371        0.497608120035
372        0.504443954104
373        0.440538393645
374        0.0852736098853
375        0.297563989409
376        0.49845984113
377        0.351782877317
378        0.546849073257
379        0.288861429832
380        0.420035304501
381        0.539558693733
382        0.504143865843
383        0.472228596646
384        0.535233892321
385        0.466857899382
386        0.454739629303
387        0.452608120035
388        0.416835834069
389        0.532299205649
390        0.527493380406
391        0.409060017652
392        0.493958517211
393        0.531707855252
394        0.192250661959
395        0.295123565755
396        0.543486319506
397        0.313618711386
398        0.354677846425
399        0.460842894969
400        0.435838481906
401        0.518331862312
402        0.327709620477
403        0.340317740512
404        0.492166813769
405        0.309752868491
406        0.237263901147
407        0.44206972639
408        0.362577228597
409        0.510586937335
410        0.521306266549
411        0.350856134157
412        0.44912180053
413        0.517612533098
414        0.391165048544
415        0.524938217123
416        0.415498676081
417        0.334973521624
418        0.404916151809
419        0.345114739629
420        0.515913503972
421        0.211729920565
422        0.370869373345
423        0.299699911739
424        0.0966107678729
425        0.392025595763
426        0.423517210944
427        0.421067961165
428        0.184285083848
429        0.540900264784
430        0.452105030891
431        0.448945278023
432        0.325639894086
433        0.364143865843
434        0.547215357458
435        0.360516328332
436        0.228340688438
437        0.397458075905
438        0.481173874669
439        0.511094439541
440        0.246875551633
441        0.440736981465
442        0.198759929391
443        0.471818181818
444        0.427784642542
445        0.400984112974
446        0.540057369815
447        0.442391879965
448        0.203949691086
449        0.146849073257
450        0.13120917917
451        0.362316857899
452        0.533018534863
453        0.303503971756
454        0.529399823477
455        0.435013239188
456        0.361963812886
457        0.458711385702
458        0.47418799647
459        0.294015887026
460        0.504037952339
461        0.184408649603
462        0.22654015887
463        0.100472197705
464        0.422766990291
465        0.199805825243
466        0.492180052957
467        0.504285083848
468        0.529894086496
469        0.16552956752
470        0.50918799647
471        0.334730803177
472        0.470154457193
473        0.230556045896
474        0.291297440424
475        0.437700794351
476        0.403737864078
477        0.418045013239
478        0.153967343336
479        0.336977052074
480        0.371597528685
481        0.472034421889
482        0.270591350397
483        0.480375110327
484        0.494461606355
485        0.44826125331
486        0.411090026478
487        0.412705207414
488        0.110516328332
489        0.447815533981
490        0.211566637246
491        0.329161518094
492        0.162193292145
493        0.104598411297
494        0.0771491615181
495        0.476328331862
496        0.0939143865843
497        0.243552515446
498        0.198662842012
499        0.311619593998
500        0.456160635481
501        0.478821712268
502        0.0691879964695
503        0.491195939982
504        0.540714916152
505        0.404872021183
506        0.293605472198
507        0.45081200353
508        0.407819947043
509        0.315176522507
510        0.364752868491
511        0.289695498676
512        0.452100617829
513        0.4316548985
514        0.0664695498676
515        0.311363636364
516        0.0718799646955
517        0.264395410415
518        0.476015004413
519        0.0722462488967
520        0.293155339806
521        0.344991173875
522        0.218777581642
523        0.401610767873
524        0.2343380406
525        0.131129744042
526        0.0729788172992
527        0.275564872021
528        0.321624007061
529        0.176619593998
530        0.0972241835834
531        0.0938746690203
532        0.514902912621
533        0.260300088261
534        0.201328331862
535        0.143300970874
536        0.159664607237
537        0.170282436011
538        0.372105030891
539        0.22799646955
540        0.311006178288
541        0.318530450132
542        0.501301853486
543        0.521429832304
544        0.175573698147
545        0.450189761695
546        0.265176522507
547        0.220313327449
548        0.191134157105
549        0.495657546337
550        0.0970697263901
551        0.326579876434
552        0.532616946161
553        0.287886142983
554        0.515070609003
555        0.434814651368
556        0.231394527802
557        0.30107678729
558        0.348927625772
559        0.239695498676
560        0.153958517211
561        0.175189761695
562        0.442736098853
563        0.336160635481
564        0.531306266549
565        0.392934686673
566        0.234386584289
567        0.283473080318
568        0.500185348632
569        0.418089143866
570        0.126849073257
571        0.497934686673
572        0.347749338041
573        0.505732568402
574        0.274223300971
575        0.0714474845543
576        0.186006178288
577        0.165383936452
578        0.541138570168
579        0.170688437776
580        0.154210061783
581        0.284333627538
582        0.173274492498
583        0.0847308031774
584        0.469924977935
585        0.530114739629
586        0.394986760812
587        0.149452780229
588        0.540798764342
589        0.198221535746
590        0.524413062665
591        0.526615180936
592        0.492462488967
593        0.377594880847
594        0.510494263019
595        0.349827890556
596        0.308243601059
597        0.192744924978
598        0.447647837599
599        0.439060017652
600        0.341421006178
601        0.284916151809
602        0.291518093557
603        0.476579876434
604        0.291297440424
605        0.211557811121
606        0.275714916152
607        0.419302736099
608        0.23101059135
609        0.156659311562
610        0.284518976169
611        0.277669902913
612        0.355282436011
613        0.135136804943
614        0.321734333628
615        0.0754324801412
616        0.0742983230362
617        0.252753751103
618        0.0563812886143
619        0.0754413062665
620        0.195207413945
621        0.286253309797
622        0.284646954987
623        0.310564872021
624        0.255785525154
625        0.287881729921
626        0.160295675199
627        0.132237422771
628        0.0719593998235
629        0.33107678729
630        0.248512797882
631        0.155485436893
632        0.322908208297
633        0.416443071492
634        0.287546337158
635        0.0147396293027
636        0.154947043248
637        0.0772065313327
638        0.381822594881
639        0.11879082083
640        0.236359223301
641        0.426659311562
642        0.39079435128
643        0.307290379523
644        0.0940776699029
645        0.220194174757
646        0.231204766108
647        0.385675198588
648        0.39905560459
649        0.444911738747
650        0.451610767873
651        0.16700353045
652        0.206928508385
653        0.121751985878
654        0.458437775816
655        0.127025595763
656        0.400238305384
657        0.35940423654
658        0.264214474846
659        0.344112974404
660        0.521112091792
661        0.317338923213
662        0.414060017652
663        0.415498676081
664        0.148521624007
665        0.108234774934
666        0.241535745808
667        0.0803309796999
668        0.317277140335
669        0.277802294793
670        0.0720962047661
671        0.348552515446
672        0.26420564872
673        0.140781112092
674        0.116637246249
675        0.294421888791
676        0.207956751986
677        0.465684024713
678        0.19180494263
679        0.0957811120918
680        0.288217122683
681        0.10607678729
682        0.113636363636
683        0.107206531333
684        0.0777316857899
685        0.104068843778
686        0.152096204766
687        0.484902912621
688        0.345260370697
689        0.247590467785
690        0.0998720211827
691        0.443645189762
692        0.400022065313
693        0.318274492498
694        0.422074139453
695        0.444488084731
696        0.29586054722
697        0.30552956752
698        0.482872903795
699        0.329417475728
700        0.317458075905
701        0.277497793469
702        0.252568402471
703        0.192480141218
704        0.317511032657
705        0.3946690203
706        0.367294792586
707        0.34658870256
708        0.173230361871
709        0.479377758164
710        0.261434245366
711        0.449342453663
712        0.236178287732
713        0.148834951456
714        0.104836716681
715        0.308649602824
716        0.107555163283
717        0.0469064430715
718        0.210286849073
719        0.300092674316
720        0.247405119153
721        0.280061782877
722        0.094920564872
723        0.29112533098
724        0.51526478376
725        0.512978817299
726        0.521098852604
727        0.140556045896
728        0.203133274492
729        0.476509267432
730        0.507736098853
731        0.228958517211
732        0.0808649602824
733        0.0782082965578
734        0.154571932921
735        0.181156222418
736        0.313283318623
737        0.296954986761
738        0.0918093556929
739        0.117696381289
740        0.0833539276258
741        0.292568402471
742        0.284880847308
743        0.424682259488
744        0.445172109444
745        0.383464254192
746        0.38678729038
747        0.319924977935
748        0.373530450132
749        0.233111209179
750        0.338424536628
751        0.0448984995587
752        0.208949691086
753        0.180092674316
754        0.143578993822
755        0.217890556046
756        0.510873786408
757        0.401756398941
758        0.0202162400706
759        0.0120609002648
760        0.072413945278
761        0.318517210944
762        0.156359223301
763        0.0722241835834
764        0.121200353045
765        0.413764342454
766        0.167802294793
767        0.336888790821
768        0.101690203001
769        0.439673433363
770        0.332590467785
771        0.130503089144
772        0.324805825243
773        0.250476610768
774        0.214695498676
775        0.527661076787
776        0.139876434245
777        0.147846425419
778        0.162643424537
779        0.0802206531333
780        0.497316857899
781        0.244527802295
782        0.0726610767873
783        0.383684907326
784        0.418980582524
785        0.0584245366284
786        0.474955869373
787        0.200887025596
788        0.468406884378
789        0.0716019417476
790        0.233362753751
791        0.0831465136805
792        0.312775816417
793        0.256676963813
794        0.17354368932
795        0.256434245366
796        0.226624007061
797        0.154060017652
798        0.229638128861
799        0.101231244484
800        0.107965578111
801        0.160061782877
802        0.211760812004
803        0.0926919682259
804        0.061332744925
805        0.0445984112974
806        0.244161518094
807        0.109642541924
808        0.358097969991
809        0.387846425419
810        0.230697263901
811        0.255401588703
812        0.197096204766
813        0.193817299206
814        0.134068843778
815        0.132184466019
816        0.355511915269
817        0.260701676964
818        0.167842012357
819        0.318905560459
820        0.124986760812
821        0.300136804943
822        0.264726390115
823        0.115044130627
824        0.369836716681
825        0.13601059135
826        0.12460282436
827        0.28447043248
828        0.0672330097087
829        0.197846425419
830        0.0781067961165
831        0.235339805825
832        0.0594395410415
833        0.388340688438
834        0.342762577229
835        0.14319505737
836        0.353283318623
837        0.157405119153
838        0.26178729038
839        0.132899382171
840        0.353314210062
841        0.112806707855
842        0.091359223301
843        0.0585657546337
844        0.240975286849
845        0.0472683142101
846        0.264585172109
847        0.331707855252
848        0.40460282436
849        0.395692850838
850        0.0641791703442
851        0.266443071492
852        0.0721226831421
853        0.296253309797
854        0.167969991174
855        0.259086496028
856        0.0748102383054
857        0.0878464254192
858        0.0968225948808
859        0.364739629303
860        0.312016769638
861        0.223022947926
862        0.0308208296558
863        0.0878640776699
864        0.17567961165
865        0.120225066196
866        0.142087378641
867        0.0479479258605
868        0.331690203001
869        0.3366548985
870        0.35074580759
871        0.187793468667
872        0.298777581642
873        0.0725507502207
874        0.235344218888
875        0.2306619594
876        0.0694263018535
877        0.118565754634
878        0.229686672551
879        0.185105913504
880        0.118336275375
881        0.203967343336
882        0.207925860547
883        0.0830626654899
884        0.441946160635
885        0.473014121801
886        0.474894086496
887        0.455079435128
888        0.45440423654
889        0.286160635481
890        0.414245366284
891        0.401615180936
892        0.445145631068
893        0.276977052074
894        0.348150926743
895        0.413424536628
896        0.365970873786
897        0.0339982347749
898        0.129042365402
899        0.0862621359223
900        0.171831421006
901        0.0665401588703
902        0.247537511033
903        0.163570167696
904        0.240895851721
905        0.201999117387
906        0.0396999117387
907        0.256707855252
908        0.365083848191
909        0.07493380406
910        0.205255957635
911        0.104285083848
912        0.23819505737
913        0.0616725507502
914        0.214395410415
915        0.203958517211
916        0.101509267432
917        0.0723565754634
918        0.0285304501324
919        0.110489849956
920        0.301063548102
921        0.158552515446
922        0.216902030009
923        0.23567961165
924        0.179029126214
925        0.140097087379
926        0.0941526919682
927        0.0968711385702
928        0.152343336275
929        0.222312444837
930        0.185075022065
931        0.105273609885
932        0.227175639894
933        0.176178287732
934        0.0999249779347
935        0.229726390115
936        0.265516328332
937        0.189872021183
938        0.198905560459
939        0.119324801412
940        0.31321270962
941        0.154752868491
942        0.23586054722
943        0.180317740512
944        0.19226831421
945        0.38879082083
946        0.294015887026
947        0.068918799647
948        0.0390909090909
949        0.0474051191527
950        0.248296557811
951        0.134955869373
952        0.254739629303
953        0.401999117387
954        0.33341129744
955        0.0995278022948
956        0.0858737864078
957        0.343512797882
958        0.311218005296
959        0.104691085613
960        0.188150926743
961        0.157347749338
962        0.285167696381
963        0.209527802295
964        0.0861385701677
965        0.22986760812
966        0.0968181818182
967        0.147462488967
968        0.179466019417
969        0.0964386584289
970        0.105375110327
971        0.075079435128
972        0.0693512797882
973        0.0558120035305
974        0.138601059135
975        0.193901147396
976        0.366248896734
977        0.0892188879082
978        0.196619593998
979        0.171306266549
980        0.203932038835
981        0.309845542807
982        0.203375992939
983        0.407894969109
984        0.11259929391
985        0.193036187114
986        0.193106796117
987        0.193159752868
988        0.140913503972
989        0.100489849956
990        0.159496910856
991        0.0855736981465
992        0.253433362754
993        0.159541041483
994        0.126120917917
995        0.442131509267
996        0.355225066196
997        0.0506134157105
998        0.0859532215357
999        0.131888790821
1000        0.064841129744
1001        0.237687555163
1002        0.203843777582
1003        0.181915269197
1004        0.209872021183
1005        0.31039717564
1006        0.0638040600177
1007        0.265970873786
1008        0.130410414828
1009        0.240273609885
1010        0.230975286849
1011        0.130255957635
1012        0.0747352162401
1013        0.181425419241
1014        0.123358340688
1015        0.0638834951456
1016        0.130044130627
1017        0.0569505736981
1018        0.0285172109444
1019        0.0866902030009
1020        0.28345984113
1021        0.0666195939982
1022        0.12667255075
1023        0.176774051192
1024        0.129805825243
1025        0.137740511915
1026        0.266332744925
1027        0.138574580759
1028        0.0308605472198
1029        0.0638172992056
1030        0.0798852603707
1031        0.105807590468
1032        0.192714033539
1033        0.096332744925
1034        0.270485436893
1035        0.373971756399
1036        0.184457193292
1037        0.203998234775
1038        0.273702559576
1039        0.268512797882
1040        0.0740070609003
1041        0.185344218888
1042        0.0751632833186
1043        0.328005295675
1044        0.0690600176523
1045        0.223799646955
1046        0.121959399823
1047        0.1440070609
1048        0.0449029126214
1049        0.09240070609
1050        0.264024713151
1051        0.124267431598
1052        0.0116857899382
1053        0.176716681377
1054        0.135609002648
1055        0.11365842895
1056        0.028640776699
1057        0.0532965578111
1058        0.107837599294
1059        0.0901809355693
1060        0.123998234775
1061        0.10552956752
1062        0.158318623124
1063        0.11427184466
1064        0.00942188879082
1065        0.0589276257723
1066        0.143945278023
1067        0.295088261253
1068        0.110467784643
1069        0.257572815534
1070        0.182987643425
1071        0.101835834069
1072        0.0118755516328
1073        0.124439541041
1074        0.0851632833186
1075        0.129633715799
1076        0.0442541924095
1077        0.0671359223301
1078        0.259704324801
1079        0.0919020300088
1080        0.105807590468
1081        0.0642983230362
1082        0.0779435127979
1083        0.0643336275375
1084        0.174293909974
1085        0.0255648720212
1086        0.0556884377758
1087        0.0996601941748
1088        0.061372462489
1089        0.0530273609885
1090        0.0939099735216
1091        0.0177890556046
1092        0.057453662842
1093        0.0335613415711
1094        0.0778375992939
1095        0.0775286849073
1096        0.061081200353
1097        0.139788172992
1098        0.312030008826
1099        0.0121006178288
1100        0.123998234775
1101        0.0340247131509
1102        0.0577758164166
1103        0.0123300970874
1104        0.0279832303619
1105        0.20178729038
1106        0.0257899382171
1107        0.0919505736981
1108        0.0636363636364
1109        0.0528817299206
1110        0.0794880847308
1111        0.0780847308032
1112        0.245163283319
1113        0.0531332744925
1114        0.0480803177405
1115        0.0206398940865
1116        0.0667078552515
1117        0.0933451015004
1118        0.0174492497793
1119        0.0230714916152
1120        0.0393115622242
1121        0.0121094439541
1122        0.0202736098853
1123        0.0342541924095
1124        0.0395631067961
1125        0.0120829655781
1126        0.0695454545455
1127        0.0253177405119
1128        0.0282347749338
1129        0.0255119152692
1130        0.0173565754634
1131        0.0147396293027
1132        0.0120962047661
1133        0.00387025595763
