1        0.073852603707
2        0.0617122683142
3        0.0877714033539
4        0.0589629302736
5        0.0353000882613
6        0.0529744042365
7        0.0620123565755
8        0.0279346866726
9        0.0647484554281
10        0.0595675198588
11        0.065052956752
12        0.0488172992056
13        0.0644218887908
14        0.0575242718447
15        0.0456310679612
16        0.092639011474
17        0.0216107678729
18        0.0604810238305
19        0.0738040600177
20        0.0578155339806
21        0.0809532215357
22        0.0419373345102
23        0.099827890556
24        0.0777228596646
25        0.0497616946161
26        0.018892321271
27        0.0511032656664
28        0.0382877316858
29        0.0252956751986
30        0.0621403353928
31        0.0625948808473
32        0.0152250661959
33        0.0387687555163
34        0.0504589585172
35        0.00467784642542
36        0.00397616946161
37        0.00593115622242
38        0.0514033539276
39        0.0719064430715
40        0.077321270962
41        0.0921138570168
42        0.106081200353
43        0.0398058252427
44        0.0531994704325
45        0.0625022065313
46        0.0863945278023
47        0.0241526919682
48        0.0329611650485
49        0.087374227714
50        0.0735348631951
51        0.0551544571933
52        0.0886716681377
53        0.013640776699
54        0.0875904677846
55        0.0480935569285
56        0.0840732568402
57        0.05753309797
58        0.0658164165931
59        0.0442586054722
60        0.0102691968226
61        0.0192497793469
62        0.0668843777582
63        0.0209532215357
64        0.0297661076787
65        0.027493380406
66        0.036319505737
67        0.0188217122683
68        0.0371756398941
69        0.0486760812004
70        0.0593292144748
71        0.0298720211827
72        0.0672109443954
73        0.0413106796117
74        0.0631597528685
75        0.0314563106796
76        0.0871359223301
77        0.0295851721094
78        0.0296381288614
79        0.0382391879965
80        0.0758031774051
81        0.0591615180936
82        0.0498499558694
83        0.0285613415711
84        0.0556266548985
85        0.0592188879082
86        0.0350750220653
87        0.0296954986761
88        0.0358781994704
89        0.0164651368049
90        0.0435966460724
91        0.0244395410415
92        0.0345984112974
93        0.0276919682259
94        0.0546337157988
95        0.013640776699
96        0.0171800529568
97        0.0123521624007
98        0.0086187113857
99        0.0154545454545
100        0.00629744042365
101        0.0329832303619
102        0.0102824360106
103        0.0267122683142
104        0.0617961165049
105        0.113102383054
106        0.053680494263
107        0.0475375110327
108        0.0330317740512
109        0.011240070609
110        0.027480141218
111        0.00541482789056
112        0.0444395410415
113        0.0360282436011
114        0.0127890556046
115        0.0208075904678
116        0.0861562224184
117        0.0407678729038
118        0.0154721977052
119        0.0248102383054
120        0.0596822594881
121        0.0260370697264
122        0.033733451015
123        0.0195410414828
124        0.0406575463372
125        0.0257413945278
126        0.00729479258605
127        0.0478552515446
128        0.0880361871139
129        0.0287113857017
130        0.0438172992056
131        0.042678729038
132        0.0259090909091
133        0.0378199470432
134        0.0835083848191
135        0.0733009708738
136        0.0262091791703
137        0.0758120035305
138        0.0127007943513
139        0.0106487202118
140        0.0816195939982
141        0.024827890556
142        0.0616725507502
143        0.0840158870256
144        0.0118093556929
145        0.0473830538394
146        0.0633230361871
147        0.0528993821712
148        0.0356884377758
149        0.03486760812
150        0.0496910856134
151        0.00857899382171
152        0.0526610767873
153        0.0343777581642
154        0.0142541924095
155        0.0465887025596
156        0.0115666372462
157        0.0485525154457
158        0.0209223300971
159        0.0124360105914
160        0.00746690203001
161        0.0306354810238
162        0.0409664607237
163        0.0253045013239
164        0.0143645189762
165        0.0257987643425
166        0.0244924977935
167        0.0225022065313
168        0.0338967343336
169        0.0112974404237
170        0.0133804060018
171        0.00926301853486
172        0.0203971756399
173        0.00614739629303
174        0.0159311562224
175        0.00512356575463
176        0.0657016769638
177        0.0163812886143
178        0.0180406001765
179        0.0186187113857
180        0.00795233892321
181        0.0272683142101
182        0.0772815533981
183        0.0684995586937
184        0.0263239187996
185        0.0681906443071
186        0.0273036187114
187        0.0298102383054
188        0.0219726390115
189        0.0279037952339
190        0.0267519858782
191        0.036385701677
192        0.033627537511
193        0.0569549867608
194        0.0800176522507
195        0.0183671668138
196        0.0925242718447
197        0.0382833186231
198        0.0624492497793
199        0.0444351279788
200        0.0628067078553
201        0.0766593115622
202        0.0570035304501
203        0.0578199470432
204        0.0983759929391
205        0.0855604589585
206        0.0870079435128
207        0.0594616063548
208        0.0384112974404
209        0.0260591350397
210        0.0794483671668
211        0.0459355692851
212        0.0571977052074
213        0.051213592233
214        0.0708031774051
215        0.0722153574581
216        0.0682612533098
217        0.0543998234775
218        0.0624889673433
219        0.0662709620477
220        0.0237511032657
221        0.0296910856134
222        0.04266548985
223        0.0109311562224
224        0.0138084730803
225        0.00745807590468
226        0.00615180935569
227        0.0567696381289
228        0.0475022065313
229        0.0179302736099
230        0.0446248896734
231        0.0364342453663
232        0.0123565754634
233        0.0875948808473
234        0.0256045895852
235        0.0315666372462
236        0.014960282436
237        0.0641835834069
238        0.0416416593116
239        0.0576831421006
240        0.0377537511033
241        0.0793027360989
242        0.00880847308032
243        0.0647440423654
244        0.0179302736099
245        0.046107678729
246        0.0419240953222
247        0.00794351279788
248        0.0361694616064
249        0.00978375992939
250        0.0346116504854
251        0.0491968225949
252        0.0208517210944
253        0.00745366284201
254        0.0402912621359
255        0.0536319505737
256        0.0189629302736
257        0.034880847308
258        0.0196734333628
259        0.0481465136805
260        0.0151147396293
261        0.008746690203
262        0.0233848190644
263        0.0470255957635
264        0.0135657546337
265        0.0231729920565
266        0.0133406884378
267        0.0372330097087
268        0.0593468667255
269        0.0702559576346
270        0.0297661076787
271        0.0568534863195
272        0.0132347749338
273        0.00934245366284
274        0.0733671668138
275        0.0348367166814
276        0.0431465136805
277        0.0292939099735
278        0.0258737864078
279        0.0175948808473
280        0.0280803177405
281        0.00775375110327
282        0.0506090026478
283        0.0130494263019
284        0.0502118270079
285        0.022374227714
286        0.0173786407767
287        0.0437908208297
288        0.0149955869373
289        0.057453662842
290        0.0212709620477
291        0.0419726390115
292        0.00799646954987
293        0.0570564872021
294        0.00711385701677
295        0.00980141218005
296        0.0130538393645
297        0.0204324801412
298        0.0222241835834
299        0.0767431597529
300        0.0397175639894
301        0.0144836716681
302        0.00591791703442
303        0.0639982347749
304        0.00592674315975
305        0.0458164165931
306        0.0316990291262
307        0.0297131509267
308        0.036359223301
309        0.0105869373345
310        0.00542365401589
311        0.0224227714034
312        0.0174448367167
313        0.0339717563989
314        0.0458164165931
315        0.0196469549868
316        0.0618093556929
317        0.0311518093557
318        0.00437775816417
319        0.00582524271845
320        0.0144527802295
321        0.0413636363636
322        0.0561694616064
323        0.0230450132392
324        0.0305869373345
325        0.0427758164166
326        0.00641218005296
327        0.0644483671668
328        0.032321270962
329        0.0630626654898
330        0.0254015887026
331        0.0543424536628
332        0.0989717563989
333        0.100970873786
334        0.0272374227714
335        0.0638481906443
336        0.0436628420124
337        0.0410370697264
338        0.0325507502207
339        0.0434995586937
340        0.0470211827008
341        0.070105913504
342        0.00497352162401
343        0.0182303618711
344        0.0390026478376
345        0.00284201235658
346        0.0295278022948
347        0.0217872903795
348        0.0168799646955
349        0.0272065313327
350        0.0140467784643
351        0.0409179170344
352        0.0234730803177
353        0.0318578993822
354        0.0750176522507
355        0.0707149161518
356        0.0697969991174
357        0.0217122683142
358        0.0417563989409
359        0.0164827890556
360        0.0217961165049
361        0.0530803177405
362        0.0378420123566
363        0.0314342453663
364        0.0427802294793
365        0.0295189761695
366        0.0106310679612
367        0.0600750220653
368        0.0531906443071
369        0.0287908208297
370        0.0100617828773
371        0.0453839364519
372        0.0494439541041
373        0.0383230361871
374        0.0134995586937
375        0.0109223300971
376        0.0406354810238
377        0.0303133274492
378        0.0748896734334
379        0.0139496910856
380        0.0267784642542
381        0.0613018534863
382        0.0376037069726
383        0.0361959399823
384        0.0591791703442
385        0.0406663724625
386        0.0521315092674
387        0.029973521624
388        0.0231465136805
389        0.0622815533981
390        0.0774757281553
391        0.0291129744042
392        0.0467608120035
393        0.0660017652251
394        0.0139629302736
395        0.0159973521624
396        0.0752206531333
397        0.023574580759
398        0.0296999117387
399        0.0348190644307
400        0.0417696381289
401        0.0519902912621
402        0.0229258605472
403        0.0174095322154
404        0.0484686672551
405        0.0118490732568
406        0.00865401588703
407        0.0333274492498
408        0.0185348631951
409        0.0424580759047
410        0.0540291262136
411        0.0189585172109
412        0.0412974404237
413        0.0460194174757
414        0.0419108561342
415        0.0553662842012
416        0.0294395410415
417        0.0190511915269
418        0.0245322153575
419        0.016319505737
420        0.0493777581642
421        0.00489849955869
422        0.0121844660194
423        0.0180361871139
424        0.00782436010591
425        0.0197705207414
426        0.0353618711386
427        0.0193689320388
428        0.0117652250662
429        0.0597175639894
430        0.0228596646072
431        0.0345851721094
432        0.0104015887026
433        0.0176081200353
434        0.0731509267432
435        0.022519858782
436        0.0183318623124
437        0.0357281553398
438        0.030119152692
439        0.0635613415711
440        0.0114210061783
441        0.0296513680494
442        0.0151412180053
443        0.0393645189762
444        0.0325904677846
445        0.0246778464254
446        0.0630759046778
447        0.0219285083848
448        0.011293027361
449        0.0043601059135
450        0.00953662842012
451        0.0172418358341
452        0.0618402471315
453        0.0169858781995
454        0.0700353045013
455        0.0245719329214
456        0.0203883495146
457        0.0256398940865
458        0.0339805825243
459        0.014973521624
460        0.0443865842895
461        0.011293027361
462        0.0129126213592
463        0.00394086496028
464        0.0269991173875
465        0.00962047661077
466        0.0356531332745
467        0.0543909973522
468        0.0608693733451
469        0.00736098852604
470        0.0473256840247
471        0.0183627537511
472        0.042546337158
473        0.0190644307149
474        0.0170300088261
475        0.0204942630185
476        0.0154368932039
477        0.0145498676081
478        0.00949691085613
479        0.020172109444
480        0.0247793468667
481        0.0359046778464
482        0.00607678729038
483        0.0189143865843
484        0.0388702559576
485        0.0220741394528
486        0.0195851721094
487        0.0226566637246
488        0.00666372462489
489        0.0295322153575
490        0.0154368932039
491        0.0126566637246
492        0.0133495145631
493        0.0105030891439
494        0.00266990291262
495        0.0333804060018
496        0.00449249779347
497        0.00721094439541
498        0.00471756398941
499        0.0068799646955
500        0.0319770520741
501        0.0331906443071
502        0.00094880847308
503        0.0495498676081
504        0.0711694616064
505        0.0275507502207
506        0.0129832303619
507        0.0278861429832
508        0.0185481023831
509        0.011385701677
510        0.0173565754634
511        0.0111297440424
512        0.0328905560459
513        0.0227272727273
514        0.00233892321271
515        0.00998234774934
516        0.0052427184466
517        0.0109752868491
518        0.0328552515446
519        0.0058693733451
520        0.0230406001765
521        0.0154413062665
522        0.0092321270962
523        0.0230450132392
524        0.0133097969991
525        0.00333186231244
526        0.00492939099735
527        0.0100044130627
528        0.0172859664607
529        0.00759046778464
530        0.00303177405119
531        0.00404236540159
532        0.0472594880847
533        0.0103442188879
534        0.0125948808473
535        0.00914386584289
536        0.00754633715799
537        0.0060105913504
538        0.0251368049426
539        0.00557369814651
540        0.0245454545455
541        0.0146337157988
542        0.0525375110327
543        0.0495189761695
544        0.00900706090026
545        0.0435613415711
546        0.00815092674316
547        0.00620035304501
548        0.00646954986761
549        0.0415313327449
550        0.00525154457193
551        0.0202427184466
552        0.0669947043248
553        0.0163503971756
554        0.0370211827008
555        0.0262974404237
556        0.0153662842012
557        0.0193777581642
558        0.0177846425419
559        0.00748014121801
560        0.00462047661077
561        0.00545454545455
562        0.0367696381289
563        0.0169638128861
564        0.0539496910856
565        0.0187025595763
566        0.0130008826125
567        0.0216460723742
568        0.0488834951456
569        0.0217475728155
570        0.0102383053839
571        0.0423962930274
572        0.0175110326567
573        0.0662356575463
574        0.0143115622242
575        0.00431156222418
576        0.00666813768756
577        0.00806707855252
578        0.063746690203
579        0.0133848190644
580        0.0111253309797
581        0.0152250661959
582        0.00905119152692
583        0.00440864960282
584        0.0419064430715
585        0.0502868490733
586        0.0321094439541
587        0.00595322153575
588        0.0569373345102
589        0.00879082082966
590        0.0511518093557
591        0.0501632833186
592        0.0347087378641
593        0.0193601059135
594        0.0613150926743
595        0.0247661076787
596        0.0278508384819
597        0.00515887025596
598        0.0317740511915
599        0.0330670785525
600        0.0235260370697
601        0.0111518093557
602        0.013693733451
603        0.0312091791703
604        0.011120917917
605        0.00506178287732
606        0.0165180935569
607        0.0173300970874
608        0.0113371579876
609        0.00402912621359
610        0.00958517210944
611        0.017639011474
612        0.0230538393645
613        0.00770520741395
614        0.0103177405119
615        0.00203442188879
616        0.00371579876434
617        0.0134774933804
618        0.00229920564872
619        0.00232127096205
620        0.00995145631068
621        0.0088746690203
622        0.0117961165049
623        0.0163371579876
624        0.00860547219771
625        0.0185039717564
626        0.00481465136805
627        0.00852162400706
628        0.0020079435128
629        0.0254677846425
630        0.00920123565755
631        0.011293027361
632        0.0198631950574
633        0.0277758164166
634        0.00662842012357
635        0.00219770520741
636        0.0117828773169
637        0.00231685789938
638        0.0109973521624
639        0.0032480141218
640        0.0148896734334
641        0.0334289496911
642        0.0367210944395
643        0.0252383053839
644        0.010105913504
645        0.0148852603707
646        0.0166151809356
647        0.0203530450132
648        0.037440423654
649        0.0370962047661
650        0.0370211827008
651        0.0137555163283
652        0.00944395410415
653        0.00449691085613
654        0.0335083848191
655        0.00954545454545
656        0.0270873786408
657        0.0212312444837
658        0.0170741394528
659        0.0205560458959
660        0.0467696381289
661        0.0222021182701
662        0.0375286849073
663        0.0246248896734
664        0.00518093556929
665        0.00456310679612
666        0.012480141218
667        0.00447043248014
668        0.0122683142101
669        0.00733009708738
670        0.00469991173875
671        0.0185172109444
672        0.0209046778464
673        0.00890556045896
674        0.00332744924978
675        0.0126169461606
676        0.0140600176523
677        0.0372859664607
678        0.00978375992939
679        0.0068667255075
680        0.0174360105914
681        0.00551632833186
682        0.00449249779347
683        0.00762577228597
684        0.0027360988526
685        0.00537511032657
686        0.00468225948808
687        0.0424889673433
688        0.0215136804943
689        0.0110194174757
690        0.00501765225066
691        0.041425419241
692        0.0372109443954
693        0.0230141218005
694        0.0193468667255
695        0.0412224183583
696        0.0193689320388
697        0.0111165048544
698        0.0480847308032
699        0.0141791703442
700        0.0105560458959
701        0.00745366284201
702        0.0175816416593
703        0.00775816416593
704        0.0149382171227
705        0.0252515445719
706        0.0194792586055
707        0.0196866725508
708        0.0123962930274
709        0.0295454545455
710        0.0100220653133
711        0.0311827007944
712        0.00922771403354
713        0.00754633715799
714        0.00745807590468
715        0.0189276257723
716        0.00193292144748
717        0.00166813768756
718        0.00717122683142
719        0.0119020300088
720        0.0208826125331
721        0.00992056487202
722        0.00395851721094
723        0.0140644307149
724        0.040119152692
725        0.0558075904678
726        0.0594748455428
727        0.0113901147396
728        0.0085172109444
729        0.0430847308032
730        0.0479082082966
731        0.00789496910856
732        0.00191968225949
733        0.00406443071492
734        0.00710503089144
735        0.00911297440424
736        0.01740070609
737        0.00897175639894
738        0.00592233009709
739        0.00592674315975
740        0.00487643424537
741        0.0152162400706
742        0.0119329214475
743        0.0241262135922
744        0.0212356575463
745        0.0246293027361
746        0.0158870255958
747        0.0234951456311
748        0.0191747572816
749        0.0112047661077
750        0.0228773168579
751        0.00187555163283
752        0.00694616063548
753        0.0135216240071
754        0.00635481023831
755        0.00668578993822
756        0.0489585172109
757        0.0134289496911
758        0.00184466019417
759        0.0010105913504
760        0.00373786407767
761        0.0183495145631
762        0.00764783759929
763        0.00504413062665
764        0.00519417475728
765        0.0127493380406
766        0.00730803177405
767        0.0156310679612
768        0.00313768755516
769        0.0242762577229
770        0.0143380406002
771        0.00697705207414
772        0.0122418358341
773        0.00511915269197
774        0.00755075022065
775        0.0475904677846
776        0.00541924095322
777        0.0105648720212
778        0.00270520741395
779        0.00839805825243
780        0.0409929390997
781        0.0217475728155
782        0.00621359223301
783        0.0251015004413
784        0.033680494263
785        0.00496910856134
786        0.0347484554281
787        0.0121226831421
788        0.0391791703442
789        0.00936893203883
790        0.0129964695499
791        0.00546337157988
792        0.0189717563989
793        0.0113548102383
794        0.00545895851721
795        0.00815092674316
796        0.00784642541924
797        0.0048587819947
798        0.0127272727273
799        0.00509267431598
800        0.00224183583407
801        0.00924095322154
802        0.0102294792586
803        0.00594880847308
804        0.0038614298323
805        0.00208737864078
806        0.00912621359223
807        0.00365842894969
808        0.0143424536628
809        0.0145322153575
810        0.0127228596646
811        0.0127758164166
812        0.0152956751986
813        0.0142541924095
814        0.00490291262136
815        0.00868490732568
816        0.0238084730803
817        0.0121800529568
818        0.00772727272727
819        0.0145895851721
820        0.0102162400706
821        0.0135613415711
822        0.0118137687555
823        0.00431597528685
824        0.0192497793469
825        0.00719770520741
826        0.00954545454545
827        0.0195498676081
828        0.00251544571933
829        0.010172109444
830        0.00934686672551
831        0.0137775816417
832        0.00267872903795
833        0.0258737864078
834        0.0130317740512
835        0.00666372462489
836        0.0146469549868
837        0.00377758164166
838        0.011213592233
839        0.0083759929391
840        0.0132215357458
841        0.00379964695499
842        0.00462488967343
843        0.00274492497793
844        0.0146690203001
845        0.00302294792586
846        0.0159929390997
847        0.0145631067961
848        0.0178949691086
849        0.0109576345984
850        0.00186231244484
851        0.00928949691086
852        0.00226831421006
853        0.0117034421889
854        0.010039717564
855        0.01233451015
856        0.0011120917917
857        0.00690203000883
858        0.00334068843778
859        0.0289232127096
860        0.00803177405119
861        0.0179523389232
862        0.00121800529568
863        0.00837157987643
864        0.00754633715799
865        0.00607237422771
866        0.0118225948808
867        0.0017519858782
868        0.0140776699029
869        0.0113945278023
870        0.0215048543689
871        0.00337157987643
872        0.0179655781112
873        0.00346866725508
874        0.0130008826125
875        0.00419240953222
876        0.00506178287732
877        0.00560017652251
878        0.00671668137688
879        0.00909973521624
880        0.0051279788173
881        0.00654015887026
882        0.00682259488085
883        0.00407766990291
884        0.0319505736981
885        0.0417210944395
886        0.0332259488085
887        0.0426169461606
888        0.0343468667255
889        0.0211827007944
890        0.0269549867608
891        0.0224713150927
892        0.0355825242718
893        0.021226831421
894        0.0164386584289
895        0.0282436010591
896        0.0243203883495
897        0.00178729037952
898        0.00427184466019
899        0.00113415710503
900        0.00406443071492
901        0.000962047661077
902        0.0108737864078
903        0.00501765225066
904        0.00475286849073
905        0.0137952338923
906        0.00323918799647
907        0.006253309797
908        0.0164077669903
909        0.00425419240953
910        0.00690644307149
911        0.0042453662842
912        0.0106310679612
913        0.00912621359223
914        0.0139541041483
915        0.00892762577229
916        0.00229920564872
917        0.00423654015887
918        0.00152691968226
919        0.00643865842895
920        0.0224360105914
921        0.011240070609
922        0.0154942630185
923        0.00949249779347
924        0.00522065313327
925        0.00813768755516
926        0.00199029126214
927        0.00962488967343
928        0.00417475728155
929        0.00973962930274
930        0.0113239187996
931        0.0066240070609
932        0.00705648720212
933        0.00611650485437
934        0.00394086496028
935        0.00618711385702
936        0.0127758164166
937        0.0136496028244
938        0.00960282436011
939        0.00396293027361
940        0.0124580759047
941        0.00392321270962
942        0.00724183583407
943        0.00872903795234
944        0.00984112974404
945        0.0255119152692
946        0.0145454545455
947        0.00353486319506
948        0.000922330097087
949        0.00272285966461
950        0.00383053839365
951        0.00692850838482
952        0.012387466902
953        0.0162047661077
954        0.0135481023831
955        0.0105295675199
956        0.00529567519859
957        0.0173830538394
958        0.0124757281553
959        0.00924977934687
960        0.0136098852604
961        0.0103133274492
962        0.0147263901147
963        0.0045145631068
964        0.00495145631068
965        0.00868932038835
966        0.00630185348632
967        0.00627096204766
968        0.0121270962048
969        0.00487643424537
970        0.00340247131509
971        0.00329214474846
972        0.00281112091792
973        0.00335392762577
974        0.00633715798764
975        0.00813768755516
976        0.0132965578111
977        0.0058693733451
978        0.00785525154457
979        0.00393203883495
980        0.0103662842012
981        0.0125684024713
982        0.00532656663725
983        0.0159752868491
984        0.00328331862312
985        0.00747131509267
986        0.0160414827891
987        0.0118799646955
988        0.00363636363636
989        0.00548984995587
990        0.0042321270962
991        0.00266548984996
992        0.00992497793469
993        0.00869814651368
994        0.0046160635481
995        0.0205119152692
996        0.00983230361871
997        0.00104148278906
998        0.00136363636364
999        0.00414386584289
1000        0.00297881729921
1001        0.0132965578111
1002        0.0084907325684
1003        0.00523389232127
1004        0.00242277140335
1005        0.00493380406002
1006        0.00635481023831
1007        0.0104104148279
1008        0.00371138570168
1009        0.0120344218888
1010        0.0130185348632
1011        0.00396734333628
1012        0.0101985878199
1013        0.00905119152692
1014        0.00614298323036
1015        0.00425419240953
1016        0.0036187113857
1017        0.00153574580759
1018        0.000979699911739
1019        0.00276699029126
1020        0.00870255957635
1021        0.00458517210944
1022        0.00455428067079
1023        0.0100617828773
1024        0.00943954104148
1025        0.00597087378641
1026        0.0127537511033
1027        0.0069947043248
1028        0.000957634598411
1029        0.00201676963813
1030        0.00232568402471
1031        0.00397616946161
1032        0.00803618711386
1033        0.00381729920565
1034        0.0094880847308
1035        0.00887908208297
1036        0.00542365401589
1037        0.00536628420124
1038        0.0084907325684
1039        0.004986760812
1040        0.00112974404237
1041        0.00783759929391
1042        0.00192850838482
1043        0.0103221535746
1044        0.00452338923213
1045        0.00365401588703
1046        0.0068799646955
1047        0.00471756398941
1048        0.0010105913504
1049        0.00243601059135
1050        0.0085039717564
1051        0.00124889673433
1052        0.00106354810238
1053        0.00357899382171
1054        0.00219770520741
1055        0.0100882612533
1056        0.00101941747573
1057        0.00107678729038
1058        0.0035039717564
1059        0.00388349514563
1060        0.00570167696381
1061        0.00214474845543
1062        0.00672109443954
1063        0.00494704324801
1064        0.000984112974404
1065        0.00162842012357
1066        0.00312886142983
1067        0.00839364518976
1068        0.00917475728155
1069        0.0128464254192
1070        0.00912180052957
1071        0.00421447484554
1072        0.000979699911739
1073        0.00778905560459
1074        0.00311562224184
1075        0.00366725507502
1076        0.00199029126214
1077        0.00344218887908
1078        0.00518093556929
1079        0.00165489849956
1080        0.0023654015887
1081        0.00278905560459
1082        0.00283759929391
1083        0.000997352162401
1084        0.00381288614298
1085        0.00171226831421
1086        0.00405560458959
1087        0.00405119152692
1088        0.00210061782877
1089        0.00152250661959
1090        0.00224624889673
1091        0.000935569285084
1092        0.00101500441306
1093        0.00276699029126
1094        0.00182259488085
1095        0.0022506619594
1096        0.0019947043248
1097        0.00481023830538
1098        0.0105472197705
1099        0.00179611650485
1100        0.00248455428067
1101        0.00121359223301
1102        0.00369814651368
1103        0.00100176522507
1104        0.000970873786408
1105        0.00660194174757
1106        0.00203000882613
1107        0.00241835834069
1108        0.00189761694616
1109        0.00263901147396
1110        0.00295233892321
1111        0.00304060017652
1112        0.00819064430715
1113        0.00102824360106
1114        0.00294792586055
1115        0.000992939099735
1116        0.00336716681377
1117        0.00470873786408
1118        0.00170344218888
1119        0.000979699911739
1120        0.00098852603707
1121        0.00104148278906
1122        0.00296116504854
1123        0.00103706972639
1124        0.00268314210062
1125        0.00177405119153
1126        0.00468225948808
1127        0.0023786407767
1128        0.000979699911739
1129        0.00098852603707
1130        0.000953221535746
1131        0.000979699911739
1132        0.000970873786408
1133        0.000909090909091
