1        0.1058428949691086
2        0.08897616946160639
3        0.1391041482789056
4        0.08823477493380416
5        0.04849955869373348
6        0.09833627537511036
7        0.10013239187996469
8        0.04961165048543694
9        0.0998543689320388
10        0.10300529567519852
11        0.08762577228596656
12        0.07489849955869379
13        0.09309355692850838
14        0.09751985878199468
15        0.07090026478375998
16        0.14276257722859664
17        0.039240953221535715
18        0.08054721977052084
19        0.09922771403353925
20        0.07739187996469561
21        0.12377758164165927
22        0.0789232127096206
23        0.12734774933804058
24        0.11636363636363639
25        0.07346866725507507
26        0.028384819064430675
27        0.08288172992056497
28        0.053905560458958585
29        0.038720211827007904
30        0.09001323918799656
31        0.09045454545454548
32        0.019157105030891422
33        0.04791703442188885
34        0.08753309796999119
35        0.006222418358340693
36        0.005834068843777613
37        0.008309796999117443
38        0.08423654015887035
39        0.10717563989408653
40        0.10837599293909983
41        0.12714033539276265
42        0.13805825242718447
43        0.055167696381288725
44        0.06689320388349522
45        0.10993821712268316
46        0.11315975286849071
47        0.04515445719329212
48        0.05430273609885271
49        0.1156443071491616
50        0.11105472197705207
51        0.06192850838481905
52        0.13153133274492507
53        0.018137687555163234
54        0.12893645189761704
55        0.08038834951456321
56        0.12056045895851725
57        0.07135039717563993
58        0.096972639011474
59        0.07789938217122688
60        0.016999117387466872
61        0.0337643424536628
62        0.08773168578993827
63        0.03569285083848185
64        0.06856575463371582
65        0.052594880847308075
66        0.06765666372462496
67        0.04410856134157103
68        0.05969549867608127
69        0.09290820829655783
70        0.07061782877316856
71        0.051112091791703514
72        0.09204324801412184
73        0.06650044130626659
74        0.08245366284201239
75        0.037272727272727256
76        0.1157325684024714
77        0.04359664607237423
78        0.05433804060017653
79        0.053702559576346
80        0.10298323036187113
81        0.09379523389232128
82        0.09043689320388351
83        0.02542365401588698
84        0.07189320388349524
85        0.08617828773168588
86        0.046315092674316
87        0.03876434245366281
88        0.04612533097969994
89        0.030008826125330935
90        0.053486319505737054
91        0.04254633715798762
92        0.043243601059135016
93        0.039832303618711366
94        0.08154015887025601
95        0.021469549867608073
96        0.026712268314210016
97        0.015255957634598374
98        0.01296999117387468
99        0.024567519858781965
100        0.00943071491615186
101        0.04644748455428066
102        0.006195939982347758
103        0.024717563989408612
104        0.07802294792586065
105        0.15228596646072368
106        0.08174315975286853
107        0.07490732568402479
108        0.03774933804060014
109        0.011654898499558714
110        0.04641659311562224
111        0.007656663724624934
112        0.06360105913503976
113        0.05953662842012365
114        0.021262135922330096
115        0.05184907325684028
116        0.13620476610767873
117        0.07174315975286857
118        0.028481906443071466
119        0.037586054721977
120        0.0993733451015005
121        0.039691085613415666
122        0.0504942630185349
123        0.025887025595763443
124        0.06947484554280675
125        0.060225066195940015
126        0.01289496910856137
127        0.07380847308031782
128        0.1294792586054722
129        0.036959399823477436
130        0.049002647837599306
131        0.061421006178287794
132        0.04294792586054719
133        0.06725066195939994
134        0.1180759046778465
135        0.10904236540158871
136        0.023874669020300096
137        0.1124624889673433
138        0.02412621359223297
139        0.017806707855251503
140        0.1197131509267431
141        0.04085613415710499
142        0.09026478375992941
143        0.09963371579876439
144        0.017074139452780225
145        0.07513239187996479
146        0.1013503971756399
147        0.07490732568402476
148        0.05588702559576356
149        0.04739629302736097
150        0.0894527802294794
151        0.017056487202118234
152        0.08329214474845546
153        0.0465269196822595
154        0.025525154457193232
155        0.08207855251544575
156        0.03336275375110321
157        0.07016328331862319
158        0.02659311562224182
159        0.02092233009708739
160        0.013636363636363634
161        0.04232568402471316
162        0.058998234774933954
163        0.03755516328331858
164        0.0378552515445719
165        0.041412180052956736
166        0.032616946160635436
167        0.04675639894086497
168        0.06169902912621365
169        0.031107678729037927
170        0.01766107678729036
171        0.015088261253309804
172        0.027294792586054686
173        0.009933804060017688
174        0.02608120035304498
175        0.013680494263018522
176        0.07887025595763465
177        0.01348631950573699
178        0.031659311562224145
179        0.02392762577228595
180        0.011142983230361902
181        0.05155339805825258
182        0.10121800529567519
183        0.09532215357458078
184        0.045891438658428936
185        0.09205207413945278
186        0.05034421888790824
187        0.04700353045013239
188        0.046597528684907324
189        0.056601941747572895
190        0.029924977934686642
191        0.06726831421006182
192        0.048949691085613506
193        0.09102383053839368
194        0.10420123565754627
195        0.02781553398058247
196        0.12841129744042365
197        0.06532656663724631
198        0.11389673433362751
199        0.06387908208296567
200        0.08443512797881732
201        0.12046337157987644
202        0.07468667255075029
203        0.07718005295675208
204        0.13108561341571054
205        0.12224183583406882
206        0.11453662842012362
207        0.07813327449249789
208        0.05338481906443073
209        0.034849955869373284
210        0.11216681376875556
211        0.07838040600176535
212        0.10871138570167702
213        0.0967917034421889
214        0.11934686672550748
215        0.09283759929390997
216        0.08988967343336285
217        0.07427625772285978
218        0.10449691085613423
219        0.0969858781994704
220        0.036888790820829596
221        0.05097969991173874
222        0.06736981465136808
223        0.028159752868490703
224        0.024258605472197672
225        0.007118270079435138
226        0.010798764342453703
227        0.08614298323036194
228        0.062105030891438734
229        0.02188879082082964
230        0.06266107678729047
231        0.06606796116504862
232        0.010714916151809372
233        0.11097969991173874
234        0.03764783759929387
235        0.05647396293027364
236        0.019585172109443928
237        0.08773609885260378
238        0.05508826125330984
239        0.08930714916151812
240        0.07390114739629312
241        0.11058252427184467
242        0.01842894969108562
243        0.09334068843777586
244        0.03194616063548097
245        0.07114739629302745
246        0.06411297440423669
247        0.025617828773168535
248        0.05154015887025601
249        0.012815533980582555
250        0.05931156222418367
251        0.0763503971756399
252        0.03390997352162395
253        0.010119152691968242
254        0.0688746690203001
255        0.05539276257722862
256        0.03457193292144746
257        0.041209179170344196
258        0.030538393645189718
259        0.06966460723742283
260        0.03119593998234771
261        0.009505736981465167
262        0.032744924977934645
263        0.06888790820829663
264        0.024496910856134146
265        0.039655781112091754
266        0.027762577228596604
267        0.06734333627537512
268        0.08910856134157108
269        0.09608561341571059
270        0.05192850838481908
271        0.08314651368049435
272        0.028190644307149106
273        0.025648720211826962
274        0.12549867608120033
275        0.047714033539276286
276        0.06246690203000884
277        0.030917917034421847
278        0.031240070609002628
279        0.035172109443954075
280        0.038261253309796975
281        0.01769638128861424
282        0.07011032656663733
283        0.019845542806707837
284        0.07006178287731692
285        0.035233892321270895
286        0.03546337157987636
287        0.05993821712268317
288        0.01753309796999116
289        0.0823609885260372
290        0.02789496910856131
291        0.06197263901147399
292        0.017740511915269166
293        0.08113857016769653
294        0.009033539276257763
295        0.01664607237422772
296        0.026928508384819007
297        0.0315092674315975
298        0.0277360988526037
299        0.11538393645189757
300        0.05678729037952343
301        0.024055604589585142
302        0.016240070609002635
303        0.09138128861429834
304        0.00844660194174761
305        0.06639011473962936
306        0.03838040600176517
307        0.05452338923212719
308        0.0540335392762577
309        0.012440423654015915
310        0.010198587819947067
311        0.029748455428067047
312        0.028252427184465995
313        0.05931156222418363
314        0.072431597528685
315        0.029730803177405077
316        0.09864960282436012
317        0.06627096204766121
318        0.007188879082083027
319        0.008022947925860585
320        0.022449249779346845
321        0.07067519858781998
322        0.07725066195939986
323        0.024452780229479235
324        0.061354810238305496
325        0.04828773168578999
326        0.013623124448367174
327        0.08563106796116514
328        0.0529832303618712
329        0.0925286849073257
330        0.046262135922330125
331        0.08440423654015891
332        0.12550308914386588
333        0.14159311562224178
334        0.05126213592233019
335        0.09464254192409544
336        0.06488967343336279
337        0.05936893203883509
338        0.05969991173874676
339        0.07747131509267437
340        0.07068402471315102
341        0.09043689320388354
342        0.007639011473962961
343        0.02790379523389225
344        0.05777140335392769
345        0.009563106796116548
346        0.04466902030008824
347        0.029814651368049384
348        0.02921888790820826
349        0.047934686672550776
350        0.01995145631067962
351        0.06747572815533988
352        0.05559576345984116
353        0.0515004413062666
354        0.12406443071491616
355        0.09943954104148281
356        0.10928949691085622
357        0.03756840247131503
358        0.07346866725507517
359        0.029748455428067037
360        0.03798323036187109
361        0.08436893203883501
362        0.055105913503971794
363        0.05921006178287738
364        0.0661209179170345
365        0.0396248896734333
366        0.026456310679611614
367        0.08333627537511035
368        0.08104589585172112
369        0.0464254192409532
370        0.015132391879964702
371        0.06993380406001769
372        0.08177846425419247
373        0.05889232127096209
374        0.016019417475728135
375        0.021981465136804924
376        0.06063989408649603
377        0.03416593115622237
378        0.10928949691085615
379        0.015375110326566662
380        0.040935569285083816
381        0.09506619593998242
382        0.072206531332745
383        0.049421888790820816
384        0.08720653133274504
385        0.06286849073256849
386        0.06709620476610778
387        0.07037069726390127
388        0.03943512797881724
389        0.09852162400706099
390        0.11713150926743154
391        0.03368490732568399
392        0.06717563989408654
393        0.09261253309797
394        0.01712709620476609
395        0.02195939982347749
396        0.11334068843777588
397        0.032135922330097016
398        0.040617828773168524
399        0.07247131509267443
400        0.05695498676081203
401        0.09482347749338044
402        0.029916151809355647
403        0.03544130626654895
404        0.0738702559576346
405        0.03003530450132389
406        0.016628420123565763
407        0.05034863195057364
408        0.03166813768755513
409        0.061160635481023934
410        0.08644307149161523
411        0.03173433362753747
412        0.05993821712268327
413        0.07606796116504867
414        0.05298764342453663
415        0.07914386584289505
416        0.05701676963812892
417        0.026279788172992022
418        0.042458075904677824
419        0.020578111209179153
420        0.08654457193292162
421        0.01234333627537512
422        0.030776699029126168
423        0.029082082965578075
424        0.005697263901147397
425        0.04157987643424538
426        0.04119593998234776
427        0.030913503971756386
428        0.02169902912621356
429        0.08436451897616952
430        0.04841129744042369
431        0.0573786407766991
432        0.024757281553398056
433        0.028729037952338884
434        0.10196822594880851
435        0.055353045013239247
436        0.020939982347749287
437        0.05014121800529572
438        0.057074139452780275
439        0.09939099735216245
440        0.022833186231244463
441        0.05389673433362759
442        0.02178729037952336
443        0.058618711385701794
444        0.053746690203000956
445        0.033464254192409504
446        0.10503530450132398
447        0.032886142983230345
448        0.022400706090026458
449        0.007603706972639045
450        0.009898499558693763
451        0.031526919682259444
452        0.0837466902030009
453        0.0287599293909973
454        0.07762135922330098
455        0.042586054721977025
456        0.03242277140335391
457        0.05453662842012357
458        0.045154457193292155
459        0.02371138570167694
460        0.06961165048543694
461        0.013014121800529547
462        0.02860547219770515
463        0.007427184466019461
464        0.03782436010591345
465        0.020794351279788188
466        0.07008384819064434
467        0.07098411297440428
468        0.09937775816416598
469        0.01203442188879086
470        0.08254633715798772
471        0.02461165048543687
472        0.06305825242718457
473        0.021897616946160582
474        0.03696822594880842
475        0.038331862312444814
476        0.0321668137687555
477        0.022193292144748415
478        0.011774051191526892
479        0.023834951456310677
480        0.025807590467784615
481        0.03143424536628416
482        0.012541924095322163
483        0.037281553398058234
484        0.059593998234774986
485        0.04092233009708735
486        0.03334510150044129
487        0.0309046778464254
488        0.004779346866725499
489        0.06048102383053846
490        0.017396293027360985
491        0.021363636363636362
492        0.014488084730803187
493        0.007656663724624896
494        0.006747572815534006
495        0.04746248896734334
496        0.005269196822594897
497        0.015030891438658432
498        0.008892321270962062
499        0.020962047661076774
500        0.037797881729920546
501        0.04406443071491614
502        0.001028243601059133
503        0.07528243601059142
504        0.11380847308031772
505        0.046747572815533954
506        0.015238305383936454
507        0.04264342453662844
508        0.02012797881729922
509        0.026972639011473926
510        0.03760812003530446
511        0.020763459841129726
512        0.04468667255075024
513        0.031760812003530425
514        0.0019726390114739537
515        0.027541924095322096
516        0.002714033539276249
517        0.026963812886142958
518        0.050454545454545495
519        0.005401588702559568
520        0.032775816416593086
521        0.02453221535745804
522        0.01472197705207412
523        0.02827890556045893
524        0.023578993821712205
525        0.01146072374227716
526        0.010326566637246237
527        0.02256398940864956
528        0.02494704324801409
529        0.01606354810238304
530        0.007537511032656718
531        0.0027802294792585985
532        0.07895851721094443
533        0.016681376875551636
534        0.021032656663724603
535        0.01034863195057372
536        0.008940864960282489
537        0.007038834951456336
538        0.03485436893203879
539        0.01284642541924098
540        0.02819064430714911
541        0.020798764342453632
542        0.0695719329214476
543        0.0773345101500442
544        0.010767872903795262
545        0.06733892321270969
546        0.013367166813768759
547        0.009977934686672612
548        0.009960282436010623
549        0.06056045895851726
550        0.005167696381288626
551        0.029496910856134102
552        0.09589585172109442
553        0.017872903795233902
554        0.062480141218005256
555        0.03894969108561336
556        0.019907325684024688
557        0.018503971756398924
558        0.031063548102383022
559        0.019744042365401563
560        0.01027360988526038
561        0.008614298323036215
562        0.054285083848190745
563        0.02976610767872899
564        0.08127537511032658
565        0.04219329214474839
566        0.0214210061782877
567        0.02666372462488964
568        0.07702559576345988
569        0.0331156222418358
570        0.007612533097970018
571        0.06938217122683149
572        0.022330097087378622
573        0.09345984112974408
574        0.0226919682259488
575        0.005136804942630192
576        0.01364077669902912
577        0.01427625772285966
578        0.09583848190644312
579        0.016076787290379535
580        0.012294792586054745
581        0.030198587819947015
582        0.015529567519858784
583        0.007705207413945283
584        0.06394527802294797
585        0.08159752868490737
586        0.037828773168578966
587        0.01401147396293029
588        0.08210061782877322
589        0.012436010591350397
590        0.06884377758164165
591        0.06751985878199478
592        0.05030008826125331
593        0.036284201235657496
594        0.07010591350397193
595        0.037855251544571866
596        0.029673433362753684
597        0.014368932038834952
598        0.05010150044130634
599        0.04844660194174755
600        0.031840247131509215
601        0.02003089143865842
602        0.026248896734333612
603        0.03968667255075019
604        0.02952338923212706
605        0.011888790820829664
606        0.022590467784642493
607        0.034991173874668983
608        0.007436010591350414
609        0.01231685789938218
610        0.015829655781112104
611        0.021888790820829618
612        0.026915269196822574
613        0.005039717563989402
614        0.018375992939099722
615        0.002921447484554276
616        0.0031332744924977853
617        0.021659311562224205
618        0.0028993821712268216
619        0.007184466019417489
620        0.013358340688437767
621        0.017277140335392748
622        0.022087378640776683
623        0.01910856134157103
624        0.021429832303618696
625        0.024452780229479235
626        0.008234774933804086
627        0.006010591350397185
628        0.007405119152691983
629        0.029474845542806664
630        0.015697263901147403
631        0.010785525154457234
632        0.023345101500441272
633        0.03943512797881728
634        0.017122683142100623
635        0.0010238305383936436
636        0.01026919682259494
637        0.008406884377758182
638        0.03031774051191524
639        0.007678729037952382
640        0.018821712268314212
641        0.03923654015887023
642        0.05349955869373359
643        0.03107237422771401
644        0.012691968225948824
645        0.02022947925860543
646        0.02193733451015001
647        0.03696822594880842
648        0.05983671668137701
649        0.053570167696381385
650        0.052135922330097104
651        0.020048543689320374
652        0.02889673433362749
653        0.007069726390114762
654        0.04899823477493381
655        0.0170344218887908
656        0.03808473080317737
657        0.027855251544571913
658        0.02080759046778464
659        0.027815533980582487
660        0.06432038834951462
661        0.029060017652250626
662        0.04616504854368931
663        0.05030450132391883
664        0.010251544571932926
665        0.012091791703442226
666        0.025503089143865808
667        0.007802294792586092
668        0.026222418358340667
669        0.023384819064430695
670        0.0056001765225066336
671        0.02571932921447485
672        0.020719329214474825
673        0.014920564872021197
674        0.01071050308914389
675        0.024373345101500413
676        0.026297440423653957
677        0.04870255957634605
678        0.0257105030891438
679        0.011072374227714067
680        0.029002647837599257
681        0.015692850838481903
682        0.007202118270079471
683        0.004558693733451005
684        0.003645189761694606
685        0.007612533097970028
686        0.009885260370697296
687        0.061345984112974435
688        0.03499558693733447
689        0.015022065313327455
690        0.007034421888790827
691        0.0521094439541042
692        0.054077669902912684
693        0.024933804060017616
694        0.030992939099735176
695        0.056443071491615246
696        0.03599735216240067
697        0.019298323036187125
698        0.06951015004413066
699        0.030582524271844602
700        0.021946160635481007
701        0.0183848190644307
702        0.01837157987643422
703        0.015666372462488965
704        0.02164607237422768
705        0.04408208296557814
706        0.029549867608120017
707        0.028512797881729907
708        0.014474845542806697
709        0.0371226831421006
710        0.021451897616946144
711        0.05199470432480146
712        0.011213592233009719
713        0.015286849073256831
714        0.014642541924095344
715        0.023177405119152644
716        0.0042056487202118235
717        0.0032612533097969927
718        0.012021182700794364
719        0.016178287731685777
720        0.026531332744924935
721        0.03225507502206527
722        0.011544571932921471
723        0.03402471315092669
724        0.0751147396293028
725        0.07661076787290386
726        0.08970432480141226
727        0.014792586054721992
728        0.007400706090026476
729        0.07194616063548116
730        0.08017652250661961
731        0.013331862312444875
732        0.004955869373345096
733        0.002365401588702553
734        0.009342453662842053
735        0.012758164165931134
736        0.027471315092674305
737        0.018150926743159747
738        0.0063548102383054065
739        0.01497352162400706
740        0.004916151809355684
741        0.02409090909090907
742        0.02584289496910853
743        0.056893203883495225
744        0.03148278905560457
745        0.03956751985878193
746        0.03244042365401584
747        0.029121800529567466
748        0.04731244483671671
749        0.013437775816416607
750        0.024664607237422732
751        0.002908208296557807
752        0.01202559576345986
753        0.017149161518093543
754        0.0076919682259488364
755        0.00982347749338043
756        0.07999117387466902
757        0.018248014121800556
758        0.0017343336275375094
759        0.0026037069726390022
760        0.002696381288614293
761        0.026721094439540995
762        0.020670785525154414
763        0.011226831421006191
764        0.008420123565754663
765        0.0339805825242718
766        0.011072374227714073
767        0.02561341571050306
768        0.007263901147396317
769        0.038159752868490694
770        0.017925860547219764
771        0.009439541041482811
772        0.019642541924095317
773        0.007171226831421034
774        0.009947043248014152
775        0.06902030008826127
776        0.008045013239188065
777        0.018120035304501292
778        0.01197263901147398
779        0.00852603706972644
780        0.0628067078552516
781        0.031116504854368864
782        0.004382171226831412
783        0.03543689320388344
784        0.04482789055604596
785        0.0049382171226831344
786        0.05527360988526043
787        0.014845542806707862
788        0.05714033539276259
789        0.005026478375992932
790        0.0236098852603707
791        0.006888790820829688
792        0.03614739629302728
793        0.012775816416593111
794        0.01837599293909973
795        0.012135922330097105
796        0.020556045895851683
797        0.010706090026478399
798        0.01369814651368047
799        0.00391438658428949
800        0.009095322153574595
801        0.015035304501323893
802        0.018217122683142083
803        0.004399823477493371
804        0.004607237422771395
805        0.0025948808473080292
806        0.01832744924977934
807        0.004646954986760803
808        0.018773168578993814
809        0.03103265666372458
810        0.014285083848190652
811        0.02195057369814647
812        0.019135039717563983
813        0.016469549867608107
814        0.011125330979699947
815        0.011363636363636378
816        0.03298323036187109
817        0.019382171226831432
818        0.012987643424536639
819        0.023181818181818175
820        0.008932038834951502
821        0.01973521624007061
822        0.017122683142100636
823        0.005957634598411318
824        0.024916151809355674
825        0.009845542806707889
826        0.01771844660194173
827        0.023358340688437725
828        0.004532215357458066
829        0.01416151809355695
830        0.009872021182700813
831        0.0162930273609885
832        0.0009576345984112957
833        0.029969108561341558
834        0.021990291262135902
835        0.011195939982347788
836        0.028124448367166783
837        0.009037952338923235
838        0.019982347749338023
839        0.007330097087378675
840        0.01836716681376875
841        0.004249779346866716
842        0.004536628420123555
843        0.005088261253309801
844        0.007184466019417497
845        0.001919682259488083
846        0.021579876434245325
847        0.02029126213592232
848        0.020975286849073266
849        0.02749338040600175
850        0.0011782877316857878
851        0.013671668137687543
852        0.00895410414827894
853        0.01623124448367168
854        0.010291262135922335
855        0.014214474845542818
856        0.008336275375110381
857        0.0031023830538393555
858        0.007718446601941754
859        0.039854368932038774
860        0.01946160635481023
861        0.025330979699911715
862        0.0009664607237422757
863        0.00500882612533097
864        0.020414827890555994
865        0.007246248896734369
866        0.01789496910856134
867        0.004126213592233
868        0.018631950573698146
869        0.01907766990291263
870        0.027122683142100586
871        0.014660194174757297
872        0.019461606354810233
873        0.004898499558693725
874        0.018464254192409525
875        0.01376434245366285
876        0.0029302736098852527
877        0.0069814651368049815
878        0.014695498676081203
879        0.010525154457193327
880        0.0063371579876434206
881        0.00973080317740515
882        0.013036187113857053
883        0.004854368932038829
884        0.04810238305383941
885        0.05360105913503979
886        0.04942630185348638
887        0.049298323036187176
888        0.06218446601941762
889        0.023323036187113826
890        0.04510150044130621
891        0.03799205648720208
892        0.05397616946160639
893        0.028027360988525984
894        0.028142100617828736
895        0.039011473962930227
896        0.026548984995586923
897        0.0020476610767872845
898        0.010759046778464267
899        0.011107678729037998
900        0.012056487202118276
901        0.00573698146513681
902        0.019448367166813762
903        0.00904236540158872
904        0.014271844660194181
905        0.026200353045013208
906        0.0020609002647837566
907        0.015000000000000005
908        0.02821712268314206
909        0.008605472197705256
910        0.005441306266548995
911        0.004214474845542799
912        0.01861871138570167
913        0.007290379523389289
914        0.018857016769638114
915        0.013905560458958506
916        0.00924536628420127
917        0.005498676081200347
918        0.0015666372462488887
919        0.013649602824360127
920        0.03264342453662837
921        0.010684024713150973
922        0.017833186231244448
923        0.009183583406884403
924        0.007709620476610788
925        0.007294792586054758
926        0.005330979699911742
927        0.0055428067078552735
928        0.013005295675198607
929        0.013905560458958513
930        0.02390556045895848
931        0.006924095322153597
932        0.01202559576345984
933        0.010450132391879967
934        0.004872021182700785
935        0.010097087378640783
936        0.01375551632833186
937        0.012811120917917054
938        0.013534863195057405
939        0.005295675198587821
940        0.029836716681376822
941        0.007683142100617855
942        0.012639011473962956
943        0.01179170344218893
944        0.010344218887908225
945        0.0388128861429832
946        0.02447925860547216
947        0.0045675198587819855
948        0.0021138570167696306
949        0.0023521624007060873
950        0.011257722859664627
951        0.007855251544571949
952        0.020282436010591307
953        0.031579876434245355
954        0.028287731685789897
955        0.007705207413945284
956        0.006028243601059147
957        0.029518976169461572
958        0.03276257722859657
959        0.005882612533097999
960        0.015450132391879954
961        0.01273168578993822
962        0.018914386584289466
963        0.011540158870255985
964        0.00857899382171229
965        0.01321712268314209
966        0.003446601941747565
967        0.008857016769638173
968        0.007122683142100623
969        0.007603706972639029
970        0.006341571050308935
971        0.00719770520741397
972        0.004624889673433357
973        0.003040600176522498
974        0.011059135039717607
975        0.023508384819064376
976        0.02166813768755517
977        0.004501323918799638
978        0.019179170344218885
979        0.005097087378640771
980        0.010842894969108573
981        0.034854368932038776
982        0.01283759929390997
983        0.031690203000882586
984        0.002824360105913498
985        0.017930273609885247
986        0.012021182700794365
987        0.01284201235657549
988        0.00294351279788172
989        0.006703442188879076
990        0.010383936451897653
991        0.006496028243601084
992        0.013720211827007943
993        0.019470432480141176
994        0.0038349514563106694
995        0.03191526919682258
996        0.025414827890556015
997        0.004907325684024703
998        0.0030494263018534767
999        0.0033451015004412983
1000        0.005388349514563129
1001        0.02139011473962931
1002        0.015136804942630167
1003        0.007762577228596673
1004        0.006067961165048536
1005        0.010864960282436036
1006        0.010604589585172138
1007        0.02279788172992052
1008        0.005710503089143864
1009        0.014421888790820863
1010        0.017352162400706063
1011        0.00356575463371579
1012        0.009483671668137732
1013        0.010123565754633732
1014        0.011879964695498688
1015        0.0038702559576345883
1016        0.00769196822594884
1017        0.0044748455428067
1018        0.0020785525154457117
1019        0.0047308031774051075
1020        0.01225066195939985
1021        0.0033406884377758083
1022        0.009598411297440445
1023        0.0065048543689320395
1024        0.00756398940864962
1025        0.007577228596646101
1026        0.016544571932921418
1027        0.007652250661959418
1028        0.0021182700794351245
1029        0.0029214474845542775
1030        0.007996469549867652
1031        0.0028640776699029075
1032        0.016906443071491604
1033        0.009598411297440476
1034        0.011244483671668155
1035        0.012515445719329213
1036        0.008839364518976187
1037        0.009567519858782025
1038        0.014218887908208301
1039        0.010878199470432495
1040        0.0026566637246248858
1041        0.006257722859664607
1042        0.0033451015004412987
1043        0.012149161518093558
1044        0.0021844660194174723
1045        0.007683142100617868
1046        0.011743159752868495
1047        0.0034245366284201134
1048        0.0020300088261253285
1049        0.003729037952338913
1050        0.017762577228596636
1051        0.005825242718446605
1052        0.0009664607237422758
1053        0.006129744042365402
1054        0.005525154457193284
1055        0.0060856134157105035
1056        0.0027758164165931063
1057        0.004669020300088251
1058        0.0043203883495145515
1059        0.005242718446601957
1060        0.011897616946160643
1061        0.01723742277140331
1062        0.008177405119152735
1063        0.002819947043248007
1064        0.001977052074139451
1065        0.004827890556045893
1066        0.004620476610767863
1067        0.01620476610767873
1068        0.008578993821712287
1069        0.01149161518093559
1070        0.013706972639011501
1071        0.008737864077669938
1072        0.001959399823477491
1073        0.006407766990291271
1074        0.0010194174757281532
1075        0.008764342453662873
1076        0.005635481023830532
1077        0.006191526919682271
1078        0.008089143865842913
1079        0.0010767872903795215
1080        0.0034201235657546234
1081        0.003115622241835825
1082        0.0019726390114739607
1083        0.005291262135922348
1084        0.007052074139452817
1085        0.0037775816416593016
1086        0.002462488967343329
1087        0.0038437775816416503
1088        0.002484554280670777
1089        0.0017828773168578895
1090        0.0028508384819064415
1091        0.0027493380406001665
1092        0.004258605472197697
1093        0.0032656663724624814
1094        0.006006178287731696
1095        0.005317740511915281
1096        0.003150926743159746
1097        0.00787731685789943
1098        0.011478375992939105
1099        0.0009841129744042353
1100        0.00752868490732568
1101        0.004783759929390992
1102        0.003539276257722851
1103        0.0009664607237422762
1104        0.0009532215357458057
1105        0.010004413062665507
1106        0.0009355692850838465
1107        0.0011253309796999086
1108        0.0029920564872021093
1109        0.00471315092674315
1110        0.0021006178287731633
1111        0.0021182700794351184
1112        0.005176522506619592
1113        0.004986760812003523
1114        0.0009973521624007042
1115        0.002360988526037067
1116        0.0028508384819064332
1117        0.0035348631950573644
1118        0.002157987643424533
1119        0.001001765225066194
1120        0.0009929390997352142
1121        0.001098852603706969
1122        0.0029390997352162322
1123        0.0009664607237422751
1124        0.003578993821712259
1125        0.0017122683142100526
1126        0.003036187113857007
1127        0.002052074139452773
1128        0.001875551632833181
1129        0.002065313327449248
1130        0.0010812003530450106
1131        0.0010105913503971739
1132        0.0009532215357458061
1133        0.0009576345984112955
