1        0.00281994704325
2        0.0022374227714
3        0.00389232127096
4        0.00235216240071
5        0.00132833186231
6        0.00257281553398
7        0.00252868490733
8        0.00131067961165
9        0.00244042365402
10        0.00282436010591
11        0.00235216240071
12        0.00188437775816
13        0.00228596646072
14        0.00272727272727
15        0.00199911738747
16        0.00401147396293
17        0.00128861429832
18        0.00200353045013
19        0.00248896734334
20        0.0020079435128
21        0.00327890556046
22        0.00182700794351
23        0.00379964695499
24        0.0030052956752
25        0.0019814651368
26        0.00118711385702
27        0.0020079435128
28        0.00151809355693
29        0.00136363636364
30        0.00192409532215
31        0.00239629302736
32        0.000939982347749
33        0.00131067961165
34        0.00198587819947
35        0.00100617828773
36        0.000931156222418
37        0.000922330097087
38        0.00225948808473
39        0.00283759929391
40        0.00284201235658
41        0.00367166813769
42        0.00411297440424
43        0.00140776699029
44        0.00202559576346
45        0.00266990291262
46        0.00317299205649
47        0.00161959399823
48        0.00133715798764
49        0.00349514563107
50        0.00308914386584
51        0.0022374227714
52        0.00308914386584
53        0.000935569285084
54        0.00306266548985
55        0.0018799646955
56        0.00350838481906
57        0.00220211827008
58        0.00266548984996
59        0.00191968225949
60        0.00104148278906
61        0.00124889673433
62        0.00259488084731
63        0.00135922330097
64        0.00206972639011
65        0.00191085613416
66        0.00159752868491
67        0.0014960282436
68        0.00169902912621
69        0.00221535745808
70        0.0021359223301
71        0.00196381288614
72        0.00263018534863
73        0.00184024713151
74        0.00219770520741
75        0.00150485436893
76        0.00319064430715
77        0.00179611650485
78        0.00166372462489
79        0.0019947043248
80        0.00254633715799
81        0.00228155339806
82        0.0022506619594
83        0.00126213592233
84        0.0022506619594
85        0.00228596646072
86        0.00170344218888
87        0.00141218005296
88        0.0014960282436
89        0.00131509267432
90        0.00191968225949
91        0.00156663724625
92        0.00160194174757
93        0.00177846425419
94        0.00217122683142
95        0.00108120035305
96        0.00110326566637
97        0.00114298323036
98        0.00103265666372
99        0.00118711385702
100        0.000957634598411
101        0.00161959399823
102        0.00104589585172
103        0.00137246248897
104        0.00193292144748
105        0.00552515445719
106        0.00261694616064
107        0.00193733451015
108        0.0014960282436
109        0.00102824360106
110        0.00133715798764
111        0.00101500441306
112        0.00185789938217
113        0.00167255075022
114        0.00117828773169
115        0.00147837599294
116        0.00352603706973
117        0.00210503089144
118        0.001266548985
119        0.00147396293027
120        0.00251544571933
121        0.00142983230362
122        0.00169461606355
123        0.001253309797
124        0.00179611650485
125        0.00154457193292
126        0.00110326566637
127        0.00174757281553
128        0.00291262135922
129        0.00164607237423
130        0.00157105030891
131        0.00181376875552
132        0.00150485436893
133        0.00176081200353
134        0.00311120917917
135        0.0029920564872
136        0.00131509267432
137        0.00240953221536
138        0.00110326566637
139        0.00115622241836
140        0.00305825242718
141        0.00140776699029
142        0.00236981465137
143        0.00244924977935
144        0.00116946160635
145        0.00197705207414
146        0.00233451015004
147        0.00195057369815
148        0.00139011473963
149        0.00175639894086
150        0.00232127096205
151        0.000966460723742
152        0.00185348631951
153        0.00151368049426
154        0.000970873786408
155        0.00190644307149
156        0.00117387466902
157        0.00178287731686
158        0.00146513680494
159        0.0011120917917
160        0.00102383053839
161        0.00141659311562
162        0.00170344218888
163        0.00142983230362
164        0.00138570167696
165        0.00151368049426
166        0.0014960282436
167        0.00154457193292
168        0.00168137687555
169        0.001266548985
170        0.00115622241836
171        0.00114298323036
172        0.00114298323036
173        0.000966460723742
174        0.00117828773169
175        0.000909090909091
176        0.00179611650485
177        0.00108120035305
178        0.00128861429832
179        0.00122683142101
180        0.00103706972639
181        0.00156663724625
182        0.00259046778464
183        0.00265225066196
184        0.00146954986761
185        0.00261253309797
186        0.0016240070609
187        0.00158428949691
188        0.0015092674316
189        0.0016372462489
190        0.00129302736099
191        0.00190644307149
192        0.00141659311562
193        0.00226831421006
194        0.0027625772286
195        0.00135039717564
196        0.00394086496028
197        0.00153574580759
198        0.00255516328332
199        0.00172992056487
200        0.00203442188879
201        0.00291703442189
202        0.0018799646955
203        0.00205648720212
204        0.00368049426302
205        0.00320829655781
206        0.00245807590468
207        0.00232127096205
208        0.00189761694616
209        0.00133274492498
210        0.0031067961165
211        0.00208737864078
212        0.00279788172992
213        0.0021094439541
214        0.00224183583407
215        0.00253309796999
216        0.0022374227714
217        0.00189761694616
218        0.00246248896734
219        0.00250220653133
220        0.0011253309797
221        0.00178729037952
222        0.00187113857017
223        0.00127096204766
224        0.00121359223301
225        0.000984112974404
226        0.000979699911739
227        0.00226831421006
228        0.00156663724625
229        0.00114739629303
230        0.00187113857017
231        0.00156222418358
232        0.00103706972639
233        0.00330979699912
234        0.00114298323036
235        0.00172550750221
236        0.0011385701677
237        0.00270079435128
238        0.00176963812886
239        0.00214916151809
240        0.00177405119153
241        0.00260370697264
242        0.00103706972639
243        0.00254633715799
244        0.00123124448367
245        0.00169461606355
246        0.00161518093557
247        0.0011120917917
248        0.00169461606355
249        0.000944395410415
250        0.00159311562224
251        0.00177405119153
252        0.00138570167696
253        0.000966460723742
254        0.00184907325684
255        0.00208737864078
256        0.00139894086496
257        0.0015092674316
258        0.00124448367167
259        0.00259046778464
260        0.00172550750221
261        0.000909090909091
262        0.00112091791703
263        0.00181818181818
264        0.00142100617829
265        0.00146072374228
266        0.0011385701677
267        0.0019947043248
268        0.00233892321271
269        0.00203442188879
270        0.00160194174757
271        0.00234333627538
272        0.00120035304501
273        0.00123565754634
274        0.00269196822595
275        0.00139011473963
276        0.00188879082083
277        0.00128420123566
278        0.00135039717564
279        0.00150044130627
280        0.00165048543689
281        0.00107237422771
282        0.00229479258605
283        0.00110326566637
284        0.00203883495146
285        0.00134157105031
286        0.00127096204766
287        0.0018932038835
288        0.00100176522507
289        0.00216240070609
290        0.00142983230362
291        0.00187555163283
292        0.0011120917917
293        0.00194174757282
294        0.00101500441306
295        0.00108561341571
296        0.00117828773169
297        0.00149161518094
298        0.00144307149162
299        0.00314210061783
300        0.00127978817299
301        0.00120917917034
302        0.00103265666372
303        0.00235216240071
304        0.000957634598411
305        0.00178287731686
306        0.00145189761695
307        0.00141218005296
308        0.00168137687555
309        0.00100617828773
310        0.00106354810238
311        0.00123124448367
312        0.00137246248897
313        0.00172550750221
314        0.00201235657546
315        0.00125772285966
316        0.0023918799647
317        0.00203883495146
318        0.000909090909091
319        0.00109443954104
320        0.00116946160635
321        0.00220211827008
322        0.00243159752868
323        0.00125772285966
324        0.00140776699029
325        0.00139894086496
326        0.00115622241836
327        0.00262577228597
328        0.0013812886143
329        0.00231244483672
330        0.00154015887026
331        0.00228155339806
332        0.00331862312445
333        0.00492056487202
334        0.00154015887026
335        0.00220211827008
336        0.00160194174757
337        0.00191085613416
338        0.00165931156222
339        0.00251103265666
340        0.00178729037952
341        0.00267872903795
342        0.00102824360106
343        0.001253309797
344        0.00195498676081
345        0.00094880847308
346        0.0016372462489
347        0.00134598411297
348        0.00123124448367
349        0.00158870255958
350        0.001253309797
351        0.00192409532215
352        0.00169461606355
353        0.00177846425419
354        0.00365401588703
355        0.00293468667255
356        0.00229920564872
357        0.00151368049426
358        0.00190203000883
359        0.00127537511033
360        0.00153574580759
361        0.00203000882613
362        0.0018799646955
363        0.00168137687555
364        0.00171226831421
365        0.00129302736099
366        0.00117828773169
367        0.00242718446602
368        0.0023918799647
369        0.00135481023831
370        0.00120917917034
371        0.00176081200353
372        0.00195498676081
373        0.00135922330097
374        0.00098852603707
375        0.00110767872904
376        0.00219329214475
377        0.00168137687555
378        0.00326566637246
379        0.00110767872904
380        0.00143865842895
381        0.00261253309797
382        0.00185348631951
383        0.00166372462489
384        0.00233892321271
385        0.00196822594881
386        0.00183142100618
387        0.00161518093557
388        0.00140335392763
389        0.002506619594
390        0.00278464254192
391        0.00156663724625
392        0.00169902912621
393        0.00266548984996
394        0.00104589585172
395        0.0015092674316
396        0.00287290379523
397        0.00133274492498
398        0.00169461606355
399        0.00173433362754
400        0.00159311562224
401        0.00231685789938
402        0.00131509267432
403        0.00135039717564
404        0.00195057369815
405        0.0011385701677
406        0.0011253309797
407        0.00160635481024
408        0.00131509267432
409        0.00170344218888
410        0.0021094439541
411        0.00118711385702
412        0.00166813768756
413        0.00190203000883
414        0.0015092674316
415        0.00235216240071
416        0.00135481023831
417        0.00138570167696
418        0.00146954986761
419        0.00117828773169
420        0.00214474845543
421        0.00112091791703
422        0.00122683142101
423        0.00121800529568
424        0.000970873786408
425        0.00145631067961
426        0.00163283318623
427        0.00154015887026
428        0.00112974404237
429        0.00248014121801
430        0.00147396293027
431        0.00157546337158
432        0.00133274492498
433        0.00129744042365
434        0.00290820829656
435        0.00127096204766
436        0.00105472197705
437        0.00167696381289
438        0.0017652250662
439        0.00252868490733
440        0.00112974404237
441        0.00164165931156
442        0.00106796116505
443        0.00182259488085
444        0.0014827890556
445        0.00142100617829
446        0.00251103265666
447        0.0014960282436
448        0.0011120917917
449        0.000997352162401
450        0.00106796116505
451        0.00131067961165
452        0.00202559576346
453        0.00129744042365
454        0.00244924977935
455        0.00169902912621
456        0.00118711385702
457        0.00176963812886
458        0.00172109443954
459        0.00135922330097
460        0.00236981465137
461        0.00102824360106
462        0.00125772285966
463        0.00115622241836
464        0.00140776699029
465        0.00130185348632
466        0.00204766107679
467        0.00224624889673
468        0.00277140335393
469        0.00105472197705
470        0.0019947043248
471        0.00129302736099
472        0.00180494263019
473        0.00120476610768
474        0.00124448367167
475        0.00158428949691
476        0.00135481023831
477        0.00137687555163
478        0.000984112974404
479        0.0013680494263
480        0.00139011473963
481        0.00156663724625
482        0.00114739629303
483        0.00183583406884
484        0.00169020300088
485        0.00179170344219
486        0.00155339805825
487        0.00156663724625
488        0.000917917034422
489        0.00191085613416
490        0.00102383053839
491        0.00134157105031
492        0.00116504854369
493        0.00094880847308
494        0.000926743159753
495        0.00176081200353
496        0.00098852603707
497        0.00105030891439
498        0.00110767872904
499        0.00115180935569
500        0.00141218005296
501        0.00156222418358
502        0.000953221535746
503        0.00211385701677
504        0.00252868490733
505        0.00164165931156
506        0.00119152691968
507        0.00147396293027
508        0.0016107678729
509        0.00139894086496
510        0.00133274492498
511        0.00105472197705
512        0.00147396293027
513        0.00151368049426
514        0.0010105913504
515        0.00117387466902
516        0.00098852603707
517        0.00120917917034
518        0.00150485436893
519        0.000931156222418
520        0.00130185348632
521        0.00123565754634
522        0.00104589585172
523        0.00143865842895
524        0.0011385701677
525        0.000917917034422
526        0.000935569285084
527        0.00129744042365
528        0.00116063548102
529        0.00116946160635
530        0.000984112974404
531        0.00101941747573
532        0.00248896734334
533        0.00101500441306
534        0.00117828773169
535        0.00108120035305
536        0.00109885260371
537        0.000992939099735
538        0.001253309797
539        0.00110326566637
540        0.001240070609
541        0.00108120035305
542        0.00164165931156
543        0.00177846425419
544        0.00109002647838
545        0.00176081200353
546        0.00109885260371
547        0.00106796116505
548        0.00103265666372
549        0.00184024713151
550        0.0010105913504
551        0.00116504854369
552        0.00214916151809
553        0.00117828773169
554        0.00193292144748
555        0.00147837599294
556        0.00123565754634
557        0.00129744042365
558        0.0013680494263
559        0.00112974404237
560        0.000992939099735
561        0.00102383053839
562        0.00179170344219
563        0.00115622241836
564        0.00225948808473
565        0.00147837599294
566        0.00107678729038
567        0.00110326566637
568        0.00217122683142
569        0.00142983230362
570        0.000992939099735
571        0.00181376875552
572        0.00136363636364
573        0.002493380406
574        0.00117387466902
575        0.00094880847308
576        0.00110767872904
577        0.00116504854369
578        0.0027493380406
579        0.00100176522507
580        0.00102383053839
581        0.00132391879965
582        0.0010105913504
583        0.000992939099735
584        0.00160635481024
585        0.00194616063548
586        0.00157546337158
587        0.00107237422771
588        0.00254192409532
589        0.000992939099735
590        0.0021094439541
591        0.00250220653133
592        0.00155339805825
593        0.0014827890556
594        0.00183583406884
595        0.00147396293027
596        0.00142100617829
597        0.000953221535746
598        0.00167696381289
599        0.00150485436893
600        0.00117828773169
601        0.00119152691968
602        0.00119152691968
603        0.0015092674316
604        0.0013680494263
605        0.000992939099735
606        0.00130626654898
607        0.00163283318623
608        0.0011385701677
609        0.00100176522507
610        0.00120035304501
611        0.00123124448367
612        0.00144307149162
613        0.00100617828773
614        0.00119593998235
615        0.000917917034422
616        0.000913503971756
617        0.00111650485437
618        0.00094880847308
619        0.000922330097087
620        0.00101500441306
621        0.00111650485437
622        0.00120035304501
623        0.00126213592233
624        0.0011253309797
625        0.00109002647838
626        0.000962047661077
627        0.000997352162401
628        0.000926743159753
629        0.00137687555163
630        0.00104148278906
631        0.00103706972639
632        0.00116063548102
633        0.00143865842895
634        0.00115180935569
635        0.000904677846425
636        0.00098852603707
637        0.000979699911739
638        0.00115180935569
639        0.000997352162401
640        0.00110326566637
641        0.00136363636364
642        0.00155339805825
643        0.001266548985
644        0.000895851721094
645        0.00123124448367
646        0.00121800529568
647        0.00144748455428
648        0.00140335392763
649        0.0016240070609
650        0.00154898499559
651        0.00101500441306
652        0.00105913503972
653        0.00102824360106
654        0.00176963812886
655        0.000970873786408
656        0.00139452780229
657        0.00130626654898
658        0.00127537511033
659        0.0013812886143
660        0.00210061782877
661        0.00127537511033
662        0.00150485436893
663        0.00142100617829
664        0.00108120035305
665        0.000917917034422
666        0.0011120917917
667        0.00098852603707
668        0.00132391879965
669        0.00109002647838
670        0.000904677846425
671        0.00128420123566
672        0.0011253309797
673        0.00098852603707
674        0.00100617828773
675        0.00123565754634
676        0.00101941747573
677        0.00157105030891
678        0.00108120035305
679        0.0010105913504
680        0.00116063548102
681        0.00112974404237
682        0.00100176522507
683        0.000957634598411
684        0.000926743159753
685        0.000887025595763
686        0.00103265666372
687        0.00181376875552
688        0.00115180935569
689        0.00110767872904
690        0.000895851721094
691        0.00160194174757
692        0.00139452780229
693        0.00126213592233
694        0.00145631067961
695        0.00160635481024
696        0.00107237422771
697        0.00120476610768
698        0.00187555163283
699        0.001253309797
700        0.00122683142101
701        0.00135922330097
702        0.00108120035305
703        0.00100617828773
704        0.00106796116505
705        0.00132833186231
706        0.00144748455428
707        0.00127978817299
708        0.00115180935569
709        0.00155781112092
710        0.00120476610768
711        0.00164165931156
712        0.00107678729038
713        0.0011120917917
714        0.00104148278906
715        0.00110767872904
716        0.00094880847308
717        0.000917917034422
718        0.00107678729038
719        0.00105472197705
720        0.0011253309797
721        0.00117387466902
722        0.000931156222418
723        0.00112091791703
724        0.00203883495146
725        0.00207413945278
726        0.00214474845543
727        0.00105472197705
728        0.00104589585172
729        0.00165048543689
730        0.00217563989409
731        0.00109885260371
732        0.00094880847308
733        0.000953221535746
734        0.00106796116505
735        0.00111650485437
736        0.00131950573698
737        0.0011385701677
738        0.000984112974404
739        0.00102824360106
740        0.000917917034422
741        0.00110326566637
742        0.00128420123566
743        0.00151809355693
744        0.0014960282436
745        0.00136363636364
746        0.00133274492498
747        0.00116946160635
748        0.00143865842895
749        0.00104589585172
750        0.00138570167696
751        0.000917917034422
752        0.00107678729038
753        0.00101941747573
754        0.00100617828773
755        0.00109002647838
756        0.00207413945278
757        0.00133715798764
758        0.000917917034422
759        0.000887025595763
760        0.000944395410415
761        0.00116504854369
762        0.00101500441306
763        0.000935569285084
764        0.00105913503972
765        0.00161518093557
766        0.000997352162401
767        0.00128420123566
768        0.000944395410415
769        0.00146513680494
770        0.001240070609
771        0.00106354810238
772        0.00110326566637
773        0.00101941747573
774        0.00105030891439
775        0.00209179170344
776        0.000984112974404
777        0.00103706972639
778        0.00101941747573
779        0.00106354810238
780        0.00159311562224
781        0.00127537511033
782        0.000935569285084
783        0.00129302736099
784        0.00155339805825
785        0.000935569285084
786        0.00156222418358
787        0.00100176522507
788        0.0017387466902
789        0.000917917034422
790        0.00111650485437
791        0.00107678729038
792        0.00142983230362
793        0.00122683142101
794        0.000953221535746
795        0.00109443954104
796        0.0010105913504
797        0.00101941747573
798        0.00117828773169
799        0.000957634598411
800        0.000970873786408
801        0.00119152691968
802        0.00104148278906
803        0.000917917034422
804        0.000935569285084
805        0.000913503971756
806        0.00104589585172
807        0.000909090909091
808        0.00130185348632
809        0.00131067961165
810        0.00105472197705
811        0.001240070609
812        0.00123124448367
813        0.00115622241836
814        0.00102824360106
815        0.00102383053839
816        0.00129302736099
817        0.00106796116505
818        0.00100617828773
819        0.00150485436893
820        0.000984112974404
821        0.00123124448367
822        0.00118711385702
823        0.0010105913504
824        0.00154015887026
825        0.00107678729038
826        0.000984112974404
827        0.00110767872904
828        0.000926743159753
829        0.00114298323036
830        0.000953221535746
831        0.00109443954104
832        0.00090026478376
833        0.00134598411297
834        0.00109002647838
835        0.00103265666372
836        0.00154015887026
837        0.00105030891439
838        0.00129302736099
839        0.000939982347749
840        0.00120917917034
841        0.000992939099735
842        0.000931156222418
843        0.000909090909091
844        0.00104148278906
845        0.00090026478376
846        0.00109885260371
847        0.00133715798764
848        0.00159311562224
849        0.00159311562224
850        0.000953221535746
851        0.00119593998235
852        0.000975286849073
853        0.00120035304501
854        0.000970873786408
855        0.00122683142101
856        0.000922330097087
857        0.000957634598411
858        0.000944395410415
859        0.00134157105031
860        0.00123124448367
861        0.00115622241836
862        0.000904677846425
863        0.000957634598411
864        0.00103706972639
865        0.0010105913504
866        0.00101500441306
867        0.000917917034422
868        0.00126213592233
869        0.00123565754634
870        0.00132833186231
871        0.00109885260371
872        0.00116063548102
873        0.000935569285084
874        0.00122241835834
875        0.00112974404237
876        0.000922330097087
877        0.000970873786408
878        0.00103265666372
879        0.00105913503972
880        0.000966460723742
881        0.00102383053839
882        0.00103265666372
883        0.00098852603707
884        0.0018667255075
885        0.00159752868491
886        0.0016372462489
887        0.00166813768756
888        0.00156663724625
889        0.00117828773169
890        0.00160635481024
891        0.00153133274492
892        0.00185348631951
893        0.00130626654898
894        0.00121359223301
895        0.00131509267432
896        0.00144748455428
897        0.000895851721094
898        0.000979699911739
899        0.000975286849073
900        0.00104589585172
901        0.000909090909091
902        0.00132833186231
903        0.000992939099735
904        0.00114298323036
905        0.00105913503972
906        0.000895851721094
907        0.00124448367167
908        0.00134598411297
909        0.00100617828773
910        0.00112091791703
911        0.00098852603707
912        0.00119152691968
913        0.000913503971756
914        0.000997352162401
915        0.00106796116505
916        0.000953221535746
917        0.00101941747573
918        0.000909090909091
919        0.0011253309797
920        0.00136363636364
921        0.00101500441306
922        0.00104148278906
923        0.00109443954104
924        0.00109443954104
925        0.00094880847308
926        0.000979699911739
927        0.00102824360106
928        0.00101941747573
929        0.00105472197705
930        0.00116504854369
931        0.00104589585172
932        0.00102824360106
933        0.000970873786408
934        0.000926743159753
935        0.00105913503972
936        0.00113415710503
937        0.00101500441306
938        0.00105913503972
939        0.000887025595763
940        0.00117828773169
941        0.00109002647838
942        0.00101941747573
943        0.0010105913504
944        0.00100617828773
945        0.00144748455428
946        0.00118711385702
947        0.00090026478376
948        0.000935569285084
949        0.000917917034422
950        0.00115180935569
951        0.0010105913504
952        0.00115180935569
953        0.00135039717564
954        0.00120035304501
955        0.000917917034422
956        0.000931156222418
957        0.00134157105031
958        0.00139894086496
959        0.000904677846425
960        0.00109885260371
961        0.00098852603707
962        0.001253309797
963        0.00106796116505
964        0.000953221535746
965        0.0010105913504
966        0.000904677846425
967        0.000957634598411
968        0.00114298323036
969        0.000992939099735
970        0.000970873786408
971        0.000913503971756
972        0.000913503971756
973        0.000917917034422
974        0.000931156222418
975        0.00121800529568
976        0.00127978817299
977        0.000975286849073
978        0.000997352162401
979        0.00106796116505
980        0.00101941747573
981        0.00145631067961
982        0.000984112974404
983        0.00128861429832
984        0.000939982347749
985        0.00108561341571
986        0.00111650485437
987        0.00108561341571
988        0.00100617828773
989        0.00100176522507
990        0.0011253309797
991        0.000926743159753
992        0.00115180935569
993        0.00098852603707
994        0.000970873786408
995        0.0013680494263
996        0.00133274492498
997        0.000957634598411
998        0.000935569285084
999        0.00098852603707
1000        0.00090026478376
1001        0.00124448367167
1002        0.00104148278906
1003        0.00116946160635
1004        0.00109002647838
1005        0.00125772285966
1006        0.000926743159753
1007        0.00123565754634
1008        0.00100176522507
1009        0.00119593998235
1010        0.00109443954104
1011        0.00098852603707
1012        0.000913503971756
1013        0.00105472197705
1014        0.000975286849073
1015        0.000975286849073
1016        0.00101500441306
1017        0.00102383053839
1018        0.000887025595763
1019        0.00103706972639
1020        0.00109885260371
1021        0.000979699911739
1022        0.00100617828773
1023        0.0011253309797
1024        0.00102383053839
1025        0.000979699911739
1026        0.00120476610768
1027        0.000931156222418
1028        0.000922330097087
1029        0.000917917034422
1030        0.00094880847308
1031        0.00094880847308
1032        0.00109885260371
1033        0.000922330097087
1034        0.00109443954104
1035        0.00131950573698
1036        0.00104589585172
1037        0.00109443954104
1038        0.00123565754634
1039        0.00109885260371
1040        0.000962047661077
1041        0.0011120917917
1042        0.000917917034422
1043        0.00126213592233
1044        0.000917917034422
1045        0.00114739629303
1046        0.00094880847308
1047        0.000962047661077
1048        0.000926743159753
1049        0.000935569285084
1050        0.00120476610768
1051        0.000922330097087
1052        0.000922330097087
1053        0.00106796116505
1054        0.00103265666372
1055        0.000944395410415
1056        0.000913503971756
1057        0.000891438658429
1058        0.000966460723742
1059        0.000917917034422
1060        0.000997352162401
1061        0.000935569285084
1062        0.00100617828773
1063        0.000979699911739
1064        0.000913503971756
1065        0.000944395410415
1066        0.00105472197705
1067        0.00134157105031
1068        0.000997352162401
1069        0.00127978817299
1070        0.00106354810238
1071        0.000939982347749
1072        0.00090026478376
1073        0.00094880847308
1074        0.000913503971756
1075        0.000939982347749
1076        0.000904677846425
1077        0.00094880847308
1078        0.00116504854369
1079        0.000944395410415
1080        0.00101941747573
1081        0.00090026478376
1082        0.000913503971756
1083        0.000953221535746
1084        0.00105913503972
1085        0.000904677846425
1086        0.000913503971756
1087        0.00107237422771
1088        0.000935569285084
1089        0.000931156222418
1090        0.00094880847308
1091        0.000939982347749
1092        0.00090026478376
1093        0.000913503971756
1094        0.000926743159753
1095        0.000957634598411
1096        0.000922330097087
1097        0.000970873786408
1098        0.00116946160635
1099        0.000904677846425
1100        0.00098852603707
1101        0.000922330097087
1102        0.000953221535746
1103        0.000922330097087
1104        0.000895851721094
1105        0.00117387466902
1106        0.00090026478376
1107        0.000895851721094
1108        0.000913503971756
1109        0.000926743159753
1110        0.000931156222418
1111        0.00094880847308
1112        0.00123124448367
1113        0.000939982347749
1114        0.000917917034422
1115        0.000904677846425
1116        0.000984112974404
1117        0.000913503971756
1118        0.000891438658429
1119        0.000909090909091
1120        0.00110767872904
1121        0.000926743159753
1122        0.000895851721094
1123        0.000953221535746
1124        0.000944395410415
1125        0.00090026478376
1126        0.000909090909091
1127        0.000939982347749
1128        0.000922330097087
1129        0.000922330097087
1130        0.000909090909091
1131        0.000970873786408
1132        0.000917917034422
1133        0.000904677846425
