1        0.09317740511915273
2        0.0747661076787291
3        0.1053662842012357
4        0.06024271844660202
5        0.037263901147396264
6        0.06678287731685788
7        0.07433362753751108
8        0.030070609002647783
9        0.07412621359223309
10        0.07734774933804062
11        0.06500882612533103
12        0.05572815533980584
13        0.07732568402471324
14        0.07441747572815542
15        0.06836716681376885
16        0.11656222418358338
17        0.023375992939099713
18        0.0683980582524272
19        0.06948808473080322
20        0.07295233892321275
21        0.11051632833186233
22        0.06684024713150939
23        0.10722418358340692
24        0.09176963812886148
25        0.05779346866725512
26        0.0208605472197705
27        0.06458958517210948
28        0.04264342453662838
29        0.026496028243601037
30        0.07878640776699038
31        0.08408208296557813
32        0.013618711385701678
33        0.04049426301853482
34        0.07463812886142988
35        0.004320388349514556
36        0.008274492497793525
37        0.006994704324801444
38        0.06490291262135925
39        0.10139894086496028
40        0.07716681376875555
41        0.10856575463371575
42        0.1159046778464254
43        0.04269196822594878
44        0.05781112091791705
45        0.08475286849073259
46        0.08813327449249783
47        0.041504854368932025
48        0.030944395410414768
49        0.11162842012356572
50        0.09895410414827888
51        0.07070167696381292
52        0.10335834068843772
53        0.012965578111209186
54        0.09038834951456312
55        0.06239187996469557
56        0.10493380406001764
57        0.0649205648720212
58        0.07236098852603715
59        0.04469549867608121
60        0.018495145631067956
61        0.022082965578111194
62        0.07265666372462497
63        0.017736098852603698
64        0.05366284201235666
65        0.029938217122683103
66        0.05754192409532221
67        0.03373786407766985
68        0.03944836716681373
69        0.06042806707855252
70        0.07556928508384825
71        0.04679611650485436
72        0.08065754633715796
73        0.044854368932038834
74        0.0653000882612533
75        0.03148720211827003
76        0.09940423654015886
77        0.022965578111209174
78        0.03326566637246246
79        0.05066195939982352
80        0.0838790820829656
81        0.08298323036187115
82        0.07364960282436014
83        0.02260812003530448
84        0.07420564872021192
85        0.060657546337157975
86        0.030454545454545436
87        0.03656663724624884
88        0.0397616946160635
89        0.025970873786407753
90        0.03736981465136802
91        0.024157105030891433
92        0.04033980582524268
93        0.0298631950573698
94        0.054329214474845594
95        0.020370697263901137
96        0.02175198587819946
97        0.01711827007943512
98        0.007118270079435165
99        0.022965578111209153
100        0.007047661076787293
101        0.03639894086496023
102        0.006403353927625782
103        0.01879082082965576
104        0.06404677846425426
105        0.12332303618711386
106        0.07739187996469556
107        0.05647396293027368
108        0.0314607237422771
109        0.014466019417475716
110        0.029730803177405098
111        0.006279788172992082
112        0.05945278022947925
113        0.04111209179170342
114        0.014501323918799635
115        0.032449249779346816
116        0.11043248014121794
117        0.044801412180052916
118        0.017497793468667266
119        0.025503089143865836
120        0.06485436893203884
121        0.027338923212709622
122        0.03781553398058251
123        0.020825242718446563
124        0.05817299205648725
125        0.037369814651368016
126        0.015829655781112114
127        0.051994704324801445
128        0.09974845542806707
129        0.03683583406884374
130        0.04566637246248894
131        0.04345984112974405
132        0.028623124448367135
133        0.05364518976169465
134        0.08364077669902914
135        0.09153574580759047
136        0.02312003530450132
137        0.0868711385701677
138        0.022819947043247964
139        0.011173874669020312
140        0.09121359223300965
141        0.029236540158870224
142        0.06982789055604596
143        0.08324360105913504
144        0.012987643424536646
145        0.049227714033539344
146        0.07438217122683147
147        0.06008826125330986
148        0.049457193292144784
149        0.04216681376875554
150        0.06763459841129754
151        0.014015887025595785
152        0.07477493380406008
153        0.047458075904677856
154        0.014130626654898512
155        0.05393645189761695
156        0.022886142983230356
157        0.06632833186231253
158        0.01913503971756401
159        0.015423654015887033
160        0.00692850838481906
161        0.037793468667255026
162        0.043578993821712306
163        0.03266107678729035
164        0.023265666372462464
165        0.029991173874668986
166        0.016509267431597505
167        0.023384819064430656
168        0.049924977934686726
169        0.02006619593998233
170        0.01654457193292146
171        0.011809355692850876
172        0.013265666372462482
173        0.006769638128861445
174        0.01715357458075903
175        0.004139452780229471
176        0.059620476610767886
177        0.013278905560458963
178        0.01626654898499561
179        0.019439541041482794
180        0.007965578111209222
181        0.03654015887025592
182        0.07574139452780235
183        0.09023830538393651
184        0.040357458075904656
185        0.0849470432480142
186        0.03892762577228595
187        0.02958075904677844
188        0.031067961165048504
189        0.0478331862312445
190        0.02285966460723741
191        0.05409090909090921
192        0.04013239187996467
193        0.06349073256840251
194        0.07290820829655789
195        0.018570167696381278
196        0.11142100617828779
197        0.057890556045895894
198        0.0846557811120919
199        0.04981023830538396
200        0.06274051191526923
201        0.08685789938217131
202        0.060030891438658494
203        0.05768314210061786
204        0.10309355692850841
205        0.08664607237422774
206        0.10155781112091798
207        0.0781994704324802
208        0.04874227714033544
209        0.0288658428949691
210        0.07094439541041493
211        0.054346866725507564
212        0.0792939099735217
213        0.07121800529567528
214        0.08776699029126218
215        0.08297881729920568
216        0.06067078552515452
217        0.05152250661959402
218        0.07921006178287729
219        0.06973962930273617
220        0.03648278905560454
221        0.04421447484554277
222        0.05221535745807591
223        0.01820388349514562
224        0.012850838481906443
225        0.006557811120917935
226        0.006156222418358337
227        0.05820829655781119
228        0.05383936451897622
229        0.01755516328331861
230        0.04639011473962932
231        0.044346866725507465
232        0.010432480141218054
233        0.09611650485436901
234        0.025948808473080308
235        0.050728155339805854
236        0.014263018534863172
237        0.07226831421006177
238        0.038305383936451845
239        0.06191085613415715
240        0.04795675198587818
241        0.08565313327449252
242        0.013477493380406002
243        0.08279346866725515
244        0.016213592233009718
245        0.060414827890556175
246        0.03849955869373341
247        0.011398940864960294
248        0.03748896734333622
249        0.011721094439541075
250        0.048080317740511955
251        0.05648278905560467
252        0.024673433362753735
253        0.007444836716681408
254        0.051857899382171245
255        0.054814651368049416
256        0.027877316857899362
257        0.03949691085613414
258        0.024276257722859643
259        0.07214916151809357
260        0.03306707855251542
261        0.006496028243601076
262        0.01961606354810235
263        0.05085172109443958
264        0.027237422771403327
265        0.022109443954104142
266        0.019404236540158822
267        0.05427625772285967
268        0.06747131509267434
269        0.07372021182700797
270        0.037952338923212633
271        0.07037952338923217
272        0.01579876434245367
273        0.019148278905560447
274        0.0964607237422772
275        0.046182700794351286
276        0.05101941747572826
277        0.029029126213592202
278        0.036676963812886106
279        0.02288614298323035
280        0.029986760812003493
281        0.0137334510150044
282        0.052652250661959395
283        0.026562224183583366
284        0.060917917034421946
285        0.023715798764342426
286        0.022722859664607215
287        0.04642100617828771
288        0.017696381288614258
289        0.06815092674315984
290        0.023759929390997345
291        0.05939099735216247
292        0.015255957634598414
293        0.06766548984995593
294        0.008106796116504887
295        0.011888790820829682
296        0.017630185348631935
297        0.026782877316857894
298        0.02731685789938214
299        0.08773609885260372
300        0.04344660194174755
301        0.015070609002647839
302        0.011368049426301883
303        0.07221535745807589
304        0.010075022065313334
305        0.05092233009708742
306        0.027625772285966445
307        0.027824360105913458
308        0.03978375992939097
309        0.009885260370697313
310        0.0056398940864960286
311        0.018252427184466017
312        0.01824360105913506
313        0.04500441306266548
314        0.055661959399823525
315        0.019082082965578104
316        0.08190203000882615
317        0.05154015887025605
318        0.007387466902030042
319        0.00987643424536632
320        0.015295675198587814
321        0.05031774051191529
322        0.07033097969991181
323        0.02101500441306265
324        0.03248455428067075
325        0.04604148278905563
326        0.007722859664607242
327        0.06485436893203887
328        0.04591350397175644
329        0.0740247131509268
330        0.04943512797881731
331        0.07522506619594006
332        0.1056796116504854
333        0.1066372462488968
334        0.04449249779346868
335        0.0800617828773169
336        0.044051191526919685
337        0.04152250661959398
338        0.04031332744924975
339        0.058923212709620476
340        0.05270962047661074
341        0.08660194174757282
342        0.00340247131509267
343        0.021624007060900223
344        0.04596646072374232
345        0.006902030008826149
346        0.04176522506619593
347        0.01791703442188879
348        0.020794351279788136
349        0.028848190644307093
350        0.008534863195057408
351        0.05342894969108562
352        0.02705207413945278
353        0.04124007060900261
354        0.09700353045013241
355        0.08232127096204771
356        0.08669020300088265
357        0.03477052074139447
358        0.049827890556045924
359        0.02027802294792584
360        0.028075904677846385
361        0.06645631067961177
362        0.058526037069726373
363        0.036615180935569216
364        0.05112533097969995
365        0.02801853486319502
366        0.019112974404236524
367        0.06372903795233896
368        0.07565313327449258
369        0.036372462488967285
370        0.007709620476610796
371        0.05735657546337164
372        0.06292144748455437
373        0.053499558693733504
374        0.007060900264783774
375        0.019015887025595753
376        0.05323477493380408
377        0.029814651368049408
378        0.09342012356575465
379        0.01487202118270081
380        0.03533539276257717
381        0.07788614298323046
382        0.053565754633715844
383        0.04080759046778462
384        0.07238305383936458
385        0.046195939982347764
386        0.052413945278022976
387        0.03658428949691081
388        0.02691085613415707
389        0.07537952338923218
390        0.08849955869373355
391        0.02616946160635479
392        0.05778022947925867
393        0.06568402471315095
394        0.014788172992056455
395        0.014611650485436911
396        0.1040953221535746
397        0.030233892321270935
398        0.0328596646072374
399        0.04549426301853483
400        0.042731685789938176
401        0.05855251544571936
402        0.019726390114739627
403        0.019501323918799635
404        0.057992056487202175
405        0.023993821712268288
406        0.009223300970873817
407        0.03551191526919677
408        0.01737422771403355
409        0.04635039717563993
410        0.06260812003530457
411        0.03918799646954982
412        0.03681376875551631
413        0.060595763459841204
414        0.032903795233892266
415        0.06522506619594
416        0.0389805825242718
417        0.0179082082965578
418        0.0364651368049426
419        0.017762577228596647
420        0.06211827007943519
421        0.010097087378640795
422        0.02011915269196823
423        0.0227184466019417
424        0.0072859664607237765
425        0.03183583406884373
426        0.035988526037069674
427        0.031853486319505714
428        0.014986760812003522
429        0.08110767872903801
430        0.04464254192409533
431        0.04770962047661079
432        0.020180935569285078
433        0.02651368049426299
434        0.07809796999117395
435        0.02831421006178281
436        0.013217122683142084
437        0.03494263018534859
438        0.04782436010591355
439        0.08426301853486326
440        0.0200264783759929
441        0.031849073256840214
442        0.01503971756398943
443        0.043446601941747556
444        0.04116946160635486
445        0.028027360988525988
446        0.08396734333627545
447        0.024995586937334502
448        0.009805825242718473
449        0.0052647837599293845
450        0.005454545454545481
451        0.020803177405119156
452        0.0603927625772286
453        0.021187113857016753
454        0.05548102383053839
455        0.032374227714033484
456        0.02254192409532214
457        0.04553839364518974
458        0.03261253309796998
459        0.015635481023830552
460        0.043755516328331884
461        0.014068843777581642
462        0.017908208296557815
463        0.009642541924095346
464        0.03642983230361871
465        0.012436010591350426
466        0.055485436893203934
467        0.05015445719329219
468        0.0749602824360106
469        0.010154457193292186
470        0.04898058252427185
471        0.010119152691968258
472        0.04825242718446604
473        0.020728155339805807
474        0.01540600176522507
475        0.028689320388349496
476        0.018526037069726397
477        0.02443512797881729
478        0.009836716681376917
479        0.019090909090909082
480        0.016654898499558698
481        0.03300970873786405
482        0.013287731685789948
483        0.030520741394527783
484        0.03175639894086493
485        0.029730803177405105
486        0.022378640776699033
487        0.027639011473962923
488        0.00964254192409534
489        0.04288614298323035
490        0.011579876434245384
491        0.01672109443954106
492        0.009810238305383988
493        0.005772285966460736
494        0.00479699911738746
495        0.042546337157987626
496        0.00507502206531333
497        0.013517210944395404
498        0.010339805825242722
499        0.016288614298323054
500        0.03382612533097969
501        0.03901588702559573
502        0.0019505736981465117
503        0.0518755516328332
504        0.08428949691085619
505        0.04158870255957632
506        0.01233451015004415
507        0.027678729037952324
508        0.028398058252427152
509        0.019991173874669022
510        0.016946160635481024
511        0.01717563989408649
512        0.02994704324801407
513        0.020984112974404213
514        0.005679611650485432
515        0.011540158870255963
516        0.002665489849955865
517        0.01350397175639894
518        0.031081200353045006
519        0.0036231244483671595
520        0.023120035304501293
521        0.024924977934686635
522        0.014390997352162404
523        0.026751985878199457
524        0.02231244483671663
525        0.007347749338040638
526        0.0037202118270079393
527        0.012369814651368041
528        0.018473080317740524
529        0.010132391879964713
530        0.005326566637246245
531        0.005931156222418362
532        0.0701765225066196
533        0.014130626654898528
534        0.018512797881729874
535        0.014236540158870256
536        0.007246248896734337
537        0.013777581641659334
538        0.030141218005295657
539        0.012683142100617828
540        0.015688437775816376
541        0.021610767872903777
542        0.06221977052074145
543        0.06451015004413063
544        0.008601059135039758
545        0.05053398058252423
546        0.012608120035304511
547        0.013327449249779355
548        0.010812003530450164
549        0.04368932038834947
550        0.004783759929390987
551        0.02262577228596645
552        0.07795675198587823
553        0.015609002647837579
554        0.048826125330979755
555        0.032259488084730746
556        0.010622241835834063
557        0.01258605472197703
558        0.028358340688437726
559        0.011063548102383055
560        0.010785525154457213
561        0.00732568402471316
562        0.03153133274492495
563        0.02488084730803174
564        0.05810238305383937
565        0.02021182700794349
566        0.02548543689320382
567        0.01322153574580761
568        0.05763459841129745
569        0.021429832303618706
570        0.0075286849073257145
571        0.05440864960282441
572        0.01483671668137687
573        0.06736098852603711
574        0.017369814651368026
575        0.005229479258605474
576        0.010578111209179198
577        0.008640776699029181
578        0.06680935569285087
579        0.010300088261253343
580        0.010560458958517227
581        0.026090026478375942
582        0.014827890556045886
583        0.003984995586937326
584        0.04949249779346873
585        0.06224624889673432
586        0.04042806707855247
587        0.012965578111209193
588        0.05745366284201241
589        0.01640335392762579
590        0.07109885260370702
591        0.06961606354810243
592        0.04672109443954106
593        0.0290291262135922
594        0.05785966460723743
595        0.028654015887025545
596        0.029916151809355664
597        0.00638570167696382
598        0.03853927625772284
599        0.037471315092674276
600        0.01990732568402469
601        0.015953221535745805
602        0.02058252427184466
603        0.028667255075022043
604        0.015657546337158
605        0.005366284201235653
606        0.017413945278022938
607        0.026032656663724608
608        0.010860547219770528
609        0.005529567519858788
610        0.012533097969991202
611        0.018879082082965546
612        0.020825242718446612
613        0.0041703442188879
614        0.02070167696381288
615        0.001001765225066194
616        0.0032038834951456214
617        0.017771403353927625
618        0.0024713150926743087
619        0.0032082965578111135
620        0.011518093556928512
621        0.008022947925860571
622        0.01434686672550751
623        0.012683142100617837
624        0.014117387466902031
625        0.01774933804060015
626        0.002987643424536624
627        0.005529567519858772
628        0.0012577228596646025
629        0.023799646954986736
630        0.006090026478376026
631        0.010185348631950565
632        0.01829655781112092
633        0.03643424536628415
634        0.011231244483671679
635        0.0018755516328331846
636        0.009536628420123596
637        0.0021006178287731607
638        0.018305383936451883
639        0.003737864077669893
640        0.018940864960282418
641        0.03477934686672546
642        0.05321712268314213
643        0.023292144748455396
644        0.009646954986760862
645        0.01651368049426301
646        0.01928508384819062
647        0.031985878199470394
648        0.0376743159752868
649        0.04380406001765223
650        0.04875110326566639
651        0.01732127096204765
652        0.016972639011473944
653        0.005648720211827011
654        0.037744924977934635
655        0.013437775816416572
656        0.02486760812003528
657        0.02122241835834069
658        0.018049426301853497
659        0.01897616946160635
660        0.05312003530450135
661        0.021809355692850817
662        0.03253751103265663
663        0.029037952338923187
664        0.009726390114739653
665        0.007347749338040618
666        0.02078993821712265
667        0.005039717563989401
668        0.01904236540158871
669        0.014713150926743185
670        0.006981465136804956
671        0.02345101500441304
672        0.021482789055604554
673        0.007555163283318653
674        0.0030935569285083808
675        0.020542806707855257
676        0.014474845542806708
677        0.03819505736981462
678        0.013062665489849946
679        0.009395410414827908
680        0.03131509267431592
681        0.008150926743159804
682        0.005639894086496024
683        0.0064607237422771805
684        0.0036407766990291194
685        0.006173874669020296
686        0.004037952338923204
687        0.05004854368932039
688        0.024796999117387423
689        0.014077669902912609
690        0.0054766107678728936
691        0.03571932921447483
692        0.01937775816416591
693        0.022250661959399842
694        0.03022065313327443
695        0.04606354810238304
696        0.023133274492497767
697        0.022038834951456282
698        0.05180052956751988
699        0.018556928508384807
700        0.018640776699029117
701        0.021937334510150026
702        0.018411297440423652
703        0.011284201235657558
704        0.019474845542806693
705        0.02724183583406881
706        0.018270079435127994
707        0.026209179170344217
708        0.016001765225066186
709        0.035233892321270936
710        0.015330979699911745
711        0.0441747572815534
712        0.014964695498676068
713        0.01560017652250658
714        0.00988526037069729
715        0.018424536628420106
716        0.007316857899382213
717        0.0034201235657546243
718        0.01322153574580759
719        0.020216240070608973
720        0.012444836716681389
721        0.019267431597528667
722        0.009285083848190675
723        0.02012797881729919
724        0.06127978817299207
725        0.061624007060900314
726        0.06544130626654904
727        0.011204766107678765
728        0.00984554280670788
729        0.0499249779346867
730        0.05230361871138567
731        0.009770520741394558
732        0.0033627537511032577
733        0.0037952338923212623
734        0.006138570167696397
735        0.011663724624889677
736        0.01718005295675197
737        0.01909090909090907
738        0.007559576345984147
739        0.008618711385701689
740        0.006262135922330106
741        0.012921447484554283
742        0.01327007943512799
743        0.03842894969108557
744        0.021098852603706964
745        0.027330097087378626
746        0.024713150926743123
747        0.026129744042365375
748        0.02604589585172107
749        0.009545454545454574
750        0.025485436893203862
751        0.0026169461606354734
752        0.00651368049426304
753        0.006950573698146532
754        0.004293909973521618
755        0.005798764342453686
756        0.054324801412180025
757        0.017241835834068853
758        0.0018755516328331787
759        0.0018049426301853411
760        0.0011782877316857886
761        0.021098852603706968
762        0.007025595763459867
763        0.007312444836716702
764        0.009488084730803224
765        0.019598411297440423
766        0.00791703442188882
767        0.024139452780229456
768        0.004677846425419231
769        0.026262135922330048
770        0.01792144748455427
771        0.0072506619593998445
772        0.015114739629302756
773        0.00560900264783761
774        0.0076875551632833395
775        0.06136363636363638
776        0.004554280670785517
777        0.01736540158870253
778        0.009232127096204802
779        0.012157987643424562
780        0.058601059135039775
781        0.02349514563106796
782        0.003645189761694609
783        0.03375110326566633
784        0.03293909973521621
785        0.0072241835834068934
786        0.04331862312444839
787        0.00951456310679614
788        0.0410679611650485
789        0.004302736098852596
790        0.020353045013239167
791        0.005984112974404246
792        0.03529567519858776
793        0.023896734333627538
794        0.013203883495145648
795        0.013649602824360136
796        0.020220653133274452
797        0.00880847308031777
798        0.01502647837599296
799        0.00293027360988525
800        0.005070609002647831
801        0.007643424536628463
802        0.017069726390114733
803        0.004510150044130618
804        0.004924977934686663
805        0.0009796999117387447
806        0.012687555163283334
807        0.006575463371579893
808        0.014924977934686678
809        0.028720211827007902
810        0.019104148278905563
811        0.01783318623124449
812        0.013481906443071501
813        0.009346866725507517
814        0.007903795233892345
815        0.012669902912621357
816        0.02572815533980581
817        0.01897616946160634
818        0.0108252427184466
819        0.022060900264783773
820        0.006932921447484583
821        0.016147396293027364
822        0.0167828773168579
823        0.006019417475728148
824        0.020167696381288628
825        0.007263901147396319
826        0.0131729920564872
827        0.024898499558693686
828        0.0011562224183583384
829        0.0109576345984113
830        0.007087378640776717
831        0.018693733451015004
832        0.0020520741394527745
833        0.024068843777581627
834        0.01923654015887025
835        0.001849073256840242
836        0.02346425419240953
837        0.007608120035304501
838        0.017215357458075894
839        0.0070785525154457305
840        0.024849955869373313
841        0.006968225948808494
842        0.005291262135922327
843        0.0016548984995586897
844        0.009907325684024767
845        0.0018270079435127944
846        0.010966460723742294
847        0.009682259488084748
848        0.021535745807590448
849        0.02221094439541041
850        0.004810238305383926
851        0.012065313327449274
852        0.0019858781994704293
853        0.006293027360988539
854        0.013543689320388347
855        0.009646954986760835
856        0.0038702559576345896
857        0.005419240953221561
858        0.005692850838481947
859        0.024037952338923193
860        0.012736098852603732
861        0.014607237422771414
862        0.00310238305383936
863        0.008199470432480158
864        0.007325684024713158
865        0.004721977052074128
866        0.010547219770520746
867        0.003062665489849948
868        0.021447484554280673
869        0.018759929390997354
870        0.020820829655781106
871        0.00763459841129746
872        0.01593556928508383
873        0.005286849073256852
874        0.017462488967343332
875        0.012978817299205631
876        0.005600176522506636
877        0.008437775816416615
878        0.008120035304501344
879        0.01244042365401588
880        0.008892321270962095
881        0.010436893203883515
882        0.01228596646072375
883        0.004095322153574578
884        0.05535304501323919
885        0.051160635481023814
886        0.03400264783759925
887        0.042409532215357454
888        0.04405119152691968
889        0.017383053839364507
890        0.03920564872021178
891        0.02501323918799645
892        0.03592674315975284
893        0.027691968225948754
894        0.017365401588702558
895        0.030820829655781062
896        0.02114739629302734
897        0.00398058252427184
898        0.0056090026478375936
899        0.011575463371579933
900        0.008654015887025645
901        0.001963812886142975
902        0.013137687555163282
903        0.004417475728155329
904        0.00957634598411299
905        0.011897616946160655
906        0.0020609002647837566
907        0.010039717563989437
908        0.021469549867608108
909        0.003614298323036177
910        0.007842012356575471
911        0.004907325684024707
912        0.01706531332744925
913        0.011632833186231237
914        0.011090026478376005
915        0.016195939982347748
916        0.004598411297440421
917        0.0038481906443071424
918        0.0031818181818181767
919        0.007400706090026502
920        0.019258605472197713
921        0.01032215357458079
922        0.012559576345984109
923        0.011791703442188885
924        0.009872021182700816
925        0.003905560458958512
926        0.00830979699911743
927        0.004196822594880843
928        0.0068534863195057775
929        0.00725066195939985
930        0.010467784642541954
931        0.00509267431597528
932        0.018393645189761675
933        0.006120917917034435
934        0.005829655781112089
935        0.010772285966460753
936        0.01898058252427185
937        0.01206972639011475
938        0.018984995586937323
939        0.006248896734333666
940        0.010957634598411304
941        0.0066063548102383105
942        0.00894086496028245
943        0.016787290379523364
944        0.017105030891438656
945        0.03419682259488083
946        0.019382171226831404
947        0.004699911738746682
948        0.0010017652250661937
949        0.0009488084730803162
950        0.009223300970873836
951        0.007082965578111261
952        0.01786407766990289
953        0.018208296557811126
954        0.01966019417475727
955        0.009496910856134178
956        0.008349514563106815
957        0.01477934686672552
958        0.02353486319505736
959        0.008075904677846451
960        0.0040732568402471235
961        0.009364518976169496
962        0.012691968225948815
963        0.009801412180052984
964        0.007043248014121806
965        0.009037952338923242
966        0.008521624007060935
967        0.00547219770520741
968        0.010529567519858818
969        0.008548102383053873
970        0.008587819947043279
971        0.0027714033539276172
972        0.002025595763459831
973        0.001659311562224178
974        0.007263901147396311
975        0.011288614298323034
976        0.01778464254192412
977        0.006601941747572854
978        0.013473080317740527
979        0.0038834951456310648
980        0.007100617828773165
981        0.029302736098852606
982        0.01204766107678731
983        0.027661076787290333
984        0.0033804060017652154
985        0.00701235657546339
986        0.0079744042365402
987        0.004355692850838476
988        0.0038702559576345883
989        0.008362753751103293
990        0.0029302736098852544
991        0.0015489849955869345
992        0.007678729037952361
993        0.008146513680494306
994        0.006262135922330104
995        0.02596646072374225
996        0.015304501323918808
997        0.0017210944395410369
998        0.005185348631950578
999        0.005578111209179163
1000        0.0038128861429832226
1001        0.012630185348631966
1002        0.007228596646072387
1003        0.006270962047661072
1004        0.006151809355692856
1005        0.012202118270079452
1006        0.008296557811120944
1007        0.015679611650485422
1008        0.003826125330979693
1009        0.012625772285966478
1010        0.017639011473962952
1011        0.006178287731685799
1012        0.005136804942630192
1013        0.003993821712268304
1014        0.009713150926743179
1015        0.003036187113857009
1016        0.0035436893203883435
1017        0.004413062665489841
1018        0.003971756398940857
1019        0.00379523389232126
1020        0.014814651368049428
1021        0.0022418358340688385
1022        0.008336275375110344
1023        0.005794351279788206
1024        0.006293027360988529
1025        0.005736981465136811
1026        0.009179170344218916
1027        0.00576787290379524
1028        0.0018932038834951403
1029        0.005635481023830566
1030        0.005388349514563144
1031        0.000979699911738745
1032        0.010247131509267466
1033        0.006972639011473986
1034        0.006460723742277166
1035        0.017162400706090035
1036        0.005238305383936452
1037        0.007541924095322165
1038        0.012846425419240954
1039        0.009973521624007086
1040        0.00307590467784642
1041        0.010039717563989409
1042        0.0033759929390997285
1043        0.006138570167696402
1044        0.0029170344218887863
1045        0.0106090026478376
1046        0.008534863195057377
1047        0.002559576345984108
1048        0.0020520741394527767
1049        0.0037378640776698996
1050        0.014126213592233008
1051        0.002506619593998226
1052        0.0020785525154457148
1053        0.0040556045895851645
1054        0.0064430714916151955
1055        0.005339805825242749
1056        0.001791703442188877
1057        0.00154457193292144
1058        0.001985878199470428
1059        0.0028508384819064363
1060        0.007528684907325715
1061        0.007250661959399828
1062        0.009571932921447507
1063        0.004002647837599284
1064        0.0021006178287731616
1065        0.002294792586054718
1066        0.00241394527802294
1067        0.015141218005295698
1068        0.0058075904677846605
1069        0.012365401588702564
1070        0.009819064430714957
1071        0.006257722859664622
1072        0.0028243601059134956
1073        0.0035525154457193213
1074        0.001469549867608114
1075        0.003662842012356568
1076        0.0036319505736981377
1077        0.0023962930273609805
1078        0.006015004413062663
1079        0.0019549867608119977
1080        0.0029214474845542767
1081        0.0020167696381288534
1082        0.0017961165048543599
1083        0.0031906443071491584
1084        0.0034068843777581553
1085        0.0030582524271844575
1086        0.0011165048543689297
1087        0.0014077669902912585
1088        0.0020388349514563068
1089        0.0014474845542806689
1090        0.0013548102383053792
1091        0.0009267431597528669
1092        0.0009090909090909077
1093        0.003212709620476601
1094        0.003102383053839356
1095        0.003018534863195049
1096        0.001950573698146507
1097        0.0046557811120917815
1098        0.012983230361871139
1099        0.0014210061782877243
1100        0.0076875551632833595
1101        0.003671668137687546
1102        0.0016240070609002627
1103        0.0012400706090026435
1104        0.001981465136804936
1105        0.006394527802294787
1106        0.0010900264783759912
1107        0.0010017652250661944
1108        0.002833186231244477
1109        0.0033142100617828745
1110        0.00267431597528684
1111        0.0022330097087378546
1112        0.004055604589585167
1113        0.005697263901147399
1114        0.004086496028243593
1115        0.002427184466019415
1116        0.005339805825242718
1117        0.0013724624889673409
1118        0.0009399823477493367
1119        0.0009443954104148264
1120        0.0010370697263901126
1121        0.000962047661076786
1122        0.0017784642541924063
1123        0.0009929390997352153
1124        0.00190644307149161
1125        0.0018446601941747554
1126        0.0009532215357458063
1127        0.001760812003530448
1128        0.0022065313327449183
1129        0.0009752868490732553
1130        0.0009488084730803164
1131        0.0016284201235657527
1132        0.0009708737864077653
1133        0.0009311562224183567
