1        0.24687113857016751
2        0.20815533980582512
3        0.26653574580759043
4        0.20763018534863192
5        0.1384466019417476
6        0.21451897616946142
7        0.2240600176522505
8        0.10048984995586936
9        0.2179435127978817
10        0.2428905560458957
11        0.2104015887025595
12        0.1904898499558692
13        0.23285525154457182
14        0.23216240070609004
15        0.19720653133274488
16        0.2787290379523389
17        0.09434245366284207
18        0.20746248896734318
19        0.24002206531332732
20        0.20331421006178277
21        0.2694792586054724
22        0.16409090909090915
23        0.27435127978817286
24        0.24885260370697257
25        0.19720653133274488
26        0.060728155339805884
27        0.1985392762577227
28        0.14108561341571046
29        0.10951456310679611
30        0.22021182700794348
31        0.22406884377758157
32        0.050114739629302754
33        0.1138172992056488
34        0.18201676963812877
35        0.01612091791703437
36        0.021107678729037897
37        0.0287908208296557
38        0.21299205648720182
39        0.26071491615180936
40        0.2289894086496026
41        0.2808517210944396
42        0.2924007060900264
43        0.15640776699029124
44        0.22086054721977053
45        0.24078993821712263
46        0.2470388349514562
47        0.12476169461606347
48        0.11246690203000863
49        0.2682038834951456
50        0.24838923212709585
51        0.18271403353927618
52        0.258909973521624
53        0.045922330097087426
54        0.2622109443954103
55        0.16775816416593106
56        0.2623874669020301
57        0.19078993821712256
58        0.2209929390997352
59        0.1774713150926742
60        0.04908208296557815
61        0.0920300088261253
62        0.22831862312444845
63        0.08186231244483685
64        0.16682700794351285
65        0.12672550750220654
66        0.16523389232127092
67        0.11759929390997355
68        0.14151809355692854
69        0.2041615180935569
70        0.1944616063548102
71        0.15307590467784649
72        0.24180494263018545
73        0.1781729920564872
74        0.2004986760812002
75        0.10625772285966467
76        0.2682303618711387
77        0.11732127096204767
78        0.1266284201235658
79        0.1414165931156222
80        0.22602824360105905
81        0.21506619593998216
82        0.2039099735216239
83        0.11389232127096197
84        0.1804368932038833
85        0.22545454545454535
86        0.14440423654015874
87        0.0951368049426302
88        0.14730361871138578
89        0.08155339805825258
90        0.16898499558693744
91        0.1164298323036188
92        0.10659311562224189
93        0.12352162400706089
94        0.21004413062665483
95        0.07132391879964717
96        0.05720211827007946
97        0.03995586937334506
98        0.049386584289496945
99        0.06001323918799652
100        0.028984995586937293
101        0.12845984112974407
102        0.03049867608120029
103        0.07037069726390129
104        0.19104589585172094
105        0.2989099735216239
106        0.22898940864960274
107        0.19892762577228595
108        0.09964695498676093
109        0.051072374227714074
110        0.14214916151809348
111        0.01431156222418356
112        0.17530450132391873
113        0.15332744924977934
114        0.061818181818181904
115        0.10323036187113857
116        0.25234774933804055
117        0.16448367166813774
118        0.08870255957634607
119        0.12836275375110323
120        0.22103265666372449
121        0.12376434245366288
122        0.1499029126213592
123        0.06531332744925002
124        0.17534863195057362
125        0.13474404236540155
126        0.04089585172109441
127        0.16897175639894088
128        0.27073256840247106
129        0.08330538393645198
130        0.14390556045895841
131        0.15770520741394528
132        0.10010150044130628
133        0.18280670785525158
134        0.2477096204766107
135        0.2522683142100615
136        0.08393203883495154
137        0.250353045013239
138        0.06813768755516353
139        0.061160635481023996
140        0.2587334510150043
141        0.11493380406001767
142        0.20362312444836708
143        0.24275375110326577
144        0.05820829655781118
145        0.21239187996469533
146        0.21882612533097945
147        0.21424536628420124
148        0.16115622241835822
149        0.14528243601059135
150        0.23453221535745805
151        0.047030008826125375
152        0.19315092674315962
153        0.12763901147396303
154        0.04304942630185351
155        0.19781112091791692
156        0.07440864960282446
157        0.18380406001765223
158        0.0921050308914387
159        0.07209179170344243
160        0.023292144748455382
161        0.11713592233009712
162        0.15198587819947035
163        0.11572374227714033
164        0.09598411297440425
165        0.11284201235657551
166        0.1011694616063548
167        0.1221579876434245
168        0.15131067961165048
169        0.0690158870255959
170        0.07640335392762598
171        0.03583406884377754
172        0.05698146513680509
173        0.027162400706090016
174        0.08072815533980597
175        0.022405119152691912
176        0.17454545454545453
177        0.042930273609885286
178        0.06405560458958531
179        0.0773256840247133
180        0.030926743159752836
181        0.12680052956751975
182        0.21792144748455416
183        0.2274889673433361
184        0.1573389232127096
185        0.24127978817299187
186        0.12840247131509264
187        0.1206531332744924
188        0.1307413945278023
189        0.14771403353927626
190        0.10158870255957637
191        0.16603265666372452
192        0.11949691085613418
193        0.18996028243601057
194        0.24008384819064413
195        0.07182700794351285
196        0.2786451897616947
197        0.17998234774933788
198        0.23436010591350384
199        0.14770962047661082
200        0.19777581641659306
201        0.24521182700794353
202        0.1743909973521623
203        0.167577228596646
204        0.2634642541924093
205        0.25475728155339794
206        0.2560856134157103
207        0.17878640776699026
208        0.13978817299205648
209        0.09450132391879969
210        0.23796999117387443
211        0.18493821712268294
212        0.2125463371579875
213        0.2006310679611648
214        0.24168137687555136
215        0.23073256840247136
216        0.2128729037952338
217        0.15800088261253292
218        0.2191129744042365
219        0.23584730803177403
220        0.08706090026478389
221        0.15056487202118263
222        0.16961165048543678
223        0.06338040600176538
224        0.08195057369814662
225        0.023680494263018485
226        0.028009708737864066
227        0.1948367166813769
228        0.1410767872903795
229        0.06206090026478389
230        0.13906884377758166
231        0.16831421006178282
232        0.028587819947043184
233        0.261522506619594
234        0.090692850838482
235        0.16266548984995594
236        0.059029126213592326
237        0.2220653133274492
238        0.1503839364518976
239        0.20842453662841998
240        0.15991615180935564
241        0.25045013239187985
242        0.05151368049426306
243        0.2232789055604588
244        0.07630185348631963
245        0.15625772285966455
246        0.16426743159752857
247        0.037766990291262084
248        0.14775375110326572
249        0.0415578111209179
250        0.14196822594880842
251        0.17548984995586916
252        0.09785083848190652
253        0.01975286849073254
254        0.16330097087378634
255        0.14846866725507502
256        0.10146513680494273
257        0.11870697263901152
258        0.0701632833186232
259        0.190639894086496
260        0.10130185348631944
261        0.015454545454545466
262        0.06724624889673449
263        0.17579435127978812
264        0.06804501323918809
265        0.10775375110326565
266        0.056368049426301935
267        0.18423654015887014
268        0.1966195939982347
269        0.22581641659311547
270        0.1270609002647838
271        0.20722859664607238
272        0.07204766107678753
273        0.07439982347749355
274        0.2559664607237422
275        0.1207105030891438
276        0.13714033539276252
277        0.08572815533980598
278        0.10032656663724636
279        0.11607237422771406
280        0.13569285083848182
281        0.04071491615180936
282        0.1879126213592232
283        0.048106796116504945
284        0.18666813768755508
285        0.08443071491615195
286        0.09091350397175646
287        0.1772374227714034
288        0.06351721094439558
289        0.20908208296557798
290        0.09914386584289504
291        0.19197263901147377
292        0.04916151809355692
293        0.18853045013239178
294        0.021624007060900226
295        0.04394969108561344
296        0.08140335392762589
297        0.10989408649602832
298        0.08221977052074152
299        0.24825684024713163
300        0.14026478375992926
301        0.07515887025595781
302        0.033353927625772245
303        0.21810238305383925
304        0.028927625772285925
305        0.1633936451897617
306        0.1050617828773169
307        0.09822594880847318
308        0.1452736098852604
309        0.029245366284201192
310        0.028936451897616892
311        0.0803574580759048
312        0.0859620476610769
313        0.13418799646954999
314        0.17018976169461594
315        0.08154015887025602
316        0.24755516328331853
317        0.11714916151809358
318        0.01784642541924099
319        0.019421888790820803
320        0.04178287731685787
321        0.19627537511032667
322        0.1968446601941746
323        0.09157987643424549
324        0.12217563989408645
325        0.1500308914386583
326        0.058645189761694666
327        0.22755957634598392
328        0.10886584289496914
329        0.2175816416593114
330        0.11591350397175647
331        0.19821712268314193
332        0.262127096204766
333        0.27605472197705205
334        0.12495586937334505
335        0.2152383053839363
336        0.14778464254192406
337        0.13676081200353044
338        0.15018093556928502
339        0.18240953221535755
340        0.14701676963812885
341        0.23289055604589565
342        0.02243159752868484
343        0.07530008826125342
344        0.16340247131509272
345        0.019602824360105867
346        0.09861871138570173
347        0.11082082965578116
348        0.06607678729037965
349        0.11838040600176514
350        0.0536054721977052
351        0.18873786407767
352        0.12105030891438663
353        0.1348984995586937
354        0.26598852603706974
355        0.24054280670785527
356        0.25083848190644303
357        0.11005295675198593
358        0.16329655781112076
359        0.06325242718446622
360        0.08476169461606363
361        0.20624448367166795
362        0.17803177405119153
363        0.1337246248896734
364        0.14657546337157976
365        0.10067519858782
366        0.0514739629302737
367        0.21315533980582513
368        0.18414827890556043
369        0.11543248014121801
370        0.05389232127096208
371        0.15920564872021176
372        0.1702736098852602
373        0.13300970873786405
374        0.026500441306266484
375        0.05092674315975301
376        0.17428949691085624
377        0.10532215357458086
378        0.2655472197705207
379        0.060498676081200485
380        0.12725507502206526
381        0.223217122683142
382        0.16915710503089143
383        0.14601500441306262
384        0.22960282436010584
385        0.15208737864077673
386        0.15346425419240955
387        0.15737422771403356
388        0.1030317740511916
389        0.22784642541924088
390        0.2342012356575463
391        0.10442630185348635
392        0.18101500441306267
393        0.20036628420123548
394        0.049757281553398085
395        0.07043689320388358
396        0.23616946160635482
397        0.08319505736981479
398        0.10248014121800537
399        0.1460326566637247
400        0.14612533097969985
401        0.22033097969991158
402        0.10537069726390119
403        0.08723742277140355
404        0.16899382171226826
405        0.06704324801412204
406        0.03825684024713145
407        0.15906443071491613
408        0.10394086496028242
409        0.17928949691085594
410        0.1990335392762577
411        0.10591791703442195
412        0.13464254192409525
413        0.1868181818181817
414        0.14591350397175643
415        0.19889673433362756
416        0.12642983230361865
417        0.05687555163283323
418        0.10432921447484574
419        0.08384819064430726
420        0.20241835834068833
421        0.04851721094439546
422        0.09636363636363639
423        0.07431597528684922
424        0.023592233009708707
425        0.12168578993821706
426        0.130198587819947
427        0.10538834951456318
428        0.0500176522506621
429        0.21218887908208298
430        0.1372197705207414
431        0.17603706972639008
432        0.07251103265666384
433        0.08922330097087389
434        0.24243159752868493
435        0.09158428949691101
436        0.05251103265666392
437        0.14048102383053832
438        0.1544616063548101
439        0.22666813768755503
440        0.06326125330979707
441        0.12001765225066212
442        0.04962930273609896
443        0.14457193292144746
444        0.13970432480141207
445        0.10076787290379542
446        0.23779788172992042
447        0.0960105913503972
448        0.04731244483671675
449        0.023406884377758112
450        0.026315092674315928
451        0.10393203883495147
452        0.1959929390997351
453        0.07103706972639035
454        0.19763018534863186
455        0.12169461606354813
456        0.07211827007943525
457        0.14401588702559578
458        0.1410547219770521
459        0.060816416593115645
460        0.16461165048543694
461        0.04428508384819058
462        0.06406001765225071
463        0.021606354810238235
464        0.09497793468667258
465        0.04366284201235657
466        0.1625463371579876
467        0.20124007060900254
468        0.22027802294792573
469        0.03667696381288607
470        0.18731244483671655
471        0.07988526037069743
472        0.1627802294792584
473        0.07028243601059156
474        0.07870697263901172
475        0.13549426301853482
476        0.08423212709620488
477        0.08192850838481924
478        0.035622241835834
479        0.0738570167696383
480        0.09394527802294805
481        0.14475286849073257
482        0.058239187996469655
483        0.15481465136804942
484        0.1497043248014122
485        0.14281112091791706
486        0.11019858781994704
487        0.083296557811121
488        0.017603706972638983
489        0.16193733451015013
490        0.05311562224183589
491        0.05842012356575474
492        0.043923212709620435
493        0.021756398940864913
494        0.022722859664607166
495        0.1397440423654016
496        0.01274051191526922
497        0.05038393645189768
498        0.023565754633715782
499        0.045807590467784626
500        0.1424801412180053
501        0.1471403353927626
502        0.009713150926743205
503        0.16853486319505734
504        0.2334245366284201
505        0.13326566637246243
506        0.06260812003530467
507        0.1301279788172992
508        0.07759488084730809
509        0.058631950573698174
510        0.08314651368049444
511        0.06834951456310687
512        0.12890997352162403
513        0.12223742277140331
514        0.014214474845542821
515        0.07717563989408668
516        0.00849955869373348
517        0.0710944395410416
518        0.11498676081200351
519        0.011747572815533971
520        0.07176522506619606
521        0.07954545454545466
522        0.03503971756398934
523        0.10026478375992941
524        0.07460723742277167
525        0.015383936451897612
526        0.026076787290379454
527        0.04992497793468667
528        0.06800529567519878
529        0.03950573698146506
530        0.01686672550750222
531        0.02632833186231241
532        0.2163195057369813
533        0.05979258605472209
534        0.057228596646072445
535        0.03541924095322146
536        0.03866284201235651
537        0.032546337157987604
538        0.097396293027361
539        0.05911738746690221
540        0.07988526037069747
541        0.09324360105913511
542        0.1840511915269196
543        0.19286849073256854
544        0.0238128861429832
545        0.16706531332744926
546        0.07031774051191537
547        0.031209179170344173
548        0.041619593998234755
549        0.15307149161518085
550        0.022180052956751913
551        0.07371138570167718
552        0.21955428067078514
553        0.07210503089143877
554        0.16768314210061785
555        0.10098852603706975
556        0.04628420123565756
557        0.0717961165048546
558        0.09056045895851722
559        0.06864960282436022
560        0.03257281553398053
561        0.030247131509267392
562        0.1410150044130626
563        0.09260812003530468
564        0.18428508384819067
565        0.10359664607237427
566        0.06068402471315096
567        0.06966460723742292
568        0.1809664607237422
569        0.09576345984112981
570        0.030547219770520672
571        0.1877669902912622
572        0.06484995586937342
573        0.22161076787290374
574        0.0741129744042367
575        0.02010591350397171
576        0.037109443954104086
577        0.03164607237422766
578        0.2316416593115623
579        0.03176522506619586
580        0.04299646954986755
581        0.07852162400706102
582        0.04567519858781994
583        0.02296116504854363
584        0.16495145631067953
585        0.19007502206531318
586        0.12589143865842886
587        0.035842894969108544
588        0.20677846425419222
589        0.04491615180935565
590        0.21445278022947922
591        0.21037511032656644
592        0.16445719329214487
593        0.08964254192409533
594        0.19208737864077666
595        0.09221977052074136
596        0.08578552515445731
597        0.040842894969108486
598        0.1129258605472198
599        0.14710061782877315
600        0.07489408649602837
601        0.07667255075022078
602        0.06344218887908218
603        0.11597087378640777
604        0.07265666372462501
605        0.035397175639894
606        0.07121800529567532
607        0.09782877316857902
608        0.04787731685789938
609        0.02987202118270076
610        0.04471315092674311
611        0.07378640776699044
612        0.07103265666372464
613        0.017299205648720214
614        0.07036187113857033
615        0.0009620476610767856
616        0.013142100617828762
617        0.05612091791703453
618        0.013424536628420131
619        0.013283318623124455
620        0.032621359223300915
621        0.05743159752868503
622        0.07133274492497806
623        0.05248896734333644
624        0.057396293027361114
625        0.059730803177405256
626        0.027096204766107603
627        0.012294792586054738
628        0.016584289496910806
629        0.08890556045895863
630        0.03788614298323031
631        0.031235657546337118
632        0.07243601059135055
633        0.1183936451897617
634        0.055692850838481966
635        0.002533097969991167
636        0.028353927625772265
637        0.016341571050308874
638        0.08279788172992067
639        0.01738746690202997
640        0.055609002647837684
641        0.11850838481906456
642        0.1553530450132391
643        0.082440423654016
644        0.03070167696381284
645        0.06719770520741412
646        0.06323036187113866
647        0.09264342453662852
648        0.14318623124448365
649        0.1478420123565755
650        0.16196822594880855
651        0.05445719329214481
652        0.06104589585172121
653        0.023442188879082063
654        0.15046778464254193
655        0.03197705207413939
656        0.11758605472197708
657        0.08506619593998238
658        0.08591791703442204
659        0.07480141218005308
660        0.18530008826125344
661        0.07412621359223316
662        0.12880406001765224
663        0.11086054721977061
664        0.0338879082082965
665        0.028839364518976097
666        0.06558252427184487
667        0.021659311562224136
668        0.08239629302736111
669        0.06490291262135933
670        0.014064430714916143
671        0.0992541924095322
672        0.06702559576345998
673        0.030675198587819905
674        0.02337599293909974
675        0.06774492497793477
676        0.05053398058252436
677        0.13734333627537507
678        0.05154898499558715
679        0.02859664607237415
680        0.08630185348631966
681        0.022007943512797824
682        0.02863636363636359
683        0.015538393645189701
684        0.010242718446601969
685        0.014598411297440366
686        0.03333627537511027
687        0.1594483671668138
688        0.09539717563989406
689        0.05050750220653136
690        0.009642541924095346
691        0.13838040600176524
692        0.12307590467784657
693        0.08309355692850855
694        0.09353045013239202
695        0.1699205648720212
696        0.0866328331862314
697        0.07622683142100632
698        0.18703000882612514
699        0.08605913503971765
700        0.067440423654016
701        0.07342012356575474
702        0.06959841129744054
703        0.038014121800529495
704        0.0771888790820831
705        0.13031774051191525
706        0.08933362753751105
707        0.10454104148278917
708        0.04911738746690209
709        0.13813768755516329
710        0.05516769638128869
711        0.1258031774051192
712        0.05380406001765239
713        0.04290820829655776
714        0.020626654898499543
715        0.08433804060017663
716        0.019783759929391007
717        0.01356575463371579
718        0.03704766107678725
719        0.06635039717564005
720        0.07635922330097107
721        0.060255957634598484
722        0.02623565754633709
723        0.053777581641659425
724        0.18751103265666383
725        0.20112091791703446
726        0.21478375992939078
727        0.04039276257722861
728        0.021566637246248875
729        0.16142541924095322
730        0.19497793468667243
731        0.060291262135922376
732        0.013093556928508394
733        0.00939982347749343
734        0.02838040600176519
735        0.027175639894086463
736        0.10169020300088263
737        0.05444395410414835
738        0.020935569285083777
739        0.04379082082965577
740        0.02250220653133268
741        0.054430714916151854
742        0.055366284201235724
743        0.13872903795233885
744        0.11895851721094441
745        0.0846557811120919
746        0.09072815533980597
747        0.100242718446602
748        0.09565313327449251
749        0.04766107678729042
750        0.09904677846425429
751        0.005551632833186264
752        0.045631067961165034
753        0.04558252427184462
754        0.027753751103265598
755        0.043503971756398974
756        0.18711827007943507
757        0.09116504854368944
758        0.005573698146513731
759        0.004139452780229474
760        0.01687555163283313
761        0.07715357458075912
762        0.029819064430714862
763        0.026116504854368873
764        0.02024271844660191
765        0.09338923212709621
766        0.04483671668137689
767        0.0698499558693735
768        0.009735216240070666
769        0.1233186231244483
770        0.06928067078552524
771        0.026632833186231223
772        0.07560017652250675
773        0.035229479258605395
774        0.02654898499558689
775        0.20662400706090023
776        0.029452780229479173
777        0.0572903795233895
778        0.02122683142100615
779        0.03344218887908201
780        0.16162400706090022
781        0.08646513680494282
782        0.007868490732568416
783        0.09140776699029125
784        0.11635922330097082
785        0.020719329214474853
786        0.14844660194174755
787        0.03680935569285076
788        0.16329655781112087
789        0.013067078552515479
790        0.06411297440423672
791        0.022881729920564822
792        0.09783318623124454
793        0.05181818181818189
794        0.030414827890555985
795        0.057387466902030095
796        0.06352603706972655
797        0.03582524271844654
798        0.038786407766990244
799        0.031050308914386496
800        0.02578552515445716
801        0.04371579876434246
802        0.03960282436010587
803        0.011849073256840264
804        0.016412180052956755
805        0.0053353927625772535
806        0.04568402471315095
807        0.021275375110326546
808        0.0766548984995588
809        0.09639894086496038
810        0.05272727272727283
811        0.05098411297440431
812        0.05157546337157992
813        0.04453662842012353
814        0.028159752868490692
815        0.03323477493380403
816        0.0740467784642543
817        0.04515445719329217
818        0.04364960282436006
819        0.07099293909973534
820        0.02290379523389227
821        0.057546337157987806
822        0.04456751985878198
823        0.03529567519858775
824        0.06287290379523394
825        0.03425419240953215
826        0.04055604589585169
827        0.06974845542806728
828        0.003958517210944387
829        0.0523433362753752
830        0.037378640776698974
831        0.07332303618711417
832        0.008398058252427232
833        0.12468667255075021
834        0.07400706090026488
835        0.02210503089143865
836        0.10127978817299214
837        0.03283759929390992
838        0.06943954104148294
839        0.0433759929390997
840        0.06780670785525159
841        0.018574580759046767
842        0.012263901147396299
843        0.01962047661076782
844        0.05693733451015012
845        0.005829655781112097
846        0.06748896734333636
847        0.054368932038835124
848        0.07418358340688443
849        0.08519417475728161
850        0.007210944395410432
851        0.0618799646954989
852        0.013287731685789925
853        0.0633362753751105
854        0.02787731685789932
855        0.03727272727272723
856        0.016218005295675207
857        0.01281994704324804
858        0.011641659311562249
859        0.10182259488084744
860        0.0528022947925861
861        0.04577228596646073
862        0.0041350397175639805
863        0.03514563106796109
864        0.04683142100617834
865        0.021473962930273566
866        0.04584730803177412
867        0.005052956751985877
868        0.07017652250661971
869        0.05906001765225073
870        0.08421888790820836
871        0.037215357458075866
872        0.041747572815533936
873        0.016376875551632804
874        0.04545454545454545
875        0.04027802294792584
876        0.014523389232127098
877        0.022100617828773123
878        0.037281553398058206
879        0.047965578111209196
880        0.021310679611650438
881        0.017881729920564873
882        0.020856134157105015
883        0.025706090026478345
884        0.1532127096204765
885        0.15332744924977926
886        0.15703000882612525
887        0.14357899382171227
888        0.14240953221535746
889        0.07336716681376897
890        0.12324360105913501
891        0.0932038834951458
892        0.15276699029126214
893        0.08729037952338933
894        0.08125772285966475
895        0.11229920564872022
896        0.07468225948808487
897        0.003923212709620469
898        0.03986319505736976
899        0.02002206531332744
900        0.024664607237422774
901        0.01025595763459841
902        0.061275375110326644
903        0.013446601941747573
904        0.045631067961165055
905        0.04834510150044135
906        0.004170344218887901
907        0.03906001765225062
908        0.08786407766990303
909        0.010233892321270983
910        0.03612091791703436
911        0.014646954986760828
912        0.07436010591350403
913        0.02219329214474842
914        0.061818181818181994
915        0.05303618711385715
916        0.008442188879082107
917        0.024766107678728985
918        0.007219770520741426
919        0.04424977934686668
920        0.08392321270962061
921        0.03938658428949681
922        0.04408208296557816
923        0.05061341571050316
924        0.03345542806707849
925        0.023676081200352986
926        0.015198587819947065
927        0.01907325684024712
928        0.030873786407766956
929        0.05428508384819067
930        0.046990291262135955
931        0.01618711385701676
932        0.04201676963812883
933        0.03074139452780224
934        0.018662842012356524
935        0.04755516328331862
936        0.053490732568402616
937        0.06495586937334526
938        0.05391438658428961
939        0.026416593115622184
940        0.06494704324801426
941        0.023371579876434203
942        0.044474845542806694
943        0.040745807590467725
944        0.03727272727272721
945        0.0994969108561342
946        0.0710988526037072
947        0.00983671668137693
948        0.006650485436893222
949        0.006791703442188882
950        0.026685789938217064
951        0.028327449249779278
952        0.05908649602824374
953        0.08368049426301853
954        0.07541041482789068
955        0.0178684907325684
956        0.02058693733451011
957        0.09014121800529573
958        0.06985878199470448
959        0.023676081200352965
960        0.03620035304501318
961        0.03607237422771394
962        0.06587819947043258
963        0.036173874669020244
964        0.020834068843777538
965        0.05247131509267434
966        0.024708737864077658
967        0.03249779346866721
968        0.02861429832303613
969        0.025670785525154415
970        0.0074139452780229795
971        0.011721094439541058
972        0.008477493380406072
973        0.00787290379523392
974        0.03061341571050304
975        0.03860105913503962
976        0.08105030891438672
977        0.014960282436010537
978        0.05256398940864971
979        0.018865842894969106
980        0.048640776699029116
981        0.08002647837599305
982        0.04830538393645201
983        0.1049073256840247
984        0.012815533980582544
985        0.037586054721977014
986        0.04991615180935569
987        0.03680052956751981
988        0.022228596646072334
989        0.029007060900264725
990        0.038923212709620396
991        0.01818181818181814
992        0.04095322153574576
993        0.04083406884377751
994        0.0198102383053839
995        0.09185348631950584
996        0.07038834951456317
997        0.009854368932038856
998        0.010551632833186258
999        0.019483671668137668
1000        0.012268314210061826
1001        0.06281553398058257
1002        0.026747572815533957
1003        0.04277140335392758
1004        0.03795675198587814
1005        0.042881729920564805
1006        0.021054721977052018
1007        0.044201235657546335
1008        0.015873786407766977
1009        0.04689761694616061
1010        0.06062224183583421
1011        0.0240158870255957
1012        0.02315533980582517
1013        0.03806266548984989
1014        0.025794351279788102
1015        0.012528684907325727
1016        0.031050308914386565
1017        0.015233892321270983
1018        0.0025419240953221517
1019        0.01166813768755517
1020        0.04048984995586933
1021        0.013230361871138619
1022        0.03189761694616056
1023        0.03035304501323915
1024        0.029112974404236477
1025        0.027056487202118208
1026        0.06146072374227725
1027        0.03485436893203877
1028        0.0059664607237423116
1029        0.007325684024713198
1030        0.012727272727272752
1031        0.019744042365401556
1032        0.04333186231244485
1033        0.017312444836716703
1034        0.05736981465136817
1035        0.059916151809355764
1036        0.021262135922330047
1037        0.043530450132391894
1038        0.05105030891438666
1039        0.03873786407766986
1040        0.009271844660194215
1041        0.030825242718446572
1042        0.021778464254192376
1043        0.03986760812003525
1044        0.008949691085613472
1045        0.024355692850838478
1046        0.018556928508384786
1047        0.013671668137687555
1048        0.005622241835834061
1049        0.013486319505736987
1050        0.04582524271844658
1051        0.020392762577228562
1052        0.002630185348631941
1053        0.024452780229479228
1054        0.025079435127978802
1055        0.023468667255074953
1056        0.003009708737864074
1057        0.019669020300088255
1058        0.010767872903795257
1059        0.01337157987643428
1060        0.019015887025595705
1061        0.028053839364518947
1062        0.02117828773168577
1063        0.013181818181818208
1064        0.00248014121800529
1065        0.007625772285966464
1066        0.023495145631067957
1067        0.04407766990291259
1068        0.027060900264783708
1069        0.03203000882612531
1070        0.023327449249779333
1071        0.02449249779346863
1072        0.0026301853486319486
1073        0.023128861429832233
1074        0.017872903795233878
1075        0.019293909973521574
1076        0.005406001765225072
1077        0.011500441306266557
1078        0.019474845542806714
1079        0.01550308914386586
1080        0.016451897616946164
1081        0.01167696381288614
1082        0.014991173874669004
1083        0.00994704324801416
1084        0.01904236540158869
1085        0.008265666372462533
1086        0.013909973521624026
1087        0.008773168578993854
1088        0.010635481023830577
1089        0.01356134157105029
1090        0.017347749338040584
1091        0.002281553398058245
1092        0.0041350397175639805
1093        0.008084730803177436
1094        0.008936451897616987
1095        0.01473962930273612
1096        0.0071138570167696815
1097        0.019744042365401577
1098        0.05654015887025597
1099        0.0009488084730803162
1100        0.0327537511032656
1101        0.009924977934686708
1102        0.015781112091791685
1103        0.0026919682259488008
1104        0.0010194174757281538
1105        0.03312003530450127
1106        0.007259488084730829
1107        0.008208296557811152
1108        0.010154457193292166
1109        0.014880847308031757
1110        0.012157987643424581
1111        0.013261253309796972
1112        0.030419240953221495
1113        0.021182700794351254
1114        0.0070609002647837975
1115        0.005710503089143872
1116        0.011888790820829635
1117        0.011293027360988554
1118        0.0025286849073256827
1119        0.005392762577228619
1120        0.005653133274492499
1121        0.0019064430714916059
1122        0.0042762577228596605
1123        0.0026478375992939045
1124        0.008746690203000925
1125        0.000979699911738745
1126        0.0024977934686672473
1127        0.003640776699029123
1128        0.007462488967343402
1129        0.0009620476610767861
1130        0.0010105913503971743
1131        0.0010635481023830516
1132        0.0010503089143865823
1133        0.0009664607237422761
