1        0.284748455428
2        0.257912621359
3        0.318230361871
4        0.253102383054
5        0.185966460724
6        0.250538393645
7        0.270551632833
8        0.147608120035
9        0.250754633716
10        0.280556045896
11        0.253932038835
12        0.230335392763
13        0.268781994704
14        0.260816416593
15        0.205511915269
16        0.328270079435
17        0.126315092674
18        0.260710503089
19        0.274095322154
20        0.258433362754
21        0.315013239188
22        0.224642541924
23        0.321716681377
24        0.312290379523
25        0.224399823477
26        0.0857193292145
27        0.22880847308
28        0.163755516328
29        0.142630185349
30        0.250414827891
31        0.270052956752
32        0.0596866725508
33        0.133075904678
34        0.234977934687
35        0.0278420123566
36        0.0301235657546
37        0.0336496028244
38        0.27905560459
39        0.286222418358
40        0.282789055605
41        0.317815533981
42        0.327096204766
43        0.15907325684
44        0.243914386584
45        0.286844660194
46        0.306932921447
47        0.125657546337
48        0.146699029126
49        0.320353045013
50        0.298799646955
51        0.228473080318
52        0.300754633716
53        0.0600573698147
54        0.312758164166
55        0.202325684025
56        0.31039717564
57        0.255035304501
58        0.280008826125
59        0.225785525154
60        0.0572815533981
61        0.154872021183
62        0.276054721977
63        0.147016769638
64        0.21178729038
65        0.184430714916
66        0.213839364519
67        0.169373345102
68        0.184739629303
69        0.258473080318
70        0.231509267432
71        0.18652250662
72        0.268702559576
73        0.215044130627
74        0.237775816417
75        0.123106796117
76        0.312616946161
77        0.139329214475
78        0.177078552515
79        0.178248014122
80        0.268773168579
81        0.272621359223
82        0.262219770521
83        0.104165931156
84        0.230847308032
85        0.2396690203
86        0.195158870256
87        0.137683142101
88        0.177643424537
89        0.103323036187
90        0.199730803177
91        0.143693733451
92        0.128773168579
93        0.159805825243
94        0.246147396293
95        0.103795233892
96        0.0946381288614
97        0.0507281553398
98        0.0455119152692
99        0.0940291262136
100        0.0540247131509
101        0.169858781995
102        0.03253309797
103        0.12713592233
104        0.231959399823
105        0.329510150044
106        0.272493380406
107        0.236337157988
108        0.173446601942
109        0.0676345984113
110        0.182987643425
111        0.0292674315975
112        0.214342453663
113        0.189960282436
114        0.0810547219771
115        0.143834951456
116        0.305851721094
117        0.2156619594
118        0.102241835834
119        0.110026478376
120        0.264620476611
121        0.142546337158
122        0.184329214475
123        0.119518976169
124        0.210670785525
125        0.172656663725
126        0.0434421888791
127        0.221597528685
128        0.313000882613
129        0.112678729038
130        0.177868490733
131        0.22306266549
132        0.156849073257
133        0.195304501324
134        0.291990291262
135        0.296376875552
136        0.133340688438
137        0.29680494263
138        0.0822330097087
139        0.0758384819064
140        0.290600176523
141        0.142956751986
142        0.265494263019
143        0.288384819064
144        0.0909399823477
145        0.248150926743
146        0.283080317741
147        0.250044130627
148        0.200075022065
149        0.203120035305
150        0.248680494263
151        0.05733451015
152        0.245022065313
153        0.194889673433
154        0.0741173874669
155        0.219819064431
156        0.120847308032
157        0.204426301853
158        0.0954104148279
159        0.0520653133274
160        0.0394174757282
161        0.151566637246
162        0.175194174757
163        0.159161518094
164        0.109015887026
165        0.157188879082
166        0.126535745808
167        0.144823477493
168        0.194532215357
169        0.106165048544
170        0.0961297440424
171        0.0656090026478
172        0.0739761694616
173        0.0301015004413
174        0.107016769638
175        0.0258781994704
176        0.23960282436
177        0.0552780229479
178        0.116548984996
179        0.0930494263019
180        0.0498587819947
181        0.141421006178
182        0.287939099735
183        0.299827890556
184        0.168795233892
185        0.281822594881
186        0.162669902913
187        0.148362753751
188        0.17160635481
189        0.15581200353
190        0.139333627538
191        0.188870255958
192        0.147722859665
193        0.236262135922
194        0.266297440424
195        0.0844130626655
196        0.319060017652
197        0.20147396293
198        0.295039717564
199        0.20812886143
200        0.237259488085
201        0.309386584289
202        0.215670785525
203        0.233534863195
204        0.319042365402
205        0.284969108561
206        0.286981465137
207        0.227012356575
208        0.18180494263
209        0.131301853486
210        0.282736098853
211        0.217162400706
212        0.267157987643
213        0.249576345984
214        0.276103265666
215        0.294655781112
216        0.260163283319
217        0.222378640777
218        0.258287731686
219        0.279333627538
220        0.111112091792
221        0.197978817299
222        0.195834068844
223        0.0691703442189
224        0.0746337157988
225        0.0335613415711
226        0.0321977052074
227        0.235516328332
228        0.205569285084
229        0.0796822594881
230        0.188618711386
231        0.183349514563
232        0.0593203883495
233        0.316747572816
234        0.144664607237
235        0.204086496028
236        0.0675022065313
237        0.275834068844
238        0.175189761695
239        0.26107678729
240        0.210361871139
241        0.283848190644
242        0.076134157105
243        0.27680494263
244        0.0944218887908
245        0.199143865843
246        0.233786407767
247        0.0685172109444
248        0.185573698147
249        0.0364563106796
250        0.185229479259
251        0.216398940865
252        0.105022065313
253        0.0441924095322
254        0.209298323036
255        0.21612533098
256        0.116544571933
257        0.179607237423
258        0.100864960282
259        0.232978817299
260        0.131725507502
261        0.0315887025596
262        0.100348631951
263        0.223380406002
264        0.0962621359223
265        0.104726390115
266        0.112992056487
267        0.223296557811
268        0.254991173875
269        0.264479258605
270        0.176875551633
271        0.245044130627
272        0.0682082965578
273        0.0952912621359
274        0.285556045896
275        0.165300088261
276        0.18594439541
277        0.125317740512
278        0.12552956752
279        0.119796999117
280        0.15134157105
281        0.0532568402471
282        0.222528684907
283        0.0704324801412
284        0.242396293027
285        0.127488967343
286        0.112727272727
287        0.191760812004
288        0.0415931156222
289        0.237647837599
290        0.118817299206
291        0.215922330097
292        0.0683715798764
293        0.224629302736
294        0.00917917034422
295        0.0657325684025
296        0.10006619594
297        0.142175639894
298        0.107802294793
299        0.294973521624
300        0.184466019417
301        0.0689938217123
302        0.0320520741395
303        0.272546337158
304        0.0409267431598
305        0.212912621359
306        0.137418358341
307        0.119664607237
308        0.175282436011
309        0.0655163283319
310        0.0415578111209
311        0.106584289497
312        0.116094439541
313        0.180604589585
314        0.217285966461
315        0.125719329214
316        0.288804060018
317        0.157815533981
318        0.0312709620477
319        0.0297484554281
320        0.0756090026478
321        0.198826125331
322        0.251116504854
323        0.109461606355
324        0.173221535746
325        0.184236540159
326        0.0587157987643
327        0.289293909974
328        0.161509267432
329        0.254805825243
330        0.183120035305
331        0.239792586055
332        0.30546337158
333        0.319099735216
334        0.174907325684
335        0.252462488967
336        0.156226831421
337        0.150388349515
338        0.194514563107
339        0.215741394528
340        0.212524271845
341        0.27667255075
342        0.0232524271845
343        0.0943380406002
344        0.223954104148
345        0.0297661076787
346        0.162683142101
347        0.122030008826
348        0.102625772286
349        0.130110326567
350        0.076253309797
351        0.216857899382
352        0.18700353045
353        0.166610767873
354        0.308009708738
355        0.283737864078
356        0.273243601059
357        0.120917917034
358        0.221345984113
359        0.0807325684025
360        0.110613415711
361        0.244872021183
362        0.186681376876
363        0.173371579876
364        0.197047661077
365        0.126999117387
366        0.0832612533098
367        0.269174757282
368        0.25259929391
369        0.167555163283
370        0.0691615180936
371        0.21940423654
372        0.211266548985
373        0.171743159753
374        0.0417828773169
375        0.0957987643425
376        0.208949691086
377        0.111434245366
378        0.306213592233
379        0.0969064430715
380        0.155247131509
381        0.261650485437
382        0.193684907326
383        0.190798764342
384        0.25081200353
385        0.204099735216
386        0.214015887026
387        0.191575463372
388        0.162122683142
389        0.261015004413
390        0.279426301853
391        0.111090026478
392        0.204108561342
393        0.249302736099
394        0.0719152691968
395        0.0970344218888
396        0.300388349515
397        0.138455428067
398        0.131782877317
399        0.175970873786
400        0.171359223301
401        0.244373345102
402        0.147691968226
403        0.121006178288
404        0.207524271845
405        0.0980935569285
406        0.052519858782
407        0.169104148279
408        0.12259929391
409        0.223768755516
410        0.259457193292
411        0.134064430715
412        0.192219770521
413        0.232281553398
414        0.16581200353
415        0.231831421006
416        0.159642541924
417        0.116919682259
418        0.136253309797
419        0.11773168579
420        0.218208296558
421        0.0638305383936
422        0.10046337158
423        0.0924624889673
424        0.0267872903795
425        0.15960282436
426        0.133534863195
427        0.154885260371
428        0.0778420123566
429        0.256924095322
430        0.169267431598
431        0.19953662842
432        0.108729037952
433        0.117475728155
434        0.295472197705
435        0.123711385702
436        0.07506619594
437        0.156941747573
438        0.205741394528
439        0.269104148279
440        0.0795278022948
441        0.152365401589
442        0.0934466019417
443        0.186849073257
444        0.171416593116
445        0.125207413945
446        0.259805825243
447        0.128428949691
448        0.0778243601059
449        0.0354942630185
450        0.0281685789938
451        0.111509267432
452        0.252378640777
453        0.0958384819064
454        0.226584289497
455        0.140317740512
456        0.114448367167
457        0.168645189762
458        0.171862312445
459        0.0878111209179
460        0.193442188879
461        0.0488967343336
462        0.0773389232127
463        0.0270609002648
464        0.134082082966
465        0.0711562224184
466        0.212762577229
467        0.220348631951
468        0.275119152692
469        0.0578684907326
470        0.216734333628
471        0.0720962047661
472        0.202784642542
473        0.0720035304501
474        0.083892321271
475        0.153451015004
476        0.120353045013
477        0.111601941748
478        0.0430979699912
479        0.109077669903
480        0.125176522507
481        0.175370697264
482        0.0775110326567
483        0.166650485437
484        0.178027360989
485        0.171098852604
486        0.101800529568
487        0.158909973522
488        0.0272727272727
489        0.189249779347
490        0.0458561341571
491        0.0775904677846
492        0.0712356575463
493        0.0209708737864
494        0.0403751103266
495        0.160361871139
496        0.0183362753751
497        0.0719814651368
498        0.0527096204766
499        0.094814651368
500        0.170251544572
501        0.178349514563
502        0.0140864960282
503        0.199986760812
504        0.280688437776
505        0.142793468667
506        0.106006178288
507        0.15326125331
508        0.138905560459
509        0.0866637246249
510        0.126888790821
511        0.0942497793469
512        0.148759929391
513        0.134774933804
514        0.0180406001765
515        0.0974183583407
516        0.016385701677
517        0.0830582524272
518        0.196019417476
519        0.0152471315093
520        0.122303618711
521        0.117621359223
522        0.0559223300971
523        0.136985878199
524        0.0755030891439
525        0.0245498676081
526        0.0233053839365
527        0.0790026478376
528        0.0847352162401
529        0.0494174757282
530        0.0377449249779
531        0.0300573698147
532        0.252330097087
533        0.0733759929391
534        0.0753927625772
535        0.0519902912621
536        0.0590644307149
537        0.0479788172992
538        0.122444836717
539        0.0736496028244
540        0.108314210062
541        0.0921712268314
542        0.241425419241
543        0.259214474846
544        0.0342056487202
545        0.194285083848
546        0.078640776699
547        0.0616946160635
548        0.0558075904678
549        0.197131509267
550        0.0329390997352
551        0.128058252427
552        0.289885260371
553        0.0852294792586
554        0.220692850838
555        0.147705207414
556        0.0620697263901
557        0.0899646954987
558        0.118706972639
559        0.070039717564
560        0.0420741394528
561        0.0290644307149
562        0.200269196823
563        0.112303618711
564        0.248133274492
565        0.156165048544
566        0.0823565754634
567        0.0712488967343
568        0.211593115622
569        0.129377758164
570        0.0363812886143
571        0.215335392763
572        0.0809620476611
573        0.243111209179
574        0.0823521624007
575        0.0144880847308
576        0.0684774933804
577        0.0458031774051
578        0.275163283319
579        0.0614960282436
580        0.0428596646072
581        0.11154015887
582        0.0573389232127
583        0.0227228596646
584        0.184263018535
585        0.245194174757
586        0.121288614298
587        0.0439496910856
588        0.250207413945
589        0.0679699911739
590        0.217577228597
591        0.252458075905
592        0.198314210062
593        0.125472197705
594        0.223000882613
595        0.10821270962
596        0.11880847308
597        0.0490776699029
598        0.153671668138
599        0.168781994704
600        0.117674315975
601        0.0980670785525
602        0.0939982347749
603        0.149112974404
604        0.106045895852
605        0.0667961165049
606        0.110339805825
607        0.126394527802
608        0.0701941747573
609        0.034827890556
610        0.0783980582524
611        0.0667519858782
612        0.108693733451
613        0.0329346866726
614        0.0695939982348
615        0.0160370697264
616        0.00822153574581
617        0.0531112091792
618        0.0111518093557
619        0.0126831421006
620        0.0435172109444
621        0.0864651368049
622        0.0867519858782
623        0.086306266549
624        0.0896778464254
625        0.0845145631068
626        0.0325110326567
627        0.0302118270079
628        0.0115357458076
629        0.10546337158
630        0.0580317740512
631        0.0452559576346
632        0.0912621359223
633        0.162052074139
634        0.0647043248014
635        0.00757722859665
636        0.0553353927626
637        0.0113901147396
638        0.121460723742
639        0.0368270079435
640        0.0813768755516
641        0.150004413063
642        0.171072374228
643        0.114293909974
644        0.0341085613416
645        0.0816372462489
646        0.0726081200353
647        0.125900264784
648        0.166875551633
649        0.163199470432
650        0.191398940865
651        0.0478199470432
652        0.0713548102383
653        0.042427184466
654        0.157241835834
655        0.047506619594
656        0.147338923213
657        0.111398940865
658        0.0906972639011
659        0.103804060018
660        0.227343336275
661        0.105436893204
662        0.160194174757
663        0.147480141218
664        0.0498720211827
665        0.0382038834951
666        0.091134157105
667        0.0316372462489
668        0.0941571050309
669        0.0894880847308
670        0.0163503971756
671        0.107727272727
672        0.096306266549
673        0.0345895851721
674        0.0222506619594
675        0.0857281553398
676        0.0553265666372
677        0.161509267432
678        0.0733406884378
679        0.0367166813769
680        0.0844218887908
681        0.0284068843778
682        0.0229655781112
683        0.0238349514563
684        0.0160591350397
685        0.0229479258605
686        0.0525286849073
687        0.226337157988
688        0.120061782877
689        0.0627978817299
690        0.0268270079435
691        0.155542806708
692        0.166054721977
693        0.0852206531333
694        0.120653133274
695        0.194382171227
696        0.120939982348
697        0.104739629303
698        0.222943512798
699        0.112780229479
700        0.0922594880847
701        0.0747043248014
702        0.0855163283319
703        0.0571844660194
704        0.107511032657
705        0.120970873786
706        0.122427184466
707        0.0954368932039
708        0.0590644307149
709        0.173375992939
710        0.0848764342454
711        0.173623124448
712        0.0651985878199
713        0.0599823477493
714        0.020145631068
715        0.104911738747
716        0.0335922330097
717        0.0145675198588
718        0.057413945278
719        0.0881729920565
720        0.0731067961165
721        0.0996293027361
722        0.0412753751103
723        0.0824448367167
724        0.233561341571
725        0.259593998235
726        0.26006619594
727        0.0536760812004
728        0.051081200353
729        0.217458075905
730        0.228495145631
731        0.0691791703442
732        0.0217652250662
733        0.00637687555163
734        0.0308737864078
735        0.0285436893204
736        0.0925286849073
737        0.0758914386584
738        0.0285260370697
739        0.0443468667255
740        0.0335569285084
741        0.0880317740512
742        0.0954060017652
743        0.165516328332
744        0.123455428067
745        0.126403353928
746        0.114002647838
747        0.12407325684
748        0.142842012357
749        0.0727537511033
750        0.116218005296
751        0.0215004413063
752        0.0541394527802
753        0.0381023830538
754        0.0388834951456
755        0.0406398940865
756        0.238556928508
757        0.121663724625
758        0.00263901147396
759        0.00789496910856
760        0.00642100617829
761        0.0976301853486
762        0.0476610767873
763        0.0377360988526
764        0.0364298323036
765        0.118503971756
766        0.0615225066196
767        0.124068843778
768        0.016173874669
769        0.145022065313
770        0.0824227714034
771        0.0315710503089
772        0.0696734333628
773        0.0399426301853
774        0.0466284201236
775        0.201566637246
776        0.0426963812886
777        0.0659885260371
778        0.0332347749338
779        0.0340556045896
780        0.209589585172
781        0.09746690203
782        0.0304942630185
783        0.131924095322
784        0.165317740512
785        0.0230891438658
786        0.168781994704
787        0.049920564872
788        0.180714916152
789        0.0190953221536
790        0.107855251545
791        0.0290423654016
792        0.12339364519
793        0.061359223301
794        0.046213592233
795        0.0680891438658
796        0.0597881729921
797        0.0527316857899
798        0.0389452780229
799        0.0212444836717
800        0.0266637246249
801        0.0533627537511
802        0.0579479258605
803        0.0226081200353
804        0.0248984995587
805        0.0076081200353
806        0.0610282436011
807        0.0383318623124
808        0.0937819947043
809        0.104280670786
810        0.0773654015887
811        0.0828508384819
812        0.0671138570168
813        0.0599646954987
814        0.0297925860547
815        0.0530626654899
816        0.114973521624
817        0.0895366284201
818        0.053614298323
819        0.0952515445719
820        0.0273786407767
821        0.0752824360106
822        0.091372462489
823        0.0281200353045
824        0.114593998235
825        0.0381906443071
826        0.0388702559576
827        0.101641659312
828        0.0110856134157
829        0.0800044130627
830        0.0265401588703
831        0.0875772285966
832        0.0110414827891
833        0.152237422771
834        0.114593998235
835        0.0349161518094
836        0.10726831421
837        0.0448720211827
838        0.0803398058252
839        0.0397881729921
840        0.0694042365402
841        0.0162842012357
842        0.0172594880847
843        0.0327669902913
844        0.0609355692851
845        0.0132082965578
846        0.0746690203001
847        0.0740776699029
848        0.120061782877
849        0.120308914387
850        0.0197263901147
851        0.06266548985
852        0.0245101500441
853        0.0746381288614
854        0.0492630185349
855        0.0533848190644
856        0.00738305383936
857        0.0130273609885
858        0.0222462488967
859        0.132934686673
860        0.0863680494263
861        0.0695322153575
862        0.00605472197705
863        0.0312886142983
864        0.0659223300971
865        0.0297352162401
866        0.0452250661959
867        0.0126037069726
868        0.0953265666372
869        0.0767917034422
870        0.132162400706
871        0.0208428949691
872        0.0650088261253
873        0.0351147396293
874        0.0817431597529
875        0.0537113857017
876        0.0247705207414
877        0.033706972639
878        0.0726831421006
879        0.0670564872021
880        0.0194263018535
881        0.0518623124448
882        0.0424889673433
883        0.033601059135
884        0.190648720212
885        0.194064430715
886        0.181231244484
887        0.191849073257
888        0.171359223301
889        0.0728464254192
890        0.158464254192
891        0.117969991174
892        0.183843777582
893        0.0904148278906
894        0.101240070609
895        0.15706972639
896        0.116173874669
897        0.000957634598411
898        0.0457413945278
899        0.0241394527802
900        0.0281685789938
901        0.0145586937335
902        0.0556531332745
903        0.0290026478376
904        0.0598190644307
905        0.0901544571933
906        0.00911297440424
907        0.0594969108561
908        0.083706972639
909        0.0228949691086
910        0.0439276257723
911        0.0225639894086
912        0.0645542806708
913        0.0315048543689
914        0.0756707855252
915        0.0421050308914
916        0.028799646955
917        0.024841129744
918        0.0106619593998
919        0.0361694616064
920        0.098706972639
921        0.0575022065313
922        0.0692277140335
923        0.0520741394528
924        0.0390247131509
925        0.0251103265666
926        0.0360326566637
927        0.0179302736099
928        0.0428773168579
929        0.0518755516328
930        0.0681112091792
931        0.0322109443954
932        0.0691879964696
933        0.0239629302736
934        0.0395851721094
935        0.0396822594881
936        0.0874227714034
937        0.043680494263
938        0.0601235657546
939        0.0113548102383
940        0.0721359223301
941        0.0472241835834
942        0.0579435127979
943        0.0466151809356
944        0.0527802294793
945        0.162109443954
946        0.101566637246
947        0.0190644307149
948        0.00991173874669
949        0.0114077669903
950        0.0558473080318
951        0.0466151809356
952        0.0841703442189
953        0.124761694616
954        0.0819373345102
955        0.0432524271845
956        0.038640776699
957        0.0995189761695
958        0.117285966461
959        0.0300441306267
960        0.0662312444837
961        0.0570300088261
962        0.0808252427184
963        0.058706972639
964        0.0270697263901
965        0.0685392762577
966        0.0312047661077
967        0.0262842012357
968        0.0485348631951
969        0.013932038835
970        0.0282965578111
971        0.0332391879965
972        0.0146557811121
973        0.0209929390997
974        0.0458649602824
975        0.047360988526
976        0.112555163283
977        0.0300970873786
978        0.0694924977935
979        0.0220697263901
980        0.0592012356575
981        0.118137687555
982        0.0642409532215
983        0.122705207414
984        0.0191924095322
985        0.0423918799647
986        0.0456619593998
987        0.0595586937335
988        0.028627537511
989        0.0230229479259
990        0.0383362753751
991        0.0222065313327
992        0.064973521624
993        0.0600838481906
994        0.0280670785525
995        0.129916151809
996        0.0830891438658
997        0.00778464254192
998        0.0166946160635
999        0.026253309797
1000        0.0131112091792
1001        0.0759443954104
1002        0.0465578111209
1003        0.0408605472198
1004        0.034841129744
1005        0.0571491615181
1006        0.0356266548985
1007        0.0560017652251
1008        0.0323300970874
1009        0.0614165931156
1010        0.0603000882613
1011        0.042347749338
1012        0.0242277140335
1013        0.0468181818182
1014        0.0222550750221
1015        0.011253309797
1016        0.030079435128
1017        0.0147705207414
1018        0.011385701677
1019        0.019973521624
1020        0.0663945278023
1021        0.0280714916152
1022        0.0454633715799
1023        0.0440335392763
1024        0.0345233892321
1025        0.0252250661959
1026        0.0721668137688
1027        0.0428067078553
1028        0.00282436010591
1029        0.0086187113857
1030        0.0184245366284
1031        0.0164298323036
1032        0.0476345984113
1033        0.0295631067961
1034        0.062480141218
1035        0.100052956752
1036        0.0455604589585
1037        0.0562180052957
1038        0.0735789938217
1039        0.0609929390997
1040        0.0155869373345
1041        0.0445322153575
1042        0.0131818181818
1043        0.074986760812
1044        0.0109752868491
1045        0.0387819947043
1046        0.0232833186231
1047        0.0265004413063
1048        0.0116151809356
1049        0.0183848190644
1050        0.0640511915269
1051        0.0310723742277
1052        0.0026213592233
1053        0.033720211827
1054        0.03
1055        0.022413945278
1056        0.00743601059135
1057        0.00465136804943
1058        0.011067961165
1059        0.0180273609885
1060        0.0235436893204
1061        0.0323786407767
1062        0.0421756398941
1063        0.0286231244484
1064        0.00422330097087
1065        0.0110723742277
1066        0.0258340688438
1067        0.0818711385702
1068        0.0329037952339
1069        0.0718270079435
1070        0.0517872903795
1071        0.025105913504
1072        0.00248896734334
1073        0.0272506619594
1074        0.0282259488085
1075        0.0259973521624
1076        0.0114739629303
1077        0.014894086496
1078        0.0369505736981
1079        0.0146204766108
1080        0.00957634598411
1081        0.0183936451898
1082        0.00641218005296
1083        0.0077625772286
1084        0.0310458958517
1085        0.00793027360989
1086        0.0144483671668
1087        0.020026478376
1088        0.0229435127979
1089        0.0178287731686
1090        0.0209311562224
1091        0.0043865842895
1092        0.0115401588703
1093        0.00943071491615
1094        0.0112444836717
1095        0.0167166813769
1096        0.00459399823477
1097        0.01986760812
1098        0.0759841129744
1099        0.00603706972639
1100        0.0257237422771
1101        0.00954104148279
1102        0.00792144748455
1103        0.0026345984113
1104        0.00741394527802
1105        0.0387157987643
1106        0.00548984995587
1107        0.0165533980583
1108        0.0108605472198
1109        0.0107502206531
1110        0.0218976169462
1111        0.0141791703442
1112        0.0501015004413
1113        0.011094439541
1114        0.0110238305384
1115        0.0130494263019
1116        0.0227184466019
1117        0.0171579876434
1118        0.00631067961165
1119        0.00927184466019
1120        0.00954104148279
1121        0.00446601941748
1122        0.00279788172992
1123        0.00296557811121
1124        0.00790820829656
1125        0.00619152691968
1126        0.00447043248014
1127        0.00943954104148
1128        0.00761694616064
1129        0.0057413945278
1130        0.00430714916152
1131        0.00274492497793
1132        0.00101941747573
1133        0.00094880847308
