1        0.07391438658428955
2        0.051606354810238286
3        0.09276257722859665
4        0.04248014121800529
5        0.028005295675198577
6        0.0489938217122683
7        0.051072374227714094
8        0.019033539276257713
9        0.05855251544571935
10        0.050278022947925854
11        0.05007502206531334
12        0.043217122683142095
13        0.05599735216240071
14        0.06017210944395412
15        0.04805825242718448
16        0.09000882612533101
17        0.014210061782877328
18        0.04064872021182699
19        0.062383053839364475
20        0.05377758164165931
21        0.08556928508384821
22        0.04755516328331865
23        0.09719329214474845
24        0.07498676081200353
25        0.03608561341571047
26        0.010759046778464253
27        0.0382082965578111
28        0.030781112091791674
29        0.02397175639894084
30        0.06419682259488088
31        0.0544880847308032
32        0.008389232127096238
33        0.033693733451014965
34        0.051654898499558684
35        0.0064386584289497
36        0.0031244483671668045
37        0.003446601941747564
38        0.05348190644307152
39        0.0752824360105914
40        0.06943071491615183
41        0.08340688437775821
42        0.09801853486319509
43        0.0302427184466019
44        0.05007060900264789
45        0.0677890556045896
46        0.0712533097969991
47        0.02604148278905557
48        0.030551632833186203
49        0.08289938217122689
50        0.07446160635481029
51        0.05206531332744933
52        0.07285083848190647
53        0.010211827007943548
54        0.07267872903795233
55        0.051473962930273676
56        0.0875595763459842
57        0.04294351279788173
58        0.06017210944395413
59        0.05346866725507505
60        0.007052074139452797
61        0.013309796999117385
62        0.05838923212709629
63        0.02243159752868489
64        0.03224183583406883
65        0.02595322153574578
66        0.03694174757281551
67        0.022219770520741387
68        0.03127978817299204
69        0.0408605472197705
70        0.04657546337157985
71        0.031725507502206506
72        0.05324360105913505
73        0.04075022065313325
74        0.05617387466902032
75        0.024165931156222384
76        0.07458517210944397
77        0.02354810238305379
78        0.028768755516328296
79        0.037405119152691936
80        0.06482347749338041
81        0.06049867608120039
82        0.05494263018534865
83        0.02071491615180932
84        0.047634598411297455
85        0.05344218887908212
86        0.027369814651368007
87        0.02779346866725503
88        0.03391438658428945
89        0.016015004413062667
90        0.031496028243601044
91        0.023336275375110325
92        0.025511915269196807
93        0.030948808473080305
94        0.03409532215357457
95        0.012819947043247999
96        0.008503971756398953
97        0.006526919682259507
98        0.008186231244483685
99        0.012480141218005307
100        0.00920564872021186
101        0.0285922330097087
102        0.009112974404236552
103        0.018049426301853463
104        0.051628420123565825
105        0.10275816416593116
106        0.061654898499558713
107        0.049254192409532216
108        0.02849514563106792
109        0.013578993821712243
110        0.024726390114739604
111        0.00470873786407766
112        0.03893203883495141
113        0.02815975286849071
114        0.012184466019417518
115        0.02101059135039716
116        0.08876434245366288
117        0.04202118270079433
118        0.01178287731685792
119        0.024399823477493355
120        0.04868932038834951
121        0.02107678729037953
122        0.028958517210944366
123        0.020357458075904653
124        0.03300088261253308
125        0.020781112091791697
126        0.007493380406001796
127        0.04612533097969988
128        0.0734333627537511
129        0.03521624007060894
130        0.032056487202118254
131        0.03659311562224182
132        0.01676081200353045
133        0.03126213592233006
134        0.06109002647837605
135        0.07128420123565761
136        0.01909532215357459
137        0.06350838481906447
138        0.011403353927625773
139        0.008543689320388397
140        0.07686672550750226
141        0.023353927625772274
142        0.05999558693733454
143        0.061112091791703474
144        0.00658870255957636
145        0.046235657546337156
146        0.05550750220653134
147        0.056134157105030925
148        0.033967343336275324
149        0.03846866725507497
150        0.046571050308914376
151        0.011871138570167711
152        0.052484554280670774
153        0.029073256840247075
154        0.013102383053839338
155        0.0450264783759929
156        0.02009267431597529
157        0.035578111209179156
158        0.01704324801412181
159        0.01151368049426303
160        0.006548984995586975
161        0.024413062665489826
162        0.027753751103265646
163        0.022647837599293886
164        0.013905560458958532
165        0.019744042365401594
166        0.016447484554280658
167        0.02724183583406882
168        0.034258605472197674
169        0.011178287731685792
170        0.013278905560458956
171        0.010136804942630204
172        0.011200353045013252
173        0.0056796116504854435
174        0.014474845542806716
175        0.0033451015004412965
176        0.05502206531332751
177        0.015260370697263886
178        0.019007060900264758
179        0.015278022947925875
180        0.007797881729920574
181        0.030812003530450088
182        0.057294792586054744
183        0.059624889673433386
184        0.026544571932921437
185        0.06593115622241841
186        0.030679611650485425
187        0.027519858781994665
188        0.02807149161518092
189        0.03163724624889669
190        0.021804942630185346
191        0.03744042365401585
192        0.028468667255075
193        0.05270520741394533
194        0.06741394527802302
195        0.02082965578111207
196        0.09161518093556931
197        0.048909973521624066
198        0.06361871138570172
199        0.0386893203883495
200        0.0437290379523389
201        0.07072815533980586
202        0.046363636363636405
203        0.04590909090909092
204        0.09085613415710501
205        0.07457193292144751
206        0.06335392762577233
207        0.057731685789938265
208        0.03917034421888787
209        0.029999999999999947
210        0.07552515445719336
211        0.039801412180052925
212        0.06353045013239185
213        0.05063989408649606
214        0.07334951456310686
215        0.05939541041482788
216        0.052360988526037114
217        0.046822594880847355
218        0.06521624007060907
219        0.06699470432480147
220        0.022330097087378608
221        0.03457193292144744
222        0.034863195057369754
223        0.013102383053839383
224        0.013142100617828768
225        0.0037643424536628373
226        0.002952338923212705
227        0.045542806707855245
228        0.03209179170344216
229        0.009558693733451069
230        0.03573698146513678
231        0.0378552515445719
232        0.009686672550750276
233        0.07906443071491619
234        0.0185216240070609
235        0.031248896734333592
236        0.012639011473962958
237        0.05146954986760817
238        0.038000882612533086
239        0.05063106796116508
240        0.030092674315975274
241        0.0666725507502207
242        0.011182700794351292
243        0.06527802294792588
244        0.013495145631067976
245        0.03906884377758158
246        0.03360547219770518
247        0.014077669902912633
248        0.026981465136804925
249        0.00883053839364522
250        0.027586054721977026
251        0.03945719329214472
252        0.01795675198587819
253        0.008609885260370738
254        0.045878199470432444
255        0.041059135039717524
256        0.020829655781112094
257        0.029836716681376836
258        0.017784642541924085
259        0.045922330097087405
260        0.023287731685789913
261        0.004439541041482782
262        0.008676081200353089
263        0.04655781112091791
264        0.00808473080317742
265        0.024466019417475685
266        0.018186231244483656
267        0.0449426301853486
268        0.053645189761694606
269        0.055675198587819975
270        0.02726390114739625
271        0.05026037069726395
272        0.00913503971756403
273        0.012815533980582536
274        0.07222418358340693
275        0.020308914386584272
276        0.03961606354810234
277        0.017030008826125334
278        0.019095322153574578
279        0.02026037069726389
280        0.023278905560458925
281        0.007471315092674334
282        0.04397175639894086
283        0.014205648720211805
284        0.05435127978817305
285        0.019616063548102372
286        0.021293027360988485
287        0.032811120917917005
288        0.010781112091791728
289        0.056716681376875605
290        0.01425419240953222
291        0.043464254192409506
292        0.008962930273609938
293        0.05086054721977057
294        0.006368049426301866
295        0.007568402471315113
296        0.02008384819064428
297        0.023508384819064428
298        0.014646954986760809
299        0.07338040600176524
300        0.031288614298323005
301        0.011672550750220657
302        0.0059885260370697215
303        0.058702559576346014
304        0.007285966460723767
305        0.03348631950573696
306        0.019474845542806717
307        0.024386584289496888
308        0.040216240070609005
309        0.007096204766107675
310        0.0032303618711385634
311        0.014646954986760819
312        0.022881729920564853
313        0.03418799646954985
314        0.037074139452780194
315        0.018561341571050313
316        0.06696822594880857
317        0.030066195939982297
318        0.003720211827007934
319        0.004421888790820822
320        0.011085613415710523
321        0.04687113857016769
322        0.05017652250661962
323        0.014955869373345098
324        0.03049867608120032
325        0.031910856134157076
326        0.0050353045013239095
327        0.06767872903795237
328        0.029289496910856107
329        0.05847749338040604
330        0.02511032656663725
331        0.05045013239187999
332        0.07960723742277138
333        0.09286407766990289
334        0.03561341571050305
335        0.052947925860547265
336        0.03576345984112971
337        0.029664607237422747
338        0.03454986760812002
339        0.04000441306266546
340        0.04073698146513678
341        0.06466460723742275
342        0.003936451897616939
343        0.015556045895851715
344        0.0387731685789938
345        0.0025904677846425327
346        0.024744042365401574
347        0.020313327449249786
348        0.009757281553398105
349        0.023521624007060905
350        0.010397175639894111
351        0.04336275375110324
352        0.026482789055604576
353        0.028455428067078518
354        0.08511473962930277
355        0.07396293027360992
356        0.05512356575463369
357        0.021694616063548097
358        0.03936893203883492
359        0.01197263901147397
360        0.021209179170344178
361        0.049488084730803204
362        0.03965136804942627
363        0.03944836716681374
364        0.03857899382171224
365        0.02089585172109443
366        0.013137687555163298
367        0.06160194174757286
368        0.043058252427184446
369        0.02560458958517209
370        0.010322153574580781
371        0.04028243601059134
372        0.039249779346866694
373        0.039602824360105864
374        0.005322153574580764
375        0.013839364518976185
376        0.03981465136804942
377        0.028543689320388324
378        0.07909973521624016
379        0.012925860547219758
380        0.031284201235657505
381        0.05303177405119158
382        0.03748455428067076
383        0.032122683142100594
384        0.05554721977052077
385        0.03453662842012354
386        0.03815533980582522
387        0.0362533097969991
388        0.020913503971756387
389        0.06867608120035305
390        0.07172992056487205
391        0.023045013239187985
392        0.045423654015887015
393        0.0670785525154458
394        0.008371579876434285
395        0.0164342453662842
396        0.0794527802294793
397        0.02134598411297437
398        0.02652691968225945
399        0.041059135039717545
400        0.04232568402471317
401        0.05507943512797885
402        0.02533980582524269
403        0.017996469549867583
404        0.0508252427184466
405        0.017157987643424494
406        0.009210061782877367
407        0.028040600176522497
408        0.016972639011473965
409        0.03811120917917032
410        0.047259488084730836
411        0.01749338040600177
412        0.03579876434245364
413        0.05695498676081206
414        0.03725507502206528
415        0.04894969108561345
416        0.02525595763459839
417        0.009867608120035336
418        0.022634598411297443
419        0.012899382171226851
420        0.04647837599293911
421        0.01063989408649606
422        0.017180052956751988
423        0.016270962047661094
424        0.005432480141218023
425        0.017996469549867618
426        0.02423654015887024
427        0.026160635481023816
428        0.010767872903795267
429        0.06265666372462492
430        0.026421006178287715
431        0.04383053839364519
432        0.014143865842894962
433        0.019470432480141218
434        0.06649602824360108
435        0.02097528684907325
436        0.009488084730803224
437        0.02511473962930273
438        0.036381288614298304
439        0.06347749338040602
440        0.011619593998234767
441        0.02883936451897614
442        0.016774051191526904
443        0.02899823477493378
444        0.02405560458958514
445        0.02497352162400706
446        0.0599338040600177
447        0.02555604589585173
448        0.010339805825242748
449        0.006632833186231253
450        0.006888790820829669
451        0.022700794351279772
452        0.05025595763459844
453        0.015282436010591342
454        0.04887908208296559
455        0.02279346866725508
456        0.02105913503971755
457        0.03744042365401584
458        0.031571050308914377
459        0.009324801412180075
460        0.035066195939982316
461        0.012714033539276255
462        0.012568402471315108
463        0.005719329214474843
464        0.015939982347749352
465        0.010988526037069755
466        0.037100617828773136
467        0.04044130626654897
468        0.06492497793468666
469        0.009263018534863237
470        0.0409355692850838
471        0.01891879964695498
472        0.04539276257722861
473        0.013124448367166837
474        0.01315533980582522
475        0.013115622241835849
476        0.019227714033539275
477        0.01551632833186231
478        0.007065313327449271
479        0.013022947925860551
480        0.015216240070609016
481        0.024152691968225944
482        0.005463371579876435
483        0.02640776699029125
484        0.02438217122683141
485        0.018724624889673424
486        0.02264342453662842
487        0.019382171226831425
488        0.004704324801412171
489        0.03535304501323919
490        0.007082965578111237
491        0.01555604589585172
492        0.008499558693733486
493        0.004673433362753741
494        0.008102383053839377
495        0.031809355692850816
496        0.003459841129744034
497        0.01015004413062667
498        0.006544571932921466
499        0.01050308914386585
500        0.02808031774051193
501        0.024735216240070596
502        0.002833186231244475
503        0.044126213592233
504        0.06398058252427184
505        0.027921447484554253
506        0.011006178287731714
507        0.022277140335392756
508        0.01288614298323037
509        0.012219770520741392
510        0.019523389232127094
511        0.015838481906443068
512        0.025714916151809347
513        0.023490732568402464
514        0.00418358340688437
515        0.015639894086496034
516        0.002877316857899373
517        0.009616063548102413
518        0.028473080317740478
519        0.0009752868490732551
520        0.015092674315975284
521        0.016195939982347723
522        0.006791703442188889
523        0.014633715798764354
524        0.017572815533980574
525        0.005026478375992929
526        0.005613415710503115
527        0.011668137687555185
528        0.016954986760812
529        0.005838481906443074
530        0.0024227714033539186
531        0.006310679611650481
532        0.05663283318623125
533        0.00734333627537513
534        0.007890556045895877
535        0.005609002647837603
536        0.009911738746690258
537        0.0061606354810238365
538        0.01730361871138569
539        0.015542806707855229
540        0.010631067961165048
541        0.011734333627537515
542        0.04812444836716687
543        0.054289496910856216
544        0.008384819064430785
545        0.04167255075022063
546        0.008018534863195067
547        0.010825242718446608
548        0.004920564872021174
549        0.039139452780229414
550        0.002572815533980578
551        0.016963812886142973
552        0.06053398058252427
553        0.019399823477493378
554        0.03648278905560458
555        0.02233451015004412
556        0.011593115622241851
557        0.011151809355692866
558        0.014836716681376889
559        0.010661959399823485
560        0.004413062665489841
561        0.002890556045895843
562        0.03391879964695496
563        0.02120035304501322
564        0.04119593998234774
565        0.020560458958517196
566        0.01255075022065316
567        0.01788172992056484
568        0.042846425419240955
569        0.01819505736981465
570        0.012502206531332737
571        0.04154457193292141
572        0.00969108561341573
573        0.05243159752868493
574        0.013526037069726377
575        0.0034377758164165877
576        0.0031553398058252386
577        0.005732568402471311
578        0.05567078552515448
579        0.011107678729037972
580        0.005684024713150936
581        0.016438658428949683
582        0.007113857016769638
583        0.003848190644307141
584        0.03556487202118264
585        0.05159311562224188
586        0.02569285083848186
587        0.010079435127978842
588        0.05324360105913505
589        0.007175639894086507
590        0.046266548984995624
591        0.05203442188879086
592        0.02904677846425417
593        0.01827890556045896
594        0.03953221535745802
595        0.025291262135922313
596        0.014973521624007063
597        0.009060017652250688
598        0.033605472197705176
599        0.026919682259488074
600        0.014567519858782005
601        0.014082082965578143
602        0.011888790820829671
603        0.023446601941747552
604        0.015604589585172106
605        0.007091791703442196
606        0.016306266548984986
607        0.02787290379523387
608        0.008768755516328346
609        0.006729920564872033
610        0.010260370697263916
611        0.010030891438658462
612        0.013336275375110345
613        0.003786407766990281
614        0.016204766107678726
615        0.0060458958517210885
616        0.002917034421888781
617        0.008045013239188022
618        0.0032082965578111118
619        0.002188879082082957
620        0.010353045013239194
621        0.006721094439541061
622        0.01296999117387468
623        0.014920564872021189
624        0.013124448367166823
625        0.012572815533980604
626        0.004854368932038826
627        0.004880847308031764
628        0.003336275375110322
629        0.019664607237422766
630        0.014267431597528692
631        0.008543689320388384
632        0.015154457193292146
633        0.030556045895851685
634        0.008556928508384824
635        0.0009488084730803162
636        0.007559576345984134
637        0.002753751103265658
638        0.019814651368049423
639        0.002939099735216234
640        0.012436010591350405
641        0.030838481906443026
642        0.033058252427184416
643        0.01655339805825242
644        0.015114739629302739
645        0.019068843777581623
646        0.014280670785525158
647        0.024161518093556916
648        0.0344527802294792
649        0.031884377758164134
650        0.029682259488084693
651        0.012590467784642546
652        0.01230803177405118
653        0.010926743159752896
654        0.0318093556928508
655        0.008071491615180958
656        0.01994704324801412
657        0.017691968225948825
658        0.013521624007060919
659        0.017330097087378645
660        0.04767872903795232
661        0.013398058252427179
662        0.03529126213592229
663        0.030679611650485418
664        0.006778464254192412
665        0.0067122683142100854
666        0.01143424536628423
667        0.004139452780229471
668        0.013014121800529582
669        0.010913503971756423
670        0.00476169461606354
671        0.018168578993821724
672        0.016769638128861414
673        0.004179170344218879
674        0.0040909090909090826
675        0.013499558693733447
676        0.01681818181818183
677        0.031045895851721062
678        0.014452780229479238
679        0.009510150044130677
680        0.01036187113857018
681        0.010803177405119187
682        0.00495586937334509
683        0.0016151809355692776
684        0.003887908208296548
685        0.003940864960282427
686        0.011151809355692875
687        0.035922330097087354
688        0.01642983230361871
689        0.010476610767872931
690        0.002833186231244475
691        0.033053839364518944
692        0.028883495145631034
693        0.014210061782877353
694        0.0196072374227714
695        0.037016769638128826
696        0.02296116504854366
697        0.012065313327449251
698        0.04166372462488965
699        0.015763459841129743
700        0.010026478375992954
701        0.012268314210061786
702        0.015004413062665473
703        0.0038967343336275286
704        0.016796116504854342
705        0.028045013239187965
706        0.021187113857016774
707        0.024135039717563984
708        0.008918799646955026
709        0.022285966460723738
710        0.01852603706972638
711        0.04135481023830539
712        0.009457193292144783
713        0.009518976169461634
714        0.005458958517210937
715        0.019037952338923206
716        0.004077669902912618
717        0.002502206531332736
718        0.009505736981465172
719        0.01716681376875551
720        0.009642541924095359
721        0.01606796116504853
722        0.0063459841129744265
723        0.013517210944395395
724        0.04617828773168583
725        0.048565754633715805
726        0.056765225066195996
727        0.009329214474845575
728        0.010185348631950584
729        0.03839364518976167
730        0.05074139452780229
731        0.00568402471315093
732        0.00518093556928509
733        0.004470432480141212
734        0.005348631950573707
735        0.007374227714033568
736        0.016906443071491587
737        0.009898499558693765
738        0.00448808473080317
739        0.006487202118270085
740        0.0014783759929390971
741        0.010639894086496031
742        0.010781112091791743
743        0.022175639894086507
744        0.020992939099735205
745        0.017969991173874673
746        0.02285525154457192
747        0.012012356575463375
748        0.01689320388349515
749        0.009020300088261273
750        0.013998234774933808
751        0.0022947925860547125
752        0.00643424536628422
753        0.007246248896734348
754        0.0033053839364518933
755        0.005216240070608999
756        0.050688437775816414
757        0.01684024713150929
758        0.001323918799646952
759        0.0009664607237422752
760        0.0010547219770520718
761        0.011879964695498695
762        0.006323918799646951
763        0.005869373345101494
764        0.002096204766107676
765        0.012983230361871158
766        0.006522506619594001
767        0.017281553398058237
768        0.0026743159752868426
769        0.02462047661076787
770        0.01595763459841131
771        0.0023654015887025555
772        0.012806707855251558
773        0.007206531332744935
774        0.0050220653133274396
775        0.04302294792586055
776        0.0034421888790820755
777        0.011968225948808501
778        0.005653133274492509
779        0.006270962047661096
780        0.034104148278905524
781        0.013428949691085603
782        0.0036363636363636294
783        0.012978817299205662
784        0.015344218887908217
785        0.0026390114739629216
786        0.03529126213592227
787        0.010229479258605498
788        0.0429258605472198
789        0.005869373345101514
790        0.014505736981465147
791        0.0038393645189761603
792        0.02617387466902029
793        0.010392762577228631
794        0.008256840247131546
795        0.005997352162400711
796        0.012030008826125337
797        0.006412180052956767
798        0.010180935569285088
799        0.0026037069726390096
800        0.00799646954986764
801        0.009346866725507523
802        0.014916151809355706
803        0.0024315975286849025
804        0.005008826125330975
805        0.0016240070609002634
806        0.01027802294792586
807        0.0031994704324801336
808        0.018627537511032664
809        0.02050308914386584
810        0.011222418358340707
811        0.014055604589585175
812        0.013887908208296534
813        0.009015887025595788
814        0.008155339805825267
815        0.006491615180935597
816        0.017078552515445718
817        0.011050308914386608
818        0.007462488967343358
819        0.012780229479258595
820        0.004920564872021173
821        0.011906443071491612
822        0.009413062665489861
823        0.004620476610767863
824        0.014090909090909097
825        0.005913503971756409
826        0.008270079435128011
827        0.014329214474845526
828        0.0033142100617828698
829        0.010357458075904729
830        0.008742277140335424
831        0.010970873786407789
832        0.0017828773168578984
833        0.019752868490732566
834        0.009161518093556958
835        0.0060856134157104965
836        0.01623565754633717
837        0.007608120035304536
838        0.011394527802294814
839        0.003248014121800522
840        0.012422771403353943
841        0.005189761694616059
842        0.004117387466902021
843        0.005185348631950574
844        0.008980582524271847
845        0.0035613415710502986
846        0.009907325684024738
847        0.012691968225948808
848        0.014338040600176525
849        0.01669020300088263
850        0.002987643424536619
851        0.013499558693733451
852        0.0019108561341571032
853        0.007246248896734347
854        0.006407766990291263
855        0.007405119152691974
856        0.005110326566637248
857        0.002709620476610761
858        0.0036231244483671565
859        0.02116063548102381
860        0.013420123565754638
861        0.015794351279788187
862        0.0035039717563989316
863        0.004130626654898491
864        0.005300088261253306
865        0.00528684907325684
866        0.004042365401588693
867        0.0035039717563989385
868        0.012753751103265678
869        0.012515445719329199
870        0.017458075904677853
871        0.006822594880847327
872        0.012983230361871132
873        0.0028243601059134995
874        0.010931156222418376
875        0.007003530450132415
876        0.003133274492497784
877        0.006226831421006207
878        0.007908208296557834
879        0.007007943512797903
880        0.002714033539276253
881        0.0045101500441306185
882        0.007559576345984147
883        0.0011782877316857876
884        0.029267431597528676
885        0.029368932038834904
886        0.040295675198587774
887        0.032903795233892245
888        0.036156222418358294
889        0.015525154457193286
890        0.024699911738746666
891        0.020829655781112077
892        0.04410414827890554
893        0.016707855251544536
894        0.015520741394527814
895        0.023225948808473066
896        0.01721094439541041
897        0.0017784642541923996
898        0.0076919682259488165
899        0.0065445719329214735
900        0.003892321270962042
901        0.0036628420123565692
902        0.012272727272727284
903        0.002842012356575459
904        0.004245366284201227
905        0.02038834951456309
906        0.0020917917034421825
907        0.005419240953221534
908        0.015211827007943508
909        0.0057016769638129
910        0.005511915269196833
911        0.004068843777581637
912        0.008861429832303622
913        0.004576345984112966
914        0.00886142983230364
915        0.008556928508384846
916        0.006871138570167712
917        0.004629302736098846
918        0.0010017652250661937
919        0.006341571050308917
920        0.024342453662841976
921        0.014421888790820821
922        0.012087378640776724
923        0.0063989408649602906
924        0.007700794351279806
925        0.004461606354810229
926        0.008142100617828827
927        0.0075728155339806116
928        0.008027360988526048
929        0.007352162400706117
930        0.011451897616946205
931        0.0024536628420123523
932        0.007413945278022962
933        0.0032833186231244395
934        0.002100617828773161
935        0.007700794351279806
936        0.008186231244483701
937        0.012731685789938212
938        0.01276257722859666
939        0.004086496028243592
940        0.006690203000882624
941        0.008398058252427218
942        0.008459841129744067
943        0.007639011473962946
944        0.007793468667255118
945        0.020119152691968213
946        0.01401588702559575
947        0.0009488084730803159
948        0.0017343336275375068
949        0.002758164165931146
950        0.00663283318623125
951        0.004792586054721968
952        0.010379523389232141
953        0.016487202118270077
954        0.013971756398940872
955        0.00871579876434249
956        0.005701676963812914
957        0.0151721094439541
958        0.015278022947925874
959        0.0033715798764342377
960        0.005882612533097972
961        0.011231244483671667
962        0.009845542806707873
963        0.004739629302736088
964        0.00422330097087378
965        0.010339805825242744
966        0.003270079435127969
967        0.005970873786407796
968        0.006743159752868496
969        0.004073256840247122
970        0.0028067078552515357
971        0.0038393645189761603
972        0.0028331862312444773
973        0.0025286849073256766
974        0.006990291262135933
975        0.010723742277140362
976        0.016103265666372466
977        0.003583406884377749
978        0.00967343336275379
979        0.003164165931156213
980        0.005829655781112092
981        0.015979699911738747
982        0.009549867608120073
983        0.016681376875551643
984        0.0025286849073256775
985        0.007868490732568442
986        0.008812886142983267
987        0.008587819947043268
988        0.005401588702559592
989        0.0034819064430714826
990        0.007736098852603717
991        0.0026566637246248797
992        0.003989408649602816
993        0.006028243601059156
994        0.0042586054721977
995        0.018380406001765232
996        0.00880847308031778
997        0.002956751985878191
998        0.00212268314210061
999        0.002886142983230352
1000        0.0015445719329214437
1001        0.014046778464254183
1002        0.005644307149161517
1003        0.0038481906443071402
1004        0.00391438658428949
1005        0.008036187113857028
1006        0.007396293027361031
1007        0.009629302736098862
1008        0.0030626654898499497
1009        0.009276257722859668
1010        0.006646072374227743
1011        0.006226831421006178
1012        0.0027802294792586015
1013        0.009143865842895026
1014        0.0039541041482788995
1015        0.0018225948808473053
1016        0.004810238305383927
1017        0.0010856134157105001
1018        0.002802294792586052
1019        0.0028552515445719306
1020        0.009135039717564014
1021        0.0015931156222418316
1022        0.005066195939982338
1023        0.010984112974404261
1024        0.0060370697263901095
1025        0.0038658428949690997
1026        0.01139894086496028
1027        0.004999999999999996
1028        0.0017475728155339782
1029        0.0024139452780229395
1030        0.006434245366284219
1031        0.007811120917917091
1032        0.008702559576346015
1033        0.003398058252427176
1034        0.008137687555163302
1035        0.01150485436893205
1036        0.0030494263018534785
1037        0.007502206531332767
1038        0.007925860547219811
1039        0.005578111209179181
1040        0.0014695498676081142
1041        0.005873786407766987
1042        0.0033583406884377704
1043        0.006518093556928516
1044        0.002656663724624883
1045        0.004757281553398049
1046        0.00254192409532215
1047        0.0037025595763459777
1048        0.0015048543689320357
1049        0.0023168578993821663
1050        0.007815533980582552
1051        0.005864960282436028
1052        0.0009576345984112957
1053        0.005414827890556046
1054        0.002939099735216234
1055        0.004152691968225941
1056        0.0009355692850838465
1057        0.002237422771403352
1058        0.0013901147396292994
1059        0.001937334510150036
1060        0.004329214474845535
1061        0.005278022947925869
1062        0.006398940864960283
1063        0.0019417475728155285
1064        0.0025375110326566574
1065        0.0013195057369814634
1066        0.002647837599293906
1067        0.006584289496910862
1068        0.003967343336275363
1069        0.008168578993821732
1070        0.005785525154457188
1071        0.0034377758164165872
1072        0.004082082965578102
1073        0.0064916151809355956
1074        0.003389232127096198
1075        0.004766107678729031
1076        0.0021844660194174723
1077        0.0013592233009708686
1078        0.005878199470432482
1079        0.002771403353927617
1080        0.003918799646954978
1081        0.0011341571050308872
1082        0.0021006178287731672
1083        0.0018887908208296508
1084        0.004986760812003524
1085        0.0012268314210061738
1086        0.0012003530450132368
1087        0.004055604589585168
1088        0.0020123565754633687
1089        0.0027052074139452707
1090        0.0030494263018534806
1091        0.001015004413062664
1092        0.0028287731685789855
1093        0.0029523389232127
1094        0.0010591350397175612
1095        0.0017652250661959342
1096        0.001187113857016768
1097        0.0045498676081200265
1098        0.009452780229479277
1099        0.0009664607237422754
1100        0.004779346866725497
1101        0.0026037069726390057
1102        0.0009841129744042351
1103        0.000909090909090908
1104        0.0009752868490732551
1105        0.005957634598411294
1106        0.001624007060900262
1107        0.0014960282436010522
1108        0.0028552515445719297
1109        0.0033495145631067865
1110        0.0030008826125330927
1111        0.0025242718446601893
1112        0.00478375992939099
1113        0.0012400706090026463
1114        0.003384819064430708
1115        0.0016857899382171151
1116        0.006169461606354819
1117        0.002533097969991166
1118        0.0021006178287731633
1119        0.0009664607237422759
1120        0.001050308914386583
1121        0.0009355692850838465
1122        0.0026390114739629207
1123        0.0010723742277140313
1124        0.00150485436893203
1125        0.0009576345984112956
1126        0.0020873786407766947
1127        0.0028464254192409467
1128        0.001491615180935562
1129        0.002065313327449247
1130        0.0009664607237422755
1131        0.0009885260370697244
1132        0.0009532215357458057
1133        0.0009488084730803164
