1        0.9805428571429439
2        0.9813800000000942
3        0.9788942857143725
4        0.9635114285715103
5        0.9731485714286515
6        0.9763000000000848
7        0.9814228571429452
8        0.9641971428572197
9        0.9788428571429446
10        0.9797914285715144
11        0.9662371428572207
12        0.9637828571429369
13        0.9786257142858025
14        0.9813971428572297
15        0.9777971428572295
16        0.9811600000000903
17        0.9791257142858
18        0.9667200000000781
19        0.9814228571429451
20        0.9785628571429447
21        0.9813857142858055
22        0.973894285714369
23        0.9635971428572235
24        0.9819828571429442
25        0.9802371428572324
26        0.9573257142857922
27        0.9322371428572013
28        0.8855085714286113
29        0.890902857142899
30        0.9635771428572194
31        0.9818742857143736
32        0.9816771428572317
33        0.8155028571428686
34        0.9813171428572351
35        0.9816571428572319
