1        0.805351428571432
2        0.8415742857142997
3        0.7852685714285697
4        0.7144028571428428
5        0.7397571428571349
6        0.7655942857142819
7        0.8321571428571503
8        0.7127028571428395
9        0.7785742857142893
10        0.8007771428571465
11        0.7130999999999829
12        0.7079457142857003
13        0.7858400000000038
14        0.8263085714285823
15        0.7594114285714241
16        0.8428885714285863
17        0.784257142857144
18        0.7068771428571268
19        0.8443228571428711
20        0.7842000000000029
21        0.845045714285729
22        0.735599999999988
23        0.7061799999999856
24        0.8382942857142957
25        0.8008828571428664
26        0.664299999999985
27        0.6090285714285436
28        0.5372485714285445
29        0.5360628571428293
30        0.6840685714285567
31        0.8281828571428695
32        0.8601914285714475
33        0.43970571428571065
34        0.8610142857143
35        0.8600657142857313
