1        0.9206400000000659
2        0.932471428571499
3        0.9099600000000595
4        0.8633228571428939
5        0.8841257142857625
6        0.8978685714286212
7        0.930562857142921
8        0.8618371428571822
9        0.9105085714286306
10        0.9162714285714868
11        0.8556171428571775
12        0.8593171428571788
13        0.9099457142857768
14        0.9263000000000662
15        0.8971771428571961
16        0.9327200000000652
17        0.9097600000000595
18        0.8559400000000349
19        0.9316485714286362
20        0.9081114285714867
21        0.9335028571429249
22        0.8779742857143276
23        0.8568142857143181
24        0.931837142857214
25        0.9171942857143509
26        0.8293085714286029
27        0.7781485714285782
28        0.7140257142857095
29        0.7099314285714237
30        0.841177142857179
31        0.9291142857143524
32        0.9347228571429298
33        0.6162914285714095
34        0.9352514285715017
35        0.9360457142857834
