1        0.9572028571429543
2        0.9609285714286702
3        0.9514257142858049
4        0.9230771428572189
5        0.9349000000000808
6        0.944788571428662
7        0.9612942857143806
8        0.9230685714286554
9        0.9510742857143752
10        0.9538228571429545
11        0.9212942857143623
12        0.9232342857143662
13        0.9510342857143765
14        0.9597628571429525
15        0.9427200000000882
16        0.9617771428572419
17        0.9522228571429496
18        0.92105142857151
19        0.9624085714286684
20        0.9495400000000894
21        0.9615000000000993
22        0.9333514285715131
23        0.9197914285715022
24        0.9623285714286647
25        0.9581400000000981
26        0.9033371428572141
27        0.8619571428571889
28        0.7973685714285911
29        0.8016514285714502
30        0.916928571428643
31        0.9601228571429509
32        0.9622057142858134
33        0.7160228571428557
34        0.9624457142858092
35        0.9620885714286713
