1        0.5566057142857177
2        0.6112657142857187
3        0.5405657142857156
4        0.4571314285714372
5        0.4901171428571416
6        0.5165599999999986
7        0.6006199999999998
8        0.46385714285715046
9        0.5193800000000006
10        0.5544057142857134
11        0.4492314285714422
12        0.4548228571428671
13        0.5326999999999986
14        0.5795857142857158
15        0.49866857142857796
16        0.6114942857142893
17        0.5257742857142887
18        0.449608571428581
19        0.616937142857146
20        0.5266285714285743
21        0.6132485714285741
22        0.47349142857143695
23        0.4490142857142984
24        0.6019200000000063
25        0.5396371428571456
26        0.40043142857146025
27        0.36231714285716965
28        0.3167457142857395
29        0.3232857142857393
30        0.427480000000024
31        0.5939571428571457
32        0.6786400000000098
33        0.24798571428573682
34        0.663362857142868
35        0.672722857142867
