1        0.9114285714286212
2        0.9242657142857758
3        0.8989028571429086
4        0.850014285714314
5        0.870442857142895
6        0.8894885714286167
7        0.9237514285714898
8        0.8488742857143179
9        0.8966342857143378
10        0.9046514285714815
11        0.8465771428571724
12        0.8449428571428876
13        0.8994942857143333
14        0.9173942857143448
15        0.883608571428616
16        0.9236514285714924
17        0.895491428571478
18        0.8513685714286019
19        0.9267428571429189
20        0.8982857142857634
21        0.9265542857143493
22        0.8688200000000393
23        0.8467771428571729
24        0.9233800000000567
25        0.9070285714286267
26        0.8091828571428851
27        0.7613228571428613
28        0.6967114285714175
29        0.6871885714285583
30        0.8307914285714553
31        0.9204142857143437
32        0.9290200000000602
33        0.5994285714285448
34        0.9292885714286327
35        0.929534285714347
