1        0.9867600000000734
2        0.9870342857143615
3        0.9856000000000728
4        0.9782200000000705
5        0.9820685714286427
6        0.9848200000000709
7        0.9870057142857901
8        0.9753514285714977
9        0.9853657142857876
10        0.9866942857143595
11        0.9770742857143516
12        0.9774171428572112
13        0.986028571428642
14        0.9868657142857874
15        0.9851514285715004
16        0.987294285714359
17        0.985874285714359
18        0.9752971428572087
19        0.9868228571429316
20        0.9858114285715006
21        0.987114285714361
22        0.9825285714286413
23        0.9776400000000698
24        0.9870514285715031
25        0.9871028571429286
26        0.9734800000000663
27        0.9515228571429114
28        0.9171800000000392
29        0.9162171428571816
30        0.975254285714352
31        0.987065714285786
32        0.9869828571429309
33        0.8542571428571507
34        0.9876457142857882
35        0.9871914285714998
