1        0.959671717172
2        0.742601010101
3        0.784974747475
4        0.961212121212
5        0.960277777778
6        0.367853535354
7        0.961060606061
8        0.960126262626
9        0.959494949495
10        0.960505050505
11        0.959242424242
12        0.959722222222
13        0.960050505051
14        0.96
15        0.931641414141
16        0.945176767677
17        0.580378787879
18        0.960050505051
19        0.960656565657
20        0.954747474747
21        0.345681818182
22        0.959292929293
23        0.959267676768
24        0.959368686869
25        0.884191919192
26        0.960404040404
27        0.954444444444
28        0.960580808081
29        0.95898989899
30        0.269267676768
31        0.95946969697
32        0.960025252525
33        0.960631313131
34        0.731893939394
35        0.958888888889
36        0.959242424242
37        0.821212121212
38        0.960075757576
39        0.912525252525
40        0.96053030303
41        0.908611111111
42        0.960303030303
43        0.962146464646
44        0.959646464646
45        0.921818181818
46        0.961742424242
47        0.71696969697
48        0.955378787879
49        0.958484848485
50        0.960429292929
51        0.958762626263
52        0.9175
53        0.958434343434
54        0.960580808081
55        0.958914141414
56        0.960101010101
57        0.959318181818
58        0.958964646465
59        0.954873737374
60        0.960429292929
61        0.960833333333
62        0.958106060606
63        0.959797979798
64        0.960404040404
65        0.959823232323
66        0.960656565657
67        0.96095959596
68        0.960454545455
69        0.958762626263
70        0.958636363636
71        0.959090909091
72        0.935681818182
73        0.959974747475
74        0.960429292929
75        0.960505050505
76        0.959191919192
77        0.960227272727
78        0.95845959596
79        0.957878787879
80        0.959646464646
81        0.959393939394
82        0.932070707071
83        0.959924242424
84        0.960126262626
85        0.958762626263
86        0.959873737374
87        0.958762626263
88        0.959848484848
89        0.961085858586
90        0.959393939394
91        0.960631313131
92        0.866565656566
93        0.960176767677
94        0.959924242424
95        0.960050505051
96        0.95904040404
97        0.959823232323
98        0.960227272727
99        0.960126262626
100        0.957752525253
101        0.960227272727
102        0.959419191919
103        0.960075757576
104        0.960934343434
105        0.95898989899
106        0.959722222222
107        0.958358585859
108        0.957727272727
109        0.960858585859
110        0.95898989899
111        0.959444444444
112        0.961767676768
113        0.960101010101
114        0.959646464646
115        0.862373737374
116        0.959368686869
117        0.958484848485
118        0.961287878788
119        0.936919191919
120        0.325505050505
121        0.960176767677
122        0.959646464646
123        0.959141414141
124        0.955580808081
125        0.961717171717
126        0.960555555556
127        0.959848484848
128        0.960606060606
129        0.959494949495
130        0.959621212121
131        0.959242424242
132        0.959747474747
133        0.903333333333
134        0.960429292929
135        0.960505050505
136        0.960555555556
137        0.959924242424
138        0.960732323232
139        0.962601010101
140        0.960252525253
141        0.95952020202
142        0.959696969697
143        0.958762626263
144        0.961161616162
145        0.547323232323
146        0.959747474747
147        0.962247474747
148        0.86595959596
149        0.959292929293
150        0.96047979798
151        0.960858585859
152        0.439696969697
153        0.960707070707
154        0.959267676768
155        0.959444444444
156        0.959848484848
157        0.574419191919
158        0.958232323232
159        0.942272727273
160        0.38797979798
161        0.960075757576
162        0.959898989899
163        0.959823232323
164        0.959823232323
165        0.41297979798
166        0.958863636364
167        0.959873737374
168        0.959722222222
169        0.960176767677
170        0.960328282828
171        0.960176767677
172        0.960580808081
173        0.958611111111
174        0.959696969697
175        0.959797979798
176        0.96047979798
177        0.958813131313
178        0.96154040404
179        0.960656565657
180        0.777070707071
181        0.898383838384
182        0.960833333333
183        0.960934343434
184        0.960631313131
185        0.960101010101
186        0.96101010101
187        0.960353535354
188        0.950404040404
189        0.960681818182
190        0.960101010101
191        0.959848484848
192        0.959696969697
193        0.959772727273
194        0.960252525253
195        0.961792929293
196        0.959797979798
197        0.961414141414
198        0.959722222222
