1        0.967777777778
2        0.804343434343
3        0.853661616162
4        0.96797979798
5        0.967247474747
6        0.453106060606
7        0.967878787879
8        0.969924242424
9        0.968888888889
10        0.968838383838
11        0.968585858586
12        0.967929292929
13        0.967954545455
14        0.968914141414
15        0.958055555556
16        0.962929292929
17        0.670303030303
18        0.96845959596
19        0.968409090909
20        0.962777777778
21        0.444545454545
22        0.968207070707
23        0.968964646465
24        0.968838383838
25        0.915328282828
26        0.967929292929
27        0.967803030303
28        0.967424242424
29        0.968888888889
30        0.377626262626
31        0.968055555556
32        0.968333333333
33        0.967702020202
34        0.825631313131
35        0.968585858586
36        0.969267676768
37        0.907525252525
38        0.966994949495
39        0.945555555556
40        0.969444444444
41        0.954949494949
42        0.958308080808
43        0.966691919192
44        0.968106060606
45        0.944823232323
46        0.967929292929
47        0.787222222222
48        0.948005050505
49        0.968383838384
50        0.967752525253
51        0.968661616162
52        0.912222222222
53        0.967676767677
54        0.968762626263
55        0.968484848485
56        0.968232323232
57        0.968661616162
58        0.968358585859
59        0.967045454545
60        0.967474747475
61        0.968888888889
62        0.969015151515
63        0.967601010101
64        0.966641414141
65        0.967853535354
66        0.967449494949
67        0.967727272727
68        0.968358585859
69        0.969318181818
70        0.969368686869
71        0.967853535354
72        0.963333333333
73        0.967853535354
74        0.969545454545
75        0.968055555556
76        0.96904040404
77        0.969722222222
78        0.969267676768
79        0.970075757576
80        0.967676767677
81        0.968282828283
82        0.940176767677
83        0.968207070707
84        0.969671717172
85        0.968358585859
86        0.969318181818
87        0.966388888889
88        0.966944444444
89        0.966414141414
90        0.967601010101
91        0.968611111111
92        0.920555555556
93        0.967474747475
94        0.967929292929
95        0.967449494949
96        0.968409090909
97        0.968257575758
98        0.966691919192
99        0.96803030303
100        0.968964646465
101        0.969267676768
102        0.968712121212
103        0.967929292929
104        0.968535353535
105        0.967449494949
106        0.968232323232
107        0.968914141414
108        0.966590909091
109        0.969065656566
110        0.968611111111
111        0.96904040404
112        0.969570707071
113        0.969065656566
114        0.967398989899
115        0.915328282828
116        0.966792929293
117        0.968232323232
118        0.967575757576
119        0.958964646465
120        0.387474747475
121        0.968055555556
122        0.969217171717
123        0.96845959596
124        0.968409090909
125        0.969873737374
126        0.967803030303
127        0.968888888889
128        0.970202020202
129        0.969318181818
130        0.96845959596
131        0.967727272727
132        0.967777777778
133        0.921262626263
134        0.967550505051
135        0.967853535354
136        0.968333333333
137        0.968282828283
138        0.969292929293
139        0.968232323232
140        0.968737373737
141        0.967247474747
142        0.967474747475
143        0.969747474747
144        0.968863636364
145        0.704242424242
146        0.968686868687
147        0.968232323232
148        0.876893939394
149        0.968409090909
150        0.967525252525
151        0.968156565657
152        0.58803030303
153        0.968737373737
154        0.967601010101
155        0.967045454545
156        0.96797979798
157        0.688888888889
158        0.969444444444
159        0.963737373737
160        0.391388888889
161        0.967878787879
162        0.967929292929
163        0.968207070707
164        0.969116161616
165        0.468762626263
166        0.96803030303
167        0.970126262626
168        0.968611111111
169        0.967272727273
170        0.968181818182
171        0.969595959596
172        0.969116161616
173        0.969419191919
174        0.969343434343
175        0.968787878788
176        0.967803030303
177        0.9675
178        0.970277777778
179        0.969090909091
180        0.868914141414
181        0.938257575758
182        0.968535353535
183        0.968106060606
184        0.969242424242
185        0.969444444444
186        0.967954545455
187        0.968484848485
188        0.9525
189        0.968611111111
190        0.968207070707
191        0.969646464646
192        0.967752525253
193        0.969015151515
194        0.970176767677
195        0.970252525253
196        0.968838383838
197        0.968661616162
198        0.968661616162
