1        0.972424242424
2        0.79452020202
3        0.900580808081
4        0.971767676768
5        0.97297979798
6        0.483611111111
7        0.972424242424
8        0.972348484848
9        0.973611111111
10        0.972676767677
11        0.974393939394
12        0.973156565657
13        0.973207070707
14        0.972525252525
15        0.965202020202
16        0.972702020202
17        0.689292929293
18        0.974090909091
19        0.972247474747
20        0.972752525253
21        0.496111111111
22        0.972853535354
23        0.973308080808
24        0.972449494949
25        0.948964646465
26        0.973560606061
27        0.973308080808
28        0.974797979798
29        0.972777777778
30        0.394116161616
31        0.972272727273
32        0.972222222222
33        0.973207070707
34        0.858181818182
35        0.974393939394
36        0.973005050505
37        0.934848484848
38        0.972171717172
39        0.958914141414
40        0.974873737374
41        0.953308080808
42        0.973560606061
43        0.972626262626
44        0.973257575758
45        0.953964646465
46        0.974166666667
47        0.863308080808
48        0.973232323232
49        0.973712121212
50        0.973131313131
51        0.972803030303
52        0.943560606061
53        0.973055555556
54        0.972575757576
55        0.973964646465
56        0.973257575758
57        0.973585858586
58        0.973055555556
59        0.972070707071
60        0.973232323232
61        0.972702020202
62        0.973358585859
63        0.97351010101
64        0.973358585859
65        0.973939393939
66        0.971515151515
67        0.972525252525
68        0.972247474747
69        0.9725
70        0.972323232323
71        0.97196969697
72        0.968232323232
73        0.972222222222
74        0.973636363636
75        0.973939393939
76        0.973308080808
77        0.973358585859
78        0.973358585859
79        0.9725
80        0.972045454545
81        0.97196969697
82        0.967929292929
83        0.973055555556
84        0.9725
85        0.973686868687
86        0.973282828283
87        0.971843434343
88        0.973863636364
89        0.974722222222
90        0.972954545455
91        0.972575757576
92        0.933964646465
93        0.973434343434
94        0.972398989899
95        0.972146464646
96        0.973409090909
97        0.972853535354
98        0.973863636364
99        0.973611111111
100        0.97297979798
101        0.973611111111
102        0.973560606061
103        0.972752525253
104        0.973005050505
105        0.972348484848
106        0.972878787879
107        0.972323232323
108        0.973914141414
109        0.974141414141
110        0.973106060606
111        0.973535353535
112        0.972954545455
113        0.971666666667
114        0.972373737374
115        0.931035353535
116        0.972297979798
117        0.966994949495
118        0.972525252525
119        0.968383838384
120        0.364090909091
121        0.97202020202
122        0.973560606061
123        0.973358585859
124        0.973282828283
125        0.973131313131
126        0.973207070707
127        0.97202020202
128        0.97345959596
129        0.973156565657
130        0.974090909091
131        0.973207070707
132        0.973636363636
133        0.94351010101
134        0.971767676768
135        0.971994949495
136        0.973686868687
137        0.973762626263
138        0.972171717172
139        0.971742424242
140        0.972297979798
141        0.973535353535
142        0.973560606061
143        0.973207070707
144        0.973787878788
145        0.67904040404
146        0.972676767677
147        0.973333333333
148        0.915050505051
149        0.972904040404
150        0.973939393939
151        0.974949494949
152        0.628611111111
153        0.972853535354
154        0.973661616162
155        0.973636363636
156        0.97351010101
157        0.75845959596
158        0.973080808081
159        0.97345959596
160        0.465732323232
161        0.973484848485
162        0.974116161616
163        0.973383838384
164        0.97446969697
165        0.441792929293
166        0.972777777778
167        0.974570707071
168        0.973156565657
169        0.973383838384
170        0.972297979798
171        0.973358585859
172        0.973585858586
173        0.97351010101
174        0.972601010101
175        0.972196969697
176        0.973358585859
177        0.973308080808
178        0.972601010101
179        0.972904040404
180        0.892247474747
181        0.949318181818
182        0.97303030303
183        0.972550505051
184        0.971919191919
185        0.973737373737
186        0.972878787879
187        0.97297979798
188        0.97297979798
189        0.973308080808
190        0.974166666667
191        0.973914141414
192        0.972297979798
193        0.972474747475
194        0.972626262626
195        0.972954545455
196        0.97398989899
197        0.972550505051
198        0.972878787879
