1        0.860808080808
2        0.360151515152
3        0.385050505051
4        0.801641414141
5        0.877853535354
6        0.0202777777778
7        0.878156565657
8        0.846666666667
9        0.850353535354
10        0.88148989899
11        0.857954545455
12        0.840176767677
13        0.863712121212
14        0.853888888889
15        0.606717171717
16        0.667803030303
17        0.230580808081
18        0.876691919192
19        0.857095959596
20        0.717777777778
21        0.17648989899
22        0.844393939394
23        0.74095959596
24        0.87154040404
25        0.427651515152
26        0.873560606061
27        0.754090909091
28        0.872550505051
29        0.871363636364
30        0.0756818181818
31        0.848055555556
32        0.878484848485
33        0.878333333333
34        0.352373737374
35        0.880631313131
36        0.849090909091
37        0.394646464646
38        0.840681818182
39        0.532146464646
40        0.876691919192
41        0.59601010101
42        0.781338383838
43        0.877297979798
44        0.877247474747
45        0.602297979798
46        0.854217171717
47        0.286666666667
48        0.623813131313
49        0.878257575758
50        0.872121212121
51        0.826843434343
52        0.560277777778
53        0.876186868687
54        0.88
55        0.85297979798
56        0.874267676768
57        0.870277777778
58        0.883358585859
59        0.754368686869
60        0.879318181818
61        0.872247474747
62        0.866843434343
63        0.880277777778
64        0.876590909091
65        0.866641414141
66        0.880555555556
67        0.876515151515
68        0.791414141414
69        0.879974747475
70        0.879368686869
71        0.870909090909
72        0.728787878788
73        0.87345959596
74        0.843737373737
75        0.804797979798
76        0.792651515152
77        0.860707070707
78        0.857601010101
79        0.836237373737
80        0.828409090909
81        0.879949494949
82        0.639823232323
83        0.877121212121
84        0.753712121212
85        0.827601010101
86        0.87702020202
87        0.849368686869
88        0.876262626263
89        0.825656565657
90        0.875202020202
91        0.873257575758
92        0.354116161616
93        0.876464646465
94        0.867196969697
95        0.881666666667
96        0.882095959596
97        0.810404040404
98        0.877752525253
99        0.880732323232
100        0.882247474747
101        0.879848484848
102        0.835378787879
103        0.856414141414
104        0.839823232323
105        0.880656565657
106        0.884646464646
107        0.880202020202
108        0.878156565657
109        0.873257575758
110        0.879570707071
111        0.879444444444
112        0.875580808081
113        0.771338383838
114        0.881464646465
115        0.415782828283
116        0.840328282828
117        0.792752525253
118        0.879343434343
119        0.655555555556
120        0.115227272727
121        0.878787878788
122        0.880580808081
123        0.880277777778
124        0.820505050505
125        0.873535353535
126        0.807525252525
127        0.881717171717
128        0.876186868687
129        0.848888888889
130        0.878686868687
131        0.880050505051
132        0.880252525253
133        0.448535353535
134        0.753383838384
135        0.882626262626
136        0.879772727273
137        0.805580808081
138        0.873181818182
139        0.812171717172
140        0.880808080808
141        0.852449494949
142        0.867727272727
143        0.793964646465
144        0.81702020202
145        0.23303030303
146        0.868585858586
147        0.87904040404
148        0.380984848485
149        0.876919191919
150        0.880429292929
151        0.858636363636
152        0.0700252525253
153        0.879267676768
154        0.881388888889
155        0.799570707071
156        0.845707070707
157        0.109065656566
158        0.878484848485
159        0.729318181818
160        0.141085858586
161        0.873207070707
162        0.845353535354
163        0.744873737374
164        0.883383838384
165        0.163611111111
166        0.80595959596
167        0.874949494949
168        0.880151515152
169        0.861212121212
170        0.879217171717
171        0.878181818182
172        0.878888888889
173        0.861767676768
174        0.879141414141
175        0.83446969697
176        0.866515151515
177        0.861085858586
178        0.880934343434
179        0.880681818182
180        0.240075757576
181        0.501212121212
182        0.85851010101
183        0.876565656566
184        0.866893939394
185        0.776464646465
186        0.758737373737
187        0.809797979798
188        0.679267676768
189        0.877676767677
190        0.857297979798
191        0.853686868687
192        0.881464646465
193        0.870025252525
194        0.878308080808
195        0.878737373737
196        0.879646464646
197        0.880101010101
198        0.791818181818
