1        0.779696969697
2        0.211464646465
3        0.288106060606
4        0.676262626263
5        0.8225
6        0.0106565656566
7        0.828005050505
8        0.760126262626
9        0.725833333333
10        0.786161616162
11        0.756085858586
12        0.791868686869
13        0.755252525253
14        0.749646464646
15        0.468080808081
16        0.492323232323
17        0.228131313131
18        0.819065656566
19        0.780328282828
20        0.631565656566
21        0.120984848485
22        0.732727272727
23        0.62047979798
24        0.787196969697
25        0.292222222222
26        0.795
27        0.601439393939
28        0.803080808081
29        0.792676767677
30        0.0218686868687
31        0.712297979798
32        0.81351010101
33        0.804015151515
34        0.261742424242
35        0.818257575758
36        0.771212121212
37        0.282171717172
38        0.666590909091
39        0.425126262626
40        0.809393939394
41        0.416893939394
42        0.621944444444
43        0.813106060606
44        0.812045454545
45        0.476363636364
46        0.749292929293
47        0.180555555556
48        0.485429292929
49        0.821893939394
50        0.782828282828
51        0.704722222222
52        0.460025252525
53        0.814570707071
54        0.823308080808
55        0.758358585859
56        0.814318181818
57        0.810454545455
58        0.819595959596
59        0.625984848485
60        0.827272727273
61        0.824545454545
62        0.786136363636
63        0.808383838384
64        0.791464646465
65        0.813358585859
66        0.817070707071
67        0.810202020202
68        0.61303030303
69        0.826767676768
70        0.826035353535
71        0.796742424242
72        0.541843434343
73        0.798333333333
74        0.732222222222
75        0.699444444444
76        0.645782828283
77        0.787474747475
78        0.751868686869
79        0.771287878788
80        0.711136363636
81        0.817626262626
82        0.52547979798
83        0.821287878788
84        0.675227272727
85        0.717777777778
86        0.810454545455
87        0.760328282828
88        0.810757575758
89        0.706313131313
90        0.819015151515
91        0.752449494949
92        0.250202020202
93        0.803308080808
94        0.781818181818
95        0.825707070707
96        0.82797979798
97        0.664090909091
98        0.828308080808
99        0.830252525253
100        0.827449494949
101        0.82297979798
102        0.75196969697
103        0.777575757576
104        0.733484848485
105        0.822651515152
106        0.810404040404
107        0.811742424242
108        0.828005050505
109        0.803964646465
110        0.826060606061
111        0.811388888889
112        0.778611111111
113        0.601085858586
114        0.826742424242
115        0.250580808081
116        0.726085858586
117        0.647121212121
118        0.816616161616
119        0.442752525253
120        0.0637373737374
121        0.815252525253
122        0.827070707071
123        0.819444444444
124        0.700202020202
125        0.80148989899
126        0.713333333333
127        0.793383838384
128        0.822424242424
129        0.746439393939
130        0.824141414141
131        0.828737373737
132        0.826818181818
133        0.323863636364
134        0.61297979798
135        0.825328282828
136        0.830858585859
137        0.682398989899
138        0.722828282828
139        0.716666666667
140        0.784671717172
141        0.784747474747
142        0.804924242424
143        0.714873737374
144        0.688813131313
145        0.13351010101
146        0.774166666667
147        0.805025252525
148        0.246515151515
149        0.825606060606
150        0.825025252525
151        0.759621212121
152        0.0319191919192
153        0.81404040404
154        0.829772727273
155        0.706919191919
156        0.765707070707
157        0.0696212121212
158        0.826590909091
159        0.522449494949
160        0.125984848485
161        0.792247474747
162        0.731136363636
163        0.608080808081
164        0.821136363636
165        0.0679292929293
166        0.627752525253
167        0.817247474747
168        0.82202020202
169        0.752272727273
170        0.825757575758
171        0.821439393939
172        0.798560606061
173        0.771590909091
174        0.827929292929
175        0.701616161616
176        0.772878787879
177        0.766388888889
178        0.811565656566
179        0.814772727273
180        0.157550505051
181        0.376868686869
182        0.773939393939
183        0.822323232323
184        0.740909090909
185        0.661666666667
186        0.650429292929
187        0.732398989899
188        0.497222222222
189        0.786843434343
190        0.794696969697
191        0.750732323232
192        0.826136363636
193        0.798863636364
194        0.828358585859
195        0.827777777778
196        0.822878787879
197        0.81345959596
198        0.629646464646
