1        0.53047979798
2        0.147525252525
3        0.116363636364
4        0.412803030303
5        0.620025252525
6        0.00573232323232
7        0.677575757576
8        0.493712121212
9        0.462702020202
10        0.565328282828
11        0.50803030303
12        0.516565656566
13        0.493838383838
14        0.546388888889
15        0.212121212121
16        0.269318181818
17        0.0790656565657
18        0.626666666667
19        0.536515151515
20        0.359166666667
21        0.0507070707071
22        0.554217171717
23        0.35148989899
24        0.550631313131
25        0.157196969697
26        0.549873737374
27        0.401792929293
28        0.541060606061
29        0.577373737374
30        0.00868686868687
31        0.529343434343
32        0.615227272727
33        0.610707070707
34        0.12845959596
35        0.676616161616
36        0.566893939394
37        0.0868939393939
38        0.453181818182
39        0.173207070707
40        0.607575757576
41        0.215984848485
42        0.344823232323
43        0.579671717172
44        0.647373737374
45        0.239065656566
46        0.547121212121
47        0.0828535353535
48        0.202373737374
49        0.645934343434
50        0.553080808081
51        0.442247474747
52        0.249191919192
53        0.653914141414
54        0.64654040404
55        0.54
56        0.59047979798
57        0.596818181818
58        0.621590909091
59        0.383661616162
60        0.694595959596
61        0.617297979798
62        0.601136363636
63        0.602550505051
64        0.630631313131
65        0.628282828283
66        0.647348484848
67        0.550782828283
68        0.398661616162
69        0.671313131313
70        0.678257575758
71        0.561818181818
72        0.341111111111
73        0.591792929293
74        0.50351010101
75        0.436641414141
76        0.446919191919
77        0.570277777778
78        0.553383838384
79        0.508232323232
80        0.42047979798
81        0.621464646465
82        0.217828282828
83        0.669646464646
84        0.376464646465
85        0.431035353535
86        0.617449494949
87        0.479141414141
88        0.619393939394
89        0.488787878788
90        0.58654040404
91        0.503636363636
92        0.120050505051
93        0.594823232323
94        0.558131313131
95        0.622373737374
96        0.645378787879
97        0.468257575758
98        0.65797979798
99        0.671414141414
100        0.662575757576
101        0.677222222222
102        0.433636363636
103        0.533131313131
104        0.46297979798
105        0.658787878788
106        0.62095959596
107        0.632449494949
108        0.677651515152
109        0.62797979798
110        0.655328282828
111        0.643131313131
112        0.567398989899
113        0.406792929293
114        0.656237373737
115        0.178560606061
116        0.440176767677
117        0.364090909091
118        0.633636363636
119        0.24553030303
120        0.00530303030303
121        0.602398989899
122        0.66047979798
123        0.641212121212
124        0.405833333333
125        0.584823232323
126        0.427752525253
127        0.572752525253
128        0.580303030303
129        0.54398989899
130        0.597373737374
131        0.681565656566
132        0.685429292929
133        0.16351010101
134        0.358888888889
135        0.676287878788
136        0.692651515152
137        0.413737373737
138        0.466843434343
139        0.440934343434
140        0.57101010101
141        0.528535353535
142        0.614747474747
143        0.463257575758
144        0.392348484848
145        0.0786868686869
146        0.579924242424
147        0.630782828283
148        0.0889141414141
149        0.662929292929
150        0.621313131313
151        0.499444444444
152        0.0161868686869
153        0.606136363636
154        0.658737373737
155        0.415151515152
156        0.409141414141
157        0.0132070707071
158        0.674166666667
159        0.329671717172
160        0.0438888888889
161        0.588434343434
162        0.457348484848
163        0.337323232323
164        0.678838383838
165        0.0561363636364
166        0.447398989899
167        0.598383838384
168        0.689924242424
169        0.539419191919
170        0.678080808081
171        0.668055555556
172        0.614747474747
173        0.525782828283
174        0.667777777778
175        0.469116161616
176        0.484949494949
177        0.528636363636
178        0.640328282828
179        0.664116161616
180        0.044696969697
181        0.182424242424
182        0.551893939394
183        0.640025252525
184        0.515075757576
185        0.384242424242
186        0.435328282828
187        0.468535353535
188        0.288434343434
189        0.566186868687
190        0.57148989899
191        0.532954545455
192        0.674974747475
193        0.577575757576
194        0.658308080808
195        0.630353535354
196        0.63452020202
197        0.636868686869
198        0.418181818182
