1        0.296060606061
2        0.0643939393939
3        0.0659595959596
4        0.17845959596
5        0.348005050505
6        0.00578282828283
7        0.438838383838
8        0.320883838384
9        0.247676767677
10        0.334015151515
11        0.26654040404
12        0.317095959596
13        0.225606060606
14        0.295909090909
15        0.0995707070707
16        0.123005050505
17        0.0441919191919
18        0.368409090909
19        0.300252525253
20        0.177474747475
21        0.0178787878788
22        0.289797979798
23        0.151590909091
24        0.302626262626
25        0.0740151515152
26        0.256262626263
27        0.176414141414
28        0.26404040404
29        0.278156565657
30        0.0080303030303
31        0.291464646465
32        0.402727272727
33        0.39803030303
34        0.0779545454545
35        0.43202020202
36        0.342247474747
37        0.0344444444444
38        0.196212121212
39        0.0495202020202
40        0.364570707071
41        0.115606060606
42        0.149924242424
43        0.339722222222
44        0.41
45        0.0817171717172
46        0.298686868687
47        0.0235353535354
48        0.109116161616
49        0.409116161616
50        0.295555555556
51        0.211161616162
52        0.120580808081
53        0.382626262626
54        0.422626262626
55        0.323964646465
56        0.372878787879
57        0.365050505051
58        0.383787878788
59        0.177626262626
60        0.504823232323
61        0.359494949495
62        0.349015151515
63        0.380075757576
64        0.388535353535
65        0.389949494949
66        0.362601010101
67        0.347702020202
68        0.204974747475
69        0.449898989899
70        0.449848484848
71        0.321161616162
72        0.137626262626
73        0.319772727273
74        0.239974747475
75        0.188257575758
76        0.178156565657
77        0.298181818182
78        0.285126262626
79        0.238383838384
80        0.201565656566
81        0.404166666667
82        0.145277777778
83        0.455858585859
84        0.153914141414
85        0.208005050505
86        0.337702020202
87        0.333080808081
88        0.360555555556
89        0.262045454545
90        0.2725
91        0.268358585859
92        0.0490909090909
93        0.346641414141
94        0.343535353535
95        0.389646464646
96        0.390681818182
97        0.220681818182
98        0.435833333333
99        0.481590909091
100        0.443838383838
101        0.443131313131
102        0.230328282828
103        0.323888888889
104        0.242828282828
105        0.450883838384
106        0.395631313131
107        0.411136363636
108        0.488636363636
109        0.365606060606
110        0.433838383838
111        0.400757575758
112        0.337222222222
113        0.207373737374
114        0.395883838384
115        0.0608838383838
116        0.204116161616
117        0.16398989899
118        0.402196969697
119        0.130631313131
120        0.0127525252525
121        0.383131313131
122        0.46095959596
123        0.408383838384
124        0.184772727273
125        0.357247474747
126        0.212727272727
127        0.303560606061
128        0.33702020202
129        0.315681818182
130        0.387146464646
131        0.452550505051
132        0.473308080808
133        0.0597474747475
134        0.168358585859
135        0.452272727273
136        0.503181818182
137        0.208383838384
138        0.268560606061
139        0.222853535354
140        0.286666666667
141        0.293661616162
142        0.366994949495
143        0.22202020202
144        0.22452020202
145        0.0358333333333
146        0.316237373737
147        0.323863636364
148        0.035303030303
149        0.378914141414
150        0.395075757576
151        0.300984848485
152        0.00555555555556
153        0.33398989899
154        0.389924242424
155        0.186212121212
156        0.238080808081
157        0.0135101010101
158        0.465681818182
159        0.166893939394
160        0.0145202020202
161        0.345227272727
162        0.223636363636
163        0.158181818182
164        0.421742424242
165        0.00780303030303
166        0.212222222222
167        0.334090909091
168        0.486085858586
169        0.230303030303
170        0.446414141414
171        0.402727272727
172        0.300833333333
173        0.233232323232
174        0.448080808081
175        0.259621212121
176        0.231313131313
177        0.27696969697
178        0.415227272727
179        0.416237373737
180        0.0234343434343
181        0.0662121212121
182        0.337095959596
183        0.398055555556
184        0.233333333333
185        0.228484848485
186        0.214873737374
187        0.264292929293
188        0.182954545455
189        0.281742424242
190        0.310505050505
191        0.261792929293
192        0.433964646465
193        0.329570707071
194        0.446439393939
195        0.390252525253
196        0.442626262626
197        0.395227272727
198        0.181641414141
