1        0.313181818182
2        0.0547474747475
3        0.0619191919192
4        0.190303030303
5        0.380454545455
6        0.00565656565657
7        0.475151515152
8        0.35696969697
9        0.231565656566
10        0.353787878788
11        0.318333333333
12        0.312929292929
13        0.216414141414
14        0.301363636364
15        0.112171717172
16        0.139444444444
17        0.0206565656566
18        0.391868686869
19        0.332424242424
20        0.184797979798
21        0.0440404040404
22        0.352424242424
23        0.198787878788
24        0.32595959596
25        0.0699494949495
26        0.258383838384
27        0.191111111111
28        0.297070707071
29        0.312424242424
30        0.0161616161616
31        0.339898989899
32        0.433686868687
33        0.375050505051
34        0.0831313131313
35        0.431717171717
36        0.359141414141
37        0.0917676767677
38        0.186414141414
39        0.0772727272727
40        0.393434343434
41        0.0926262626263
42        0.177727272727
43        0.404696969697
44        0.493585858586
45        0.137323232323
46        0.270151515152
47        0.0272222222222
48        0.100505050505
49        0.450454545455
50        0.393737373737
51        0.223838383838
52        0.124242424242
53        0.443434343434
54        0.456868686869
55        0.380858585859
56        0.371363636364
57        0.388434343434
58        0.439646464646
59        0.202121212121
60        0.537121212121
61        0.380707070707
62        0.389545454545
63        0.417727272727
64        0.42202020202
65        0.376868686869
66        0.409343434343
67        0.412121212121
68        0.18797979798
69        0.502777777778
70        0.486818181818
71        0.323333333333
72        0.141262626263
73        0.357575757576
74        0.278232323232
75        0.233636363636
76        0.229898989899
77        0.319696969697
78        0.363333333333
79        0.270909090909
80        0.264696969697
81        0.409898989899
82        0.15095959596
83        0.525707070707
84        0.199545454545
85        0.220606060606
86        0.362525252525
87        0.337676767677
88        0.372525252525
89        0.257727272727
90        0.312424242424
91        0.282222222222
92        0.0874242424242
93        0.359393939394
94        0.330656565657
95        0.445353535354
96        0.465858585859
97        0.222727272727
98        0.456414141414
99        0.491515151515
100        0.469242424242
101        0.458232323232
102        0.180404040404
103        0.330303030303
104        0.293838383838
105        0.460909090909
106        0.42196969697
107        0.459191919192
108        0.484848484848
109        0.421111111111
110        0.409747474747
111        0.411363636364
112        0.386666666667
113        0.271919191919
114        0.403080808081
115        0.0610101010101
116        0.28797979798
117        0.187272727273
118        0.360656565657
119        0.132171717172
120        0.035101010101
121        0.418232323232
122        0.469494949495
123        0.435252525253
124        0.213484848485
125        0.382121212121
126        0.241212121212
127        0.391212121212
128        0.347222222222
129        0.265707070707
130        0.417525252525
131        0.481767676768
132        0.504141414141
133        0.0871212121212
134        0.229797979798
135        0.44101010101
136        0.489191919192
137        0.257474747475
138        0.239292929293
139        0.255202020202
140        0.328484848485
141        0.370909090909
142        0.393181818182
143        0.199848484848
144        0.18904040404
145        0.0292929292929
146        0.428383838384
147        0.320202020202
148        0.0492929292929
149        0.396919191919
150        0.407929292929
151        0.344545454545
152        0.00575757575758
153        0.354848484848
154        0.477828282828
155        0.243282828283
156        0.300202020202
157        0.0060101010101
158        0.493333333333
159        0.17898989899
160        0.0223232323232
161        0.330050505051
162        0.301313131313
163        0.163737373737
164        0.472424242424
165        0.0323737373737
166        0.224797979798
167        0.344090909091
168        0.507626262626
169        0.208383838384
170        0.47
171        0.439090909091
172        0.336464646465
173        0.254747474747
174        0.456464646465
175        0.277121212121
176        0.24898989899
177        0.283686868687
178        0.456060606061
179        0.409494949495
180        0.0346464646465
181        0.0225757575758
182        0.385454545455
183        0.472929292929
184        0.240858585859
185        0.281212121212
186        0.216212121212
187        0.237676767677
188        0.160909090909
189        0.288434343434
190        0.373383838384
191        0.333232323232
192        0.485151515152
193        0.387121212121
194        0.506717171717
195        0.463181818182
196        0.473737373737
197        0.425303030303
198        0.182878787879
