1        0.22289682539682532
2        0.07535714285714272
3        0.3148582766439906
4        0.3200283446712018
5        0.311187641723356
6        0.3165787981859411
7        0.3244586167800452
8        0.3173185941043079
9        0.32056689342403627
10        0.3182256235827661
11        0.3161989795918366
12        0.31544501133786834
13        0.31921201814058925
14        0.3183758503401359
15        0.315484693877551
16        0.31847505668934245
17        0.31428854875283463
18        0.3113548752834467
19        0.3156831065759635
20        0.31590136054421775
21        0.31959183673469377
22        0.31618197278911564
23        0.3123894557823126
24        0.31463435374149656
25        0.3182001133786848
26        0.3136706349206347
27        0.3169501133786849
28        0.322080498866213
29        0.3214909297052153
30        0.316626984126984
31        0.3136649659863943
32        0.31543650793650796
33        0.3206009070294782
34        0.3128117913832203
35        0.3190476190476192
36        0.3208106575963717
37        0.31473922902494345
38        0.31925453514739205
39        0.3211621315192741
40        0.31504818594104306
41        0.3223951247165531
42        0.313849206349206
43        0.3153316326530608
44        0.3178089569160997
45        0.3177069160997732
46        0.31636337868480724
47        0.3211791383219953
48        0.31906746031746025
49        0.322239229024943
50        0.31678854875283446
51        0.32065759637188196
52        0.3213973922902492
53        0.32122732426303874
54        0.00412131519274376
55        0.002633219954648525
56        0.017395124716553266
57        0.00986394557823126
58        0.0026077097505668987
59        0.00420068027210885
60        0.0026870748299319793
61        0.007967687074829928
62        0.009620181405895684
63        0.03363095238095231
64        0.0977976190476189
65        0.3183588435374149
66        0.006051587301587309
67        0.0013945578231292443
68        0.006930272108843535
69        0.004679705215419505
70        0.0012329931972789052
71        0.003058390022675731
72        0.0025396825396825405
73        0.0044019274376417205
74        0.011757369614512448
75        0.020430839002267515
76        0.0732794784580497
77        0.2391695011337866
78        0.0031320861678004455
79        0.0036819727891156543
80        0.009509637188208605
81        0.00763888888888887
82        0.0012585034013605388
83        0.0037414965986394527
84        0.0022108843537414964
85        0.004985827664399094
86        0.007202380952380952
87        0.025717120181405824
88        0.07477891156462572
89        0.22603174603174583
90        0.005595238095238102
91        0.0013010204081632594
92        0.011743197278911549
93        0.005592403628117921
94        0.001337868480725618
95        0.004039115646258512
96        0.0013236961451247103
97        0.004603174603174612
98        0.01872165532879815
99        0.02050170068027206
100        0.06617913832199532
101        0.005053854875283453
102        0.0014172335600906956
103        0.00811507936507936
104        0.004498299319727896
105        0.001335034013605436
106        0.0045578231292516995
107        0.002616213151927438
108        0.004747732426303857
109        0.009980158730158721
110        0.028344671201813984
111        0.07820011337868464
112        0.004620181405895694
113        0.0029365079365079455
114        0.01637471655328796
115        0.005277777777777783
116        0.002556689342403624
117        0.0031094104308390007
118        0.0013151927437641663
119        0.011130952380952333
120        0.013489229024943275
121        0.032956349206349135
122        0.10190476190476173
123        0.31235827664399113
124        0.008126417233560097
125        0.002517006802721089
126        0.018517573696145102
127        0.00182539682539682
128        0.0012840136054421709
129        0.005121882086167804
130        0.002426303854875282
131        0.007723922902494324
132        0.012905328798185924
133        0.02383503401360537
134        0.10396825396825372
135        0.31517290249433105
136        0.0027522675736961423
137        0.003171768707482994
138        0.015836167800453504
139        0.008764172335600878
140        0.0013038548752834416
141        0.003784013605442185
142        0.0012896825396825342
143        0.00979591836734692
144        0.011539115646258471
145        0.025651927437641674
146        0.09281462585033996
147        0.31089002267573707
148        0.006660997732426311
149        0.0020833333333333294
150        0.01756235827664399
151        0.005408163265306122
152        0.002429138321995468
153        0.005867346938775515
154        0.003557256235827674
155        0.005770975056689348
156        0.01858843537414962
157        0.021848072562358222
158        0.08368480725623569
159        0.3129024943310659
160        0.0017176870748299238
161        0.0013180272108843463
162        0.015765306122448964
163        0.004523809523809528
164        0.0035374149659864
165        0.0066468253968254105
166        0.0013350340136054348
167        0.010263605442176844
168        0.008852040816326517
169        0.02614229024943301
170        0.09640873015872999
171        0.3108956916099771
172        0.006502267573696159
173        0.0026643990929705232
174        0.008823696145124705
175        0.009793083900226708
176        0.002531179138322001
177        0.0019019274376417161
178        0.0037755102040816445
179        0.00713718820861676
180        0.01761054421768703
181        0.02881519274376411
182        0.07885487528344652
183        0.31611961451247167
184        0.0053684807256235865
185        0.0013803854875283376
186        0.01492346938775509
187        0.0019132653061224403
188        0.0013066893424036217
189        0.002976190476190471
190        0.0020975056689342365
191        0.006136621315192753
192        0.014237528344671162
193        0.02733276643990922
194        0.09613662131519256
195        0.32222222222222235
196        0.06929988662131506
197        0.022956349206349116
198        0.1816780045351472
199        0.10983560090702937
200        0.08814625850340127
201        0.07572278911564617
202        0.07851757369614497
203        0.09530612244897949
204        0.042208049886621246
205        0.04152210884353728
206        0.022298752834466962
207        0.1370323129251701
208        0.021995464852607637
209        0.003945578231292525
210        0.02628401360544209
211        0.025232426303854857
212        0.029580498866213053
213        0.026539115646258406
214        0.026363378684807173
215        0.017755102040816272
216        0.01036281179138323
217        0.01662131519274369
218        0.003356009070294783
219        0.08049886621315183
220        0.08200113378684788
221        0.01857426303854869
222        0.012244897959183642
223        0.05876700680272096
224        0.0241241496598638
225        0.17811507936507923
226        0.10274943310657587
227        0.09722789115646252
228        0.0811366213151926
229        0.08407312925170052
230        0.10462585034013594
231        0.037644557823129206
232        0.0557511337868479
233        0.013801020408163195
234        0.15564058956916102
235        0.01964002267573689
236        0.006014739229024954
237        0.0232482993197278
238        0.026978458049886564
239        0.02939342403628107
240        0.014895124716553233
241        0.024410430839002163
242        0.02444160997732416
243        0.008404195011337852
244        0.0107312925170068
245        0.006252834467120196
246        0.09914399092970508
247        0.07867630385487517
248        0.04307823129251688
249        0.015677437641723278
250        0.0355668934240363
251        0.008829365079365074
252        0.0027806122448979574
253        0.03630668934240358
254        0.022074829931972725
255        0.026904761904761838
256        0.012174036281179105
257        0.016799886621315194
258        0.010133219954648508
259        0.06280045351473919
260        0.0061479591836734685
261        0.01582482993197273
262        0.00354024943310658
263        0.04837868480725626
264        0.013959750566893388
265        0.005348639455782319
266        0.0021655328798185895
267        0.005793650793650809
268        0.009126984126984077
269        0.0071286848072562355
270        0.004846938775510212
271        0.006261337868480731
272        0.007069160997732419
273        0.0024291383219954615
274        0.004498299319727897
275        0.0012641723356009002
276        0.015073696145124667
277        0.01727040816326522
278        0.005952380952380962
279        0.005090702947845807
280        0.03561507936507932
281        0.009503968253968242
282        0.004316893424036287
283        0.03795918367346933
284        0.02316609977324257
285        0.02286848072562353
286        0.021139455782312865
287        0.013373015873015854
288        0.013798185941043047
289        0.07363662131519273
290        0.009926303854875276
291        0.01022959183673468
292        0.004481292517006809
293        0.052236394557823175
294        0.0163180272108843
295        0.00542517006802722
296        0.0041354875283446816
297        0.00526927437641724
298        0.008149092970521521
299        0.007525510204081637
300        0.003801020408163267
301        0.006950113378684809
302        0.004982993197278914
303        0.005921201814058971
304        0.003679138321995465
305        0.0013548752834467055
306        0.01736961451247161
307        0.011522108843537394
308        0.009226190476190456
309        0.005300453514739238
310        0.036901927437641716
311        0.014467120181405849
312        0.004988662131519284
313        0.043276643990929634
314        0.024481292517006748
315        0.01842120181405891
316        0.011522108843537378
317        0.02359126984126984
318        0.018707482993197192
319        0.0675028344671202
320        0.008049886621315186
321        0.012089002267573675
322        0.0033304988662131545
323        0.05815192743764172
324        0.014988662131519238
325        0.01047902494331063
326        0.001941609977324259
327        0.004929138321995471
328        0.00577664399092971
329        0.004863945578231299
330        0.004739229024943311
331        0.005977891156462595
332        0.003829365079365077
333        0.0061394557823129395
334        0.0039937641723356045
335        0.0013945578231292443
336        0.016822562358276578
337        0.019022108843537347
338        0.007964852607709733
339        0.006210317460317464
340        0.03976190476190476
341        0.011105442176870732
342        0.0053769841269841285
343        0.03300736961451244
344        0.021859410430838923
345        0.018801020408163192
346        0.012871315192743692
347        0.01143707482993197
348        0.016530612244897904
349        0.08411281179138323
350        0.0071258503401360465
351        0.0148356009070294
352        0.0080498866213152
353        0.05481009070294785
354        0.014064625850340112
355        0.006230158730158741
356        0.0033730158730158697
357        0.004486961451247175
358        0.007508503401360533
359        0.007874149659863936
360        0.003548752834467121
361        0.005963718820861687
362        0.0035544217687074795
363        0.004305555555555561
364        0.0029109977324263017
365        0.0031009070294784574
366        0.015164399092970446
367        0.014212018140589514
368        0.003852040816326534
369        0.0055782312925170136
370        0.031729024943310646
371        0.010164399092970495
372        0.004401927437641734
373        0.04404195011337863
374        0.02171201814058952
375        0.028285147392290197
376        0.016108276643990907
377        0.02442460317460316
378        0.015311791383219895
379        0.07221371882086172
380        0.008517573696145118
381        0.012837301587301569
382        0.004506802721088451
383        0.05606859410430842
384        0.015612244897959149
385        0.0066014739229025045
386        0.0038350340136054546
387        0.006669501133786864
388        0.006621315192743768
389        0.004243197278911566
390        0.005980725623582772
391        0.008191609977324248
392        0.004753401360544225
393        0.004081632653061226
394        0.0038463718820861644
395        0.0021145124716553223
396        0.015467687074829888
397        0.012176870748299283
398        0.007247732426303856
399        0.00671768707482994
400        0.040036848072562345
401        0.01608560090702944
402        0.005654761904761919
403        0.040104875283446646
404        0.018222789115646214
405        0.020314625850340048
406        0.012089002267573666
407        0.012573696145124713
408        0.02320011337868473
409        0.07469954648526077
410        0.007290249433106566
411        0.011845238095238068
412        0.0067233560090702955
413        0.05930839002267577
414        0.011641156462584998
415        0.0055810657596372
416        0.00208333333333333
417        0.008378684807256231
418        0.005303287981859409
419        0.006740362811791392
420        0.004725056689342401
421        0.004844104308390029
422        0.0036819727891156456
423        0.0027409297052154186
424        0.0025765306122448946
425        0.0017715419501133707
426        0.020895691609977257
427        0.015802154195011284
428        0.005620748299319733
429        0.0035317460317460295
430        0.14455498866213126
431        0.04299036281179124
432        0.02030612244897946
433        0.1654790249433105
434        0.08297619047619033
435        0.07714285714285701
436        0.053381519274376336
437        0.04923185941043082
438        0.07341553287981842
439        0.022752267573696142
440        0.04837868480725609
441        0.020062358276643908
442        0.2143253968253967
443        0.050470521541949975
444        0.015907029478458
445        0.004861111111111114
446        0.016150793650793607
447        0.02118480725623578
448        0.0163633786848072
449        0.01010487528344669
450        0.016462585034013565
451        0.009965986394557778
452        0.011057256235827637
453        0.01132369614512468
454        0.006369047619047632
455        0.05427437641723341
456        0.04208900226757357
457        0.021703514739228956
458        0.01023242630385483
459        0.15187641723355988
460        0.05223639455782298
461        0.009628684807256174
462        0.15854875283446704
463        0.07771258503401346
464        0.08623015873015853
465        0.059781746031745915
466        0.061643990929705184
467        0.06554988662131501
468        0.022307256235827654
469        0.05911281179138306
470        0.014957482993197223
471        0.19563492063492047
472        0.05619331065759625
473        0.021785714285714203
474        0.007193877551020394
475        0.024552154195011264
476        0.014838435374149594
477        0.017726757369614425
478        0.010660430839002222
479        0.023749999999999948
480        0.014430272108843468
481        0.005977891156462601
482        0.010952380952380922
483        0.0037046485260771025
484        0.05017857142857129
485        0.06952380952380936
486        0.02373582766439903
487        0.019506802721088387
488        0.03259637188208613
489        0.01191609977324261
490        0.00405328798185942
491        0.03790532879818591
492        0.025821995464852532
493        0.0521683673469387
494        0.018911564625850308
495        0.01629535147392289
496        0.01393990929705211
497        0.011071428571428515
498        0.008492063492063488
499        0.010065192743764143
500        0.0064710884353741775
501        0.14566609977324277
502        0.020048185941043004
503        0.004784580498866222
504        0.0016213151927437564
505        0.006366213151927453
506        0.009209183673469356
507        0.0050963718820861755
508        0.003908730158730161
509        0.010600907029478428
510        0.006077097505668935
511        0.016201814058956824
512        0.003219954648526087
513        0.003500566893424039
514        0.0014739229024943238
515        0.012950680272108807
516        0.01786848072562353
517        0.00517006802721089
518        0.004282879818594106
519        0.02255102040816326
520        0.00734410430839003
521        0.0036564625850340165
522        0.05315476190476187
523        0.02279761904761898
524        0.04886621315192736
525        0.012471655328798164
526        0.021598639455782314
527        0.01380385487528341
528        0.015762471655328725
529        0.008330498866213149
530        0.018477891156462513
531        0.006448412698412718
532        0.1397845804988661
533        0.0179336734693877
534        0.0028287981859410395
535        0.0014710884353741406
536        0.00490362811791384
537        0.004858276643990932
538        0.00498866213151928
539        0.00341269841269841
540        0.007361111111111101
541        0.004600340136054426
542        0.01720238095238087
543        0.0020181405895691546
544        0.0045124716553288004
545        0.0015759637188208552
546        0.02006802721088431
547        0.018945578231292483
548        0.005589569160997739
549        0.0049688208616780125
550        0.1334722222222221
551        0.04201814058956904
552        0.014968820861677947
553        0.16135487528344666
554        0.08146541950113367
555        0.06917233560090691
556        0.049577664399092884
557        0.05633503401360541
558        0.057823129251700515
559        0.021301020408163264
560        0.05287698412698397
561        0.014520975056689318
562        0.14664115646258516
563        0.05064342403628105
564        0.021581632653061157
565        0.00698696145124718
566        0.017443310657596307
567        0.019314058956916028
568        0.023976757369614462
569        0.01322845804988657
570        0.014515306122448954
571        0.015952380952380912
572        0.004968820861678007
573        0.0076672335600906725
574        0.0049206349206349234
575        0.04884353741496585
576        0.0527239229024942
577        0.015782312925170017
578        0.010223922902494282
579        0.1451700680272107
580        0.04018140589569147
581        0.014379251700680213
582        0.17756802721088422
583        0.07108843537414948
584        0.10244614512471648
585        0.05865362811791375
586        0.04499433106575961
587        0.10933673469387739
588        0.0406519274376416
589        0.029631519274376388
590        0.04910430839002252
591        0.022120181405895587
592        0.20095804988662117
593        0.022738095238095172
594        0.005626417233560109
595        0.030396825396825308
596        0.023392857142857063
597        0.012253401360544173
598        0.01347789115646254
599        0.02047902494331059
600        0.005623582766439913
601        0.006816893424036289
602        0.0126162131519274
603        0.005776643990929719
604        0.04836734693877536
605        0.07180839002267557
606        0.02267006802721079
607        0.01749433106575957
608        0.1426587301587299
609        0.03619614512471643
610        0.016201814058956807
611        0.14568594104308366
612        0.07423185941043073
613        0.08842687074829918
614        0.05289965986394547
615        0.058007369614512486
616        0.05710034013605425
617        0.015507369614512469
618        0.04940759637188195
619        0.01213718820861674
620        0.18280328798185946
621        0.06401077097505653
622        0.01746031746031743
623        0.004126984126984131
624        0.018545918367346828
625        0.023194444444444413
626        0.019676870748299224
627        0.010717120181405871
628        0.020218253968253868
629        0.01861678004535139
630        0.010036848072562322
631        0.008370181405895655
632        0.0013293650793650739
633        0.05234126984126971
634        0.0549348072562357
635        0.020924036281179056
636        0.01056405895691608
637        0.08940476190476175
638        0.028976757369614355
639        0.20457482993197265
640        0.13404761904761903
641        0.1546797052154195
642        0.1248441043083899
643        0.1261819727891154
644        0.08545918367346923
645        0.09521541950113367
646        0.0406320861678004
647        0.07556122448979573
648        0.01631519274376411
649        0.1830583900226757
650        0.11886054421768691
651        0.03396825396825383
652        0.013715986394557763
653        0.037037981859410325
654        0.04560941043083886
655        0.04722789115646249
656        0.026116780045351368
657        0.03433956916099761
658        0.021666666666666574
659        0.00938492063492058
660        0.01655612244897949
661        0.004464285714285713
662        0.12068594104308379
663        0.07189909297052134
664        0.034180839002267455
665        0.025187074829931887
666        0.15979875283446707
667        0.14532029478458056
668        0.12969671201814065
669        0.15918934240362834
670        0.14629251700680265
671        0.147046485260771
672        0.1447817460317461
673        0.1471683673469386
674        0.16216553287981875
675        0.18840136054421777
676        0.19106575963718803
677        0.20537698412698413
678        0.177859977324263
679        0.20840136054421796
680        0.20470238095238097
681        0.2033475056689341
682        0.19484977324263042
683        0.20419501133786858
684        0.046706349206349224
685        0.049413265306122486
686        0.05511621315192743
687        0.051808390022675795
688        0.05083616780045357
689        0.062154195011337926
690        0.052542517006802764
691        0.05415249433106576
692        0.31239229024943305
693        0.3157369614512469
694        0.31961734693877525
695        0.31938492063492063
696        0.31372448979591816
697        0.3134098639455781
698        0.31729024943310596
699        0.3216099773242629
700        0.3186507936507936
701        0.32172052154194974
702        0.31195861678004555
703        0.3150113378684808
704        0.10623866213151915
705        0.02119897959183663
706        0.10305272108843523
707        0.03578231292516995
708        0.08865646258503382
709        0.02389739229024931
710        0.0867176870748298
711        0.034495464852607564
712        0.09962585034013591
713        0.02818877551020396
714        0.10381235827664381
715        0.038945578231292376
716        0.31343537414965966
717        0.30310374149659863
718        0.3114229024943311
719        0.31569727891156435
720        0.31597222222222193
721        0.3130895691609976
722        0.31323412698412667
723        0.313313492063492
724        0.06837018140589572
725        0.07935657596371878
726        0.07433106575963723
727        0.06028061224489795
728        0.06168934240362806
729        0.06986111111111118
730        0.06493764172335607
731        0.06772959183673471
732        0.3106377551020405
733        0.30969104308390016
734        0.30863095238095206
735        0.31492063492063477
736        0.3126303854875282
737        0.3096116780045351
738        0.30355158730158727
739        0.3156235827664399
740        0.31509353741496593
741        0.31926587301587295
742        0.3202806122448982
743        0.31009637188208583
744        0.32262188208616804
745        0.32006235827664387
746        0.31976757369614484
747        0.31738378684807206
748        0.31628401360544234
749        0.3230612244897959
750        0.3175992063492063
751        0.312485827664399
752        0.31993197278911545
753        0.31818877551020414
754        0.3157653061224488
755        0.3191780045351471
756        0.317735260770975
757        0.2714455782312924
758        0.29267006802721074
759        0.26984693877551
760        0.2794416099773242
761        0.31692176870748295
762        0.32033730158730145
763        0.31870464852607694
764        0.3136819727891156
765        0.3108304988662131
766        0.3197675736961452
767        0.3144302721088436
768        0.3114030612244895
769        0.31772108843537394
770        0.3164597505668934
771        0.31938208616780056
772        0.31795351473922867
773        0.31598072562358276
774        0.2399489795918369
775        0.32048752834467104
776        0.23164965986394545
777        0.23212301587301587
778        0.31367630385487527
779        0.23452380952380955
780        0.31583049886621317
781        0.22755102040816325
782        0.22470238095238107
783        0.31390306122448963
784        0.31514172335600904
785        0.3176020408163264
786        0.3140504535147393
787        0.32069444444444434
788        0.31333900226757355
789        0.31666099773242606
790        0.3207199546485258
791        0.319002267573696
792        0.3239569160997732
793        0.3139994331065758
794        0.3158956916099771
795        0.10000283446712006
796        0.09304705215419487
797        0.10063208616780032
798        0.3185544217687074
799        0.3148044217687073
800        0.3138265306122449
801        0.310484693877551
802        0.3199999999999999
803        0.31875566893424
804        0.31754818594104334
805        0.31380952380952387
806        0.32093253968253976
807        0.3224206349206349
808        0.31663265306122435
809        0.32236678004535113
810        0.3201190476190475
811        0.3153656462585032
812        0.3207964852607711
813        0.31743480725623563
814        0.3155328798185943
815        0.24688492063492043
816        0.3163095238095238
817        0.11895124716553274
818        0.1207142857142856
819        0.16895691609977304
820        0.3191383219954649
821        0.2649858276643989
822        0.3153032879818594
823        0.312755102040816
824        0.24906179138321988
825        0.3117545351473923
826        0.31680272108843527
827        0.3183191609977322
828        0.31760487528344683
829        0.07571995464852586
830        0.09006802721088417
831        0.021221655328798057
832        0.020297619047618957
833        0.05928854875283431
834        0.06761904761904744
835        0.025688775510203998
836        0.030011337868480606
837        0.07750566893424017
838        0.02855442176870738
839        0.319438775510204
840        0.31870748299319746
841        0.31840136054421736
842        0.3222052154195011
843        0.3172760770975056
844        0.3180980725623581
845        0.1896995464852607
846        0.05785430839002249
847        0.017443310657596262
848        0.3123582766439908
849        0.32147959183673464
850        0.32162131519274373
851        0.3198129251700681
852        0.31538548752834433
853        0.30945011337868444
854        0.32330498866213137
855        0.32093820861677985
856        0.17758503401360526
857        0.19663548752834464
858        0.015385487528344646
859        0.011403061224489763
860        0.029617346938775425
861        0.022264739229024902
862        0.06465986394557802
863        0.022851473922902432
864        0.02789399092970515
865        0.02327947845804983
866        0.10470804988662112
867        0.05848356009070285
868        0.07359126984126974
869        0.05317743764172331
870        0.2056179138321994
871        0.20672335600907024
872        0.2144047619047617
873        0.09773526077097494
874        0.09598639455782298
875        0.15390589569160978
876        0.1348384353741495
877        0.18465136054421769
878        0.18126700680272098
879        0.05475623582766441
880        0.07208049886621316
881        0.06037414965986393
882        0.06617630385487523
883        0.25653061224489787
884        0.304827097505669
885        0.2384126984126983
886        0.26666099773242613
887        0.25350340136054417
888        0.2580102040816325
889        0.2570209750566892
890        0.2641468253968252
891        0.23626133786848078
892        0.2923157596371882
893        0.27223639455782306
894        0.29128117913832197
895        0.25540816326530613
896        0.2923129251700679
897        0.2486026077097506
898        0.30528344671201796
899        0.25696428571428576
900        0.31528061224489784
901        0.2643905895691609
902        0.10696995464852592
903        0.06442460317460298
904        0.042899659863945436
905        0.04315476190476174
906        0.08157029478458028
907        0.04611678004535133
908        0.030683106575963615
909        0.05060090702947831
910        0.06613095238095218
911        0.040626417233559954
912        0.10130102040816305
913        0.08639739229024929
914        0.0472222222222221
915        0.043713151927437535
916        0.09634637188208599
917        0.08172052154194993
918        0.0467176870748298
919        0.1089314058956915
920        0.0995464852607709
921        0.04191043083900213
922        0.09617346938775494
923        0.08680839002267558
924        0.0360742630385486
925        0.3059495464852608
926        0.29947562358276647
927        0.2927522675736959
928        0.29117630385487514
929        0.29818877551020395
930        0.29242630385487545
931        0.300362811791383
932        0.2987414965986396
933        0.2951332199546487
934        0.29366780045351465
935        0.29916666666666647
936        0.2952239229024944
937        0.29944160997732394
938        0.29403344671201803
939        0.29944444444444446
940        0.30473922902494316
941        0.30162414965986356
942        0.2945011337868481
943        0.29670351473922896
944        0.2987755102040816
945        0.3046088435374151
946        0.2847363945578231
947        0.307312925170068
948        0.297389455782313
949        0.2934778911564626
950        0.2984240362811789
951        0.2929733560090699
952        0.3010714285714284
953        0.29018424036281176
954        0.30461451247165533
955        0.06035997732426298
956        0.07039965986394546
957        0.07443027210884343
958        0.06809240362811778
959        0.12223922902494316
960        0.053911564625850256
961        0.018245464852607682
962        0.015419501133786838
963        0.007324263038548745
964        0.0026729024943310626
965        0.003863378684807255
966        0.006615646258503397
967        0.005884353741496597
968        0.0050113378684807225
969        0.004537981859410427
970        0.005240929705215418
971        0.002885487528344671
972        0.003551587301587297
973        0.003925736961451242
974        0.0031774376417233498
975        0.0027834467120181365
976        0.003321995464852603
977        0.0040391156462585
978        0.003319160997732418
979        0.0029280045351473883
980        0.003608276643990924
981        0.004126984126984122
982        0.0044246031746031705
983        0.0035260770975056653
984        0.002899659863945578
985        0.004282879818594104
986        0.0045238095238095246
987        0.004883786848072557
988        0.004761904761904761
989        0.00458049886621315
990        0.00389455782312925
991        0.002383786848072558
992        0.13929138321995446
993        0.11892573696145106
994        0.044838435374149534
995        0.017443310657596328
996        0.011417233560090688
997        0.005175736961451246
998        0.005116213151927443
999        0.004013605442176869
1000        0.004759070294784576
1001        0.0046201814058956904
1002        0.005155895691609974
1003        0.004384920634920633
1004        0.00528911564625851
1005        0.002712585034013602
1006        0.0031632653061224444
1007        0.003976757369614506
1008        0.0035827664399092937
1009        0.002942176870748297
1010        0.003489229024943307
1011        0.003767006802721085
1012        0.0035714285714285652
1013        0.002945011337868478
1014        0.0039937641723356
1015        0.004333900226757366
1016        0.004263038548752828
1017        0.003565759637188204
1018        0.0026388888888888846
1019        0.0041071428571428535
1020        0.004518140589569158
1021        0.00505102040816326
1022        0.004713718820861678
1023        0.004492630385487525
1024        0.0037216553287981805
1025        0.0022193877551020358
1026        0.29882086167800426
1027        0.3082624716553286
1028        0.2936507936507936
1029        0.3037726757369616
1030        0.29794784580498856
1031        0.3073384353741495
1032        0.300388321995465
1033        0.2958418367346937
1034        0.3048809523809521
1035        0.2919841269841268
1036        0.29415249433106583
1037        0.29327947845804986
1038        0.2943764172335599
1039        0.3001927437641724
1040        0.29412414965986355
1041        0.2907709750566893
1042        0.3087414965986393
1043        0.3023526077097504
1044        0.30539399092970476
1045        0.3070096371882086
1046        0.3038775510204082
1047        0.29998299319727856
1048        0.2913945578231292
1049        0.3022052154195011
1050        0.296363378684807
1051        0.2982766439909295
1052        0.14803004535147377
1053        0.290909863945578
1054        0.29793083900226747
1055        0.2937981859410431
1056        0.29700396825396813
1057        0.2915249433106576
1058        0.30268707482993196
1059        0.3055527210884355
1060        0.28482993197278905
1061        0.30306689342403637
1062        0.29755952380952394
1063        0.2971230158730157
1064        0.30622448979591815
1065        0.2978089569160995
1066        0.2984212018140589
1067        0.2968877551020408
1068        0.2935147392290249
1069        0.29391723356009075
1070        0.2971088435374154
1071        0.29969104308390004
1072        0.30169501133786836
1073        0.29570578231292527
1074        0.29311791383219954
1075        0.30063775510204066
1076        0.29922619047619037
1077        0.30382086167800426
1078        0.30264172335600903
1079        0.293404195011338
1080        0.3072902494331063
1081        0.29924319727891147
1082        0.3005612244897959
1083        0.2937556689342404
1084        0.2939824263038548
1085        0.3028911564625852
1086        0.29839852607709766
1087        0.3002522675736964
1088        0.28903061224489796
1089        0.30083900226757354
1090        0.3107794784580496
1091        0.2995153061224489
1092        0.3032029478458051
1093        0.2990561224489796
1094        0.3046853741496598
1095        0.019869614512471587
1096        0.08571428571428558
1097        0.2625311791383219
1098        0.07550170068027191
1099        0.05503117913832186
1100        0.04274376417233549
1101        0.02840986394557816
1102        0.01516156462585028
1103        0.003409863945578239
1104        0.15228458049886606
1105        0.13912981859410417
1106        0.12007086167800438
1107        0.2916354875283445
1108        0.30526643990929697
1109        0.31013605442176884
1110        0.29735544217687065
1111        0.030515873015872906
1112        0.10466836734693857
1113        0.07765873015873002
1114        0.11489512471655312
1115        0.3011309523809523
1116        0.3018112244897957
1117        0.20492063492063492
1118        0.08891156462585022
1119        0.06084183673469376
1120        0.08886054421768694
1121        0.06134353741496581
1122        0.1554393424036281
1123        0.10848072562358266
1124        0.093455215419501
1125        0.08549036281179123
1126        0.014104308390022628
1127        0.004135487528344664
1128        0.0019841269841269784
1129        0.003384353741496595
1130        0.005615079365079371
1131        0.002233560090702942
1132        0.0026842403628117868
1133        0.0017091836734693796
1134        0.0018764172335600834
1135        0.002230725623582761
1136        0.004175170068027216
1137        0.004413265306122447
1138        0.001147959183673465
1139        0.14002834467120168
1140        0.147454648526077
1141        0.14268990929705197
1142        0.15542233560090685
1143        0.17958900226757352
1144        0.13465419501133777
1145        0.1561507936507934
1146        0.1261961451247164
1147        0.12979875283446698
1148        0.19837301587301578
1149        0.17738945578231272
1150        0.1823809523809522
1151        0.1791043083900224
1152        0.1697108843537412
1153        0.19144274376417228
1154        0.16759070294784567
1155        0.0796371882086166
1156        0.10058106575963693
1157        0.06566043083900212
1158        0.0733248299319726
1159        0.10133219954648506
1160        0.07505668934240345
1161        0.0010884353741496555
1162        0.05711167800453501
1163        0.18573129251700674
1164        0.18364512471655325
1165        0.15790249433106568
1166        0.05113378684807239
1167        0.06549886621315174
1168        0.025082199546485173
1169        0.011017573696145104
1170        0.0024121315192743792
1171        0.002667233560090696
1172        0.001207482993197273
1173        0.2734438775510202
1174        0.149909297052154
1175        0.25951530612244883
1176        0.26064342403628116
