1        0.4387074829931974
2        0.20883219954648516
3        0.47694444444444417
4        0.4828826530612245
5        0.4816723356009067
6        0.47917233560090655
7        0.479645691609977
8        0.4838435374149663
9        0.4745266439909294
10        0.47302721088435346
11        0.47787698412698393
12        0.4844331065759633
13        0.4808219954648529
14        0.48080498866213095
15        0.4855158730158733
16        0.48062641723355987
17        0.4836763038548751
18        0.4810912698412695
19        0.4725623582766443
20        0.4849744897959184
21        0.48671768707482943
22        0.48455215419501096
23        0.479705215419501
24        0.47950680272108875
25        0.47674319727891107
26        0.4789143990929708
27        0.47859693877551013
28        0.4855102040816329
29        0.48128968253968235
30        0.4841921768707482
31        0.4887018140589573
32        0.4850198412698411
33        0.48923752834467155
34        0.48605442176870717
35        0.48704931972789106
36        0.48688775510204074
37        0.48214285714285693
38        0.4854053287981854
39        0.48679988662131535
40        0.48587018140589605
41        0.483299319727891
42        0.47884353741496627
43        0.47585884353741553
44        0.4874206349206349
45        0.480422335600907
46        0.4805555555555554
47        0.4862981859410428
48        0.48807823129251715
49        0.48321428571428565
50        0.4830640589569162
51        0.48474489795918374
52        0.48264455782312893
53        0.47372732426303826
54        0.03426870748299313
55        0.02204648526077088
56        0.06705498866213148
57        0.04761337868480718
58        0.022925170068027106
59        0.045107709750566855
60        0.030603741496598502
61        0.049075963718820816
62        0.07850623582766415
63        0.1253287981859407
64        0.22292800453514716
65        0.47816326530612213
66        0.03263321995464847
67        0.016417233560090658
68        0.08160430839002242
69        0.034606009070294715
70        0.015572562358276549
71        0.035535714285714226
72        0.016439909297052066
73        0.05735827664399082
74        0.06625283446712
75        0.11760204081632622
76        0.2007086167800452
77        0.45426303854875255
78        0.027431972789115598
79        0.012247732426303826
80        0.05904761904761897
81        0.039240362811791336
82        0.01540816326530605
83        0.03913548752834464
84        0.020861678004535023
85        0.052083333333333336
86        0.0707709750566891
87        0.09952380952380925
88        0.20627267573696115
89        0.4455300453514739
90        0.031176303854875218
91        0.015694444444444372
92        0.06232142857142848
93        0.03291666666666659
94        0.02524659863945569
95        0.03342403628117909
96        0.01959750566893413
97        0.05474206349206343
98        0.07679988662131497
99        0.10123866213151901
100        0.2271570294784579
101        0.03647675736961447
102        0.012108843537414957
103        0.06402210884353732
104        0.0413321995464852
105        0.01867913832199536
106        0.04674886621315188
107        0.016145124716553192
108        0.04744331065759634
109        0.08537698412698387
110        0.10967687074829896
111        0.20519274376417207
112        0.03733276643990924
113        0.016380385487528258
114        0.06927437641723336
115        0.032023809523809454
116        0.020685941043083807
117        0.04714569160997728
118        0.022576530612244808
119        0.06162698412698395
120        0.06328514739229017
121        0.11838718820861646
122        0.22806405895691592
123        0.4837925170068026
124        0.0344727891156462
125        0.01744897959183668
126        0.06776643990929698
127        0.0290702947845804
128        0.023752834467120086
129        0.034268707482993134
130        0.029132653061224433
131        0.05967403628117908
132        0.06189909297052143
133        0.12372448979591812
134        0.2214909297052153
135        0.4860062358276647
136        0.0375765306122448
137        0.016882086167800393
138        0.07896258503401339
139        0.041561791383219866
140        0.02226757369614502
141        0.04422619047619041
142        0.022389455782312825
143        0.045235260770975054
144        0.06954931972789093
145        0.1060742630385484
146        0.23306972789115615
147        0.4829478458049887
148        0.035623582766439864
149        0.022372448979591713
150        0.06874433106575947
151        0.036967120181405834
152        0.012553854875283394
153        0.03246315192743758
154        0.021652494331065662
155        0.05406746031746032
156        0.07003401360544209
157        0.10548469387755063
158        0.234285714285714
159        0.477619047619047
160        0.04132086167800451
161        0.011369047619047586
162        0.09164399092970492
163        0.03398809523809516
164        0.015881519274376355
165        0.05158163265306115
166        0.020714285714285657
167        0.04624149659863947
168        0.06028628117913821
169        0.11842120181405856
170        0.2239965986394556
171        0.48250566893424035
172        0.044560657596371844
173        0.028310657596371774
174        0.07977607709750557
175        0.05560090702947837
176        0.02418650793650786
177        0.027040816326530527
178        0.014699546485260742
179        0.07201814058956896
180        0.05954081632653063
181        0.10771258503401325
182        0.23343537414965956
183        0.485921201814059
184        0.02996315192743752
185        0.02183106575963708
186        0.06498015873015855
187        0.05015589569160992
188        0.015082199546485191
189        0.023628117913832118
190        0.025076530612244838
191        0.055068027210884316
192        0.07659297052154175
193        0.11324829931972756
194        0.21755952380952356
195        0.47922052154195
196        0.219331065759637
197        0.08308673469387735
198        0.42958049886621336
199        0.3169812925170065
200        0.35068877551020405
201        0.2797165532879816
202        0.2788633786848069
203        0.3159410430839001
204        0.21783730158730102
205        0.1974829931972787
206        0.08743480725623566
207        0.42113095238095233
208        0.13061224489795906
209        0.06976473922902479
210        0.12698979591836718
211        0.18282029478458026
212        0.1682964852607708
213        0.15576247165532855
214        0.14333900226757346
215        0.1592828798185939
216        0.10317460317460299
217        0.11209750566893407
218        0.05435090702947832
219        0.2733843537414965
220        0.2606405895691607
221        0.1292403628117913
222        0.16441609977324223
223        0.2185884353741496
224        0.10413832199546467
225        0.4238832199546483
226        0.3088492063492062
227        0.30609126984127
228        0.288645124716553
229        0.26058673469387705
230        0.329645691609977
231        0.17124716553287953
232        0.21472789115646232
233        0.10356292517006781
234        0.42412698412698396
235        0.1359410430839
236        0.08713151927437623
237        0.149909297052154
238        0.17823412698412663
239        0.15975623582766407
240        0.1272392290249431
241        0.13077097505668905
242        0.13886904761904745
243        0.07492630385487517
244        0.09391439909297032
245        0.047845804988661984
246        0.25265589569161
247        0.2400680272108843
248        0.16888605442176854
249        0.13258219954648504
250        0.2598497732426301
251        0.10353174603174588
252        0.0639200680272107
253        0.24495464852607682
254        0.19653911564625837
255        0.18914965986394547
256        0.14252834467120162
257        0.14842687074829902
258        0.1499178004535146
259        0.30929138321995453
260        0.10172902494331049
261        0.12079081632653048
262        0.04058956916099758
263        0.2590391156462582
264        0.14624716553287967
265        0.07199546485260754
266        0.039350907029478306
267        0.07220521541950106
268        0.11018990929705201
269        0.08486678004535132
270        0.05045351473922895
271        0.08736678004535141
272        0.09234410430838988
273        0.05425170068027202
274        0.055598072562358165
275        0.02928854875283437
276        0.16002551020408157
277        0.15506235827664394
278        0.08239229024943301
279        0.060994897959183586
280        0.24767290249433083
281        0.13454365079365072
282        0.053996598639455655
283        0.24945294784580482
284        0.17810941043083883
285        0.1881547619047619
286        0.15058956916099753
287        0.16001700680272074
288        0.14725623582766434
289        0.2845890022675733
290        0.11501417233560077
291        0.10903344671201796
292        0.06469671201814044
293        0.2896173469387754
294        0.13900793650793633
295        0.08281462585034
296        0.03564909297052146
297        0.054844104308389936
298        0.0968934240362811
299        0.087298752834467
300        0.07137188208616775
301        0.0874376417233559
302        0.08748866213151917
303        0.04623015873015863
304        0.0359920634920634
305        0.02700113378684792
306        0.14314342403628108
307        0.13563492063492052
308        0.09724773242630369
309        0.0725651927437641
310        0.2230839002267571
311        0.10612528344671196
312        0.04790532879818579
313        0.2401502267573695
314        0.18051587301587288
315        0.20670918367346924
316        0.14208049886621305
317        0.14843253968253936
318        0.14666666666666645
319        0.3013463718820861
320        0.11627551020408143
321        0.11121315192743748
322        0.06042800453514719
323        0.30600623582766406
324        0.15809807256235808
325        0.06248015873015865
326        0.025785147392290167
327        0.06768990929705208
328        0.10348922902494327
329        0.06947845804988649
330        0.08493764172335592
331        0.06960884353741491
332        0.0739455782312924
333        0.043849206349206284
334        0.04856009070294772
335        0.030870181405895602
336        0.16534013605442158
337        0.14238662131519264
338        0.09116780045351462
339        0.06522959183673466
340        0.2503458049886619
341        0.11128968253968238
342        0.04177154195011323
343        0.23584750566893414
344        0.18545918367346917
345        0.19482142857142837
346        0.14766723356009062
347        0.14385487528344643
348        0.1401303854875282
349        0.31680272108843516
350        0.11169784580498857
351        0.13625283446712003
352        0.06017857142857128
353        0.27584183673469365
354        0.1396967120181405
355        0.10022108843537399
356        0.029413265306122323
357        0.06128968253968246
358        0.0909183673469386
359        0.07723356009070281
360        0.06917517006802708
361        0.0811536281179137
362        0.07679988662131508
363        0.05484126984126973
364        0.04694160997732413
365        0.017528344671201738
366        0.14526643990929683
367        0.15109977324263024
368        0.08850907029478446
369        0.08362811791383207
370        0.22968253968253952
371        0.1250453514739228
372        0.05290249433106561
373        0.25507653061224467
374        0.16536564625850328
375        0.18451814058956914
376        0.12858276643990915
377        0.13484693877550993
378        0.14801870748299314
379        0.278489229024943
380        0.10903911564625837
381        0.11515306122448966
382        0.05372165532879802
383        0.29368764172335576
384        0.12324546485260757
385        0.0647704081632652
386        0.03222222222222207
387        0.06404478458049878
388        0.09987244897959176
389        0.0857341269841269
390        0.07485260770975045
391        0.10606009070294779
392        0.0624433106575963
393        0.05254818594104301
394        0.056539115646258416
395        0.03319444444444431
396        0.1451558956916099
397        0.13435090702947827
398        0.07721655328798176
399        0.06548185941043076
400        0.2308248299319726
401        0.12213435374149645
402        0.06067460317460302
403        0.2486422902494327
404        0.17935090702947826
405        0.18828798185941029
406        0.15227891156462556
407        0.1295634920634919
408        0.1486139455782312
409        0.2990334467120178
410        0.10846938775510197
411        0.12521541950113363
412        0.06948129251700665
413        0.26579931972789095
414        0.11085600907029464
415        0.08806405895691591
416        0.03233843537414954
417        0.07781179138321988
418        0.09751133786848058
419        0.07697562358276637
420        0.08770408163265295
421        0.10199829931972781
422        0.07263605442176858
423        0.04729591836734685
424        0.05041383219954638
425        0.020076530612244778
426        0.14365646258503384
427        0.1465476190476189
428        0.09215419501133784
429        0.078891723356009
430        0.3800821995464851
431        0.20626984126984105
432        0.08550453514739212
433        0.4002976190476188
434        0.2962613378684806
435        0.3042743764172336
436        0.22203798185941015
437        0.23094387755101994
438        0.21389455782312913
439        0.1670068027210881
440        0.19941326530612222
441        0.08658446712018125
442        0.4550311791383221
443        0.25545918367346926
444        0.1117318594104307
445        0.05457482993197262
446        0.10949829931972782
447        0.168786848072562
448        0.1308276643990928
449        0.13108560090702925
450        0.14389455782312904
451        0.12837585034013577
452        0.08150510204081622
453        0.07406462585033999
454        0.03651360544217673
455        0.23894557823129242
456        0.22709467120181392
457        0.13743764172335574
458        0.11464852607709733
459        0.38995464852607703
460        0.1809722222222221
461        0.11856292517006783
462        0.39911281179138297
463        0.30843820861677973
464        0.3116921768707483
465        0.21764172335600876
466        0.23921485260770922
467        0.2300566893424034
468        0.13706349206349175
469        0.18886621315192728
470        0.09459183673469372
471        0.464679705215419
472        0.20703231292516994
473        0.09890873015873003
474        0.06790816326530594
475        0.12727891156462567
476        0.1693509070294781
477        0.1370181405895689
478        0.12589002267573668
479        0.13948979591836716
480        0.11151927437641712
481        0.07299603174603166
482        0.09732142857142839
483        0.0413917233560089
484        0.22257086167800438
485        0.26474773242630356
486        0.14521258503401335
487        0.10707766439909287
488        0.18026927437641688
489        0.09714569160997724
490        0.06587868480725606
491        0.2505753968253967
492        0.17057539682539655
493        0.23777210884353722
494        0.1263860544217686
495        0.1393565759637185
496        0.13852324263038537
497        0.11495181405895678
498        0.1114200680272107
499        0.11902777777777757
500        0.05697562358276631
501        0.4269302721088434
502        0.1476984126984125
503        0.0737499999999999
504        0.03610827664399078
505        0.05258219954648515
506        0.08770975056689335
507        0.07721655328798172
508        0.06378684807256227
509        0.07508786848072559
510        0.0456490929705215
511        0.09741780045351466
512        0.06928571428571416
513        0.04035430839002258
514        0.014767573696145089
515        0.13395975056689324
516        0.14824546485260764
517        0.07749433106575956
518        0.05166950113378677
519        0.21245181405895652
520        0.09558956916099758
521        0.047502834467120045
522        0.20906746031745999
523        0.16390873015872992
524        0.23343537414965965
525        0.11864795918367328
526        0.1485204081632648
527        0.16639739229024925
528        0.10560374149659858
529        0.08236961451247153
530        0.10229024943310647
531        0.053412698412698266
532        0.41251700680272085
533        0.12369897959183661
534        0.06289965986394548
535        0.030070861678004424
536        0.06965986394557813
537        0.08432256235827659
538        0.09016156462585027
539        0.0679591836734693
540        0.08792233560090691
541        0.058069727891156414
542        0.12110544217687061
543        0.035323129251700586
544        0.04569727891156451
545        0.02424886621315181
546        0.1387726757369613
547        0.15411564625850319
548        0.060357142857142755
549        0.06534013605442168
550        0.36886904761904743
551        0.1984948979591835
552        0.06646541950113363
553        0.4018339002267575
554        0.29740362811791365
555        0.30318877551020385
556        0.2302239229024939
557        0.19239512471655285
558        0.23265022675736935
559        0.15612244897959138
560        0.1760856009070293
561        0.10298185941043063
562        0.4148129251700677
563        0.248458049886621
564        0.0953401360544216
565        0.06108560090702929
566        0.11191609977324253
567        0.15370464852607685
568        0.12909580498866194
569        0.10471371882086161
570        0.13644557823129225
571        0.10827947845804971
572        0.08115929705215409
573        0.08055839002267559
574        0.04914682539682531
575        0.2475170068027209
576        0.2559637188208614
577        0.15380102040816296
578        0.10604875283446696
579        0.38175736961451223
580        0.19207766439909288
581        0.11023526077097481
582        0.39956065759637177
583        0.3098072562358275
584        0.29578514739229006
585        0.2419812925170065
586        0.19912698412698368
587        0.3056859410430838
588        0.18721655328798167
589        0.16697562358276602
590        0.1925283446712016
591        0.09253401360544203
592        0.4678146258503395
593        0.1299376417233558
594        0.04288832199546469
595        0.11654478458049873
596        0.13410714285714265
597        0.13165816326530588
598        0.12227040816326509
599        0.1462244897959181
600        0.11759070294784561
601        0.09522675736961442
602        0.07973072562358263
603        0.03517857142857129
604        0.2540476190476191
605        0.23380952380952374
606        0.13686791383219937
607        0.13527210884353716
608        0.3716723356009066
609        0.18295068027210865
610        0.09359693877551002
611        0.37683673469387735
612        0.3023781179138319
613        0.3123469387755101
614        0.23514455782312887
615        0.22820011337868445
616        0.26117063492063475
617        0.19530045351473888
618        0.17994331065759614
619        0.09087018140589552
620        0.45586167800453486
621        0.22281462585033998
622        0.14324546485260745
623        0.05990362811791364
624        0.1377295918367345
625        0.12518140589569143
626        0.15052154195011325
627        0.107315759637188
628        0.12166099773242604
629        0.11834750566893407
630        0.08515306122448969
631        0.07550453514739214
632        0.030626417233559973
633        0.2514172335600903
634        0.2162953514739228
635        0.14309240362811765
636        0.11837018140589556
637        0.2150255102040814
638        0.11092970521541928
639        0.44068877551020386
640        0.3314739229024944
641        0.33834750566893407
642        0.2701275510204079
643        0.2965079365079359
644        0.26668083900226736
645        0.20993764172335586
646        0.22643140589569125
647        0.21032879818594089
648        0.08805272108843523
649        0.4572930839002266
650        0.29345804988662116
651        0.13943310657596353
652        0.0772760770975055
653        0.12032312925170047
654        0.20817460317460285
655        0.18151360544217665
656        0.13905045351473902
657        0.1777182539682536
658        0.15531746031746005
659        0.08922052154194994
660        0.09460034013605423
661        0.04669217687074812
662        0.28508503401360535
663        0.2694614512471654
664        0.15919784580498836
665        0.1258758503401359
666        0.4217148526077098
667        0.42272108843537415
668        0.42181122448979563
669        0.4188350340136055
670        0.4071910430838998
671        0.40339569160997735
672        0.42309523809523814
673        0.42894557823129237
674        0.4136196145124713
675        0.45096371882086145
676        0.44577664399092953
677        0.4657624716553285
678        0.45468820861677967
679        0.4584240362811787
680        0.4539285714285713
681        0.46224489795918394
682        0.4500907029478455
683        0.454316893424036
684        0.2940901360544217
685        0.29351190476190464
686        0.2701530612244898
687        0.25813492063492055
688        0.2934523809523806
689        0.2782086167800452
690        0.28781462585033973
691        0.278330498866213
692        0.484900793650794
693        0.4793877551020408
694        0.4800566893424034
695        0.4874234693877553
696        0.4839399092970522
697        0.47627267573696164
698        0.48505385487528363
699        0.4823894557823127
700        0.48279761904761914
701        0.4788860544217688
702        0.47957199546485213
703        0.47771541950113333
704        0.21432823129251688
705        0.11000283446711999
706        0.23041950113378665
707        0.13196428571428553
708        0.2600510204081632
709        0.09371598639455764
710        0.22199829931972773
711        0.11746598639455764
712        0.2276502267573694
713        0.10651077097505655
714        0.24811791383219936
715        0.12106009070294775
716        0.48704365079365064
717        0.4849688208616782
718        0.4795833333333334
719        0.48221938775510204
720        0.48164399092970506
721        0.476969954648526
722        0.47868197278911584
723        0.48406462585033977
724        0.28966553287981806
725        0.2827494331065757
726        0.30313775510204044
727        0.28031179138321977
728        0.30420068027210867
729        0.25825396825396807
730        0.31075963718820804
731        0.27862244897959165
732        0.4844727891156462
733        0.48031746031746014
734        0.482624716553288
735        0.4865816326530614
736        0.48048752834467146
737        0.4855640589569159
738        0.48002267573696156
739        0.4796797052154192
740        0.4781264172335604
741        0.47523809523809535
742        0.47781462585034024
743        0.4779563492063491
744        0.48096655328798205
745        0.4822307256235831
746        0.48646541950113364
747        0.4846173469387754
748        0.48562925170068033
749        0.4853032879818592
750        0.48634353741496594
751        0.48084467120181407
752        0.4795266439909297
753        0.48321145124716547
754        0.4779535147392289
755        0.4814484126984125
756        0.48129251700680253
757        0.47196712018140563
758        0.47250283446712
759        0.4719444444444443
760        0.465719954648526
761        0.47551870748299324
762        0.4805300453514739
763        0.4828798185941041
764        0.4815731292517008
765        0.48145408163265285
766        0.4782256235827661
767        0.48290532879818593
768        0.48016723356009083
769        0.4867120181405897
770        0.4843140589569157
771        0.4803146258503397
772        0.4810459183673473
773        0.48634353741496616
774        0.4587613378684806
775        0.47361111111111065
776        0.4660544217687077
777        0.44779195011337863
778        0.4862670068027213
779        0.45198696145124717
780        0.4803713151927437
781        0.4679109977324264
782        0.45501133786848064
783        0.47820011337868445
784        0.4761876417233559
785        0.4818367346938772
786        0.47606009070294725
787        0.4819246031746032
788        0.48392573696145114
789        0.48610827664399087
790        0.47862528344671174
791        0.4809665532879818
792        0.4850566893424037
793        0.4858390022675738
794        0.48570861678004545
795        0.20997165532879802
796        0.22069727891156446
797        0.23065476190476167
798        0.4810742630385488
799        0.4745436507936507
800        0.4834126984126985
801        0.4747505668934242
802        0.4848412698412694
803        0.4835175736961448
804        0.4765051020408157
805        0.48297902494331074
806        0.4795124716553286
807        0.4777777777777779
808        0.48528344671201806
809        0.4852097505668933
810        0.4745323129251696
811        0.4821797052154197
812        0.48337585034013614
813        0.47827097505668914
814        0.4816723356009067
815        0.4672477324263035
816        0.4880243764172336
817        0.3224744897959182
818        0.3267460317460316
819        0.3995209750566894
820        0.48089569160997714
821        0.47053571428571445
822        0.4864852607709749
823        0.48630102040816325
824        0.4598611111111108
825        0.48241213151927476
826        0.48012471655328803
827        0.48550453514739217
828        0.4837896825396828
829        0.2578684807256236
830        0.2319359410430838
831        0.10842970521541936
832        0.12331349206349193
833        0.23652494331065757
834        0.22514739229024927
835        0.11395691609977308
836        0.10281462585033996
837        0.21270408163265295
838        0.10353458049886605
839        0.4809240362811794
840        0.4795578231292518
841        0.4815617913832198
842        0.4838038548752836
843        0.4845209750566896
844        0.481986961451247
845        0.4089540816326529
846        0.2057539682539682
847        0.11938775510204062
848        0.484861111111111
849        0.48465986394557814
850        0.4830158730158729
851        0.48119897959183666
852        0.48025510204081606
853        0.48688775510204074
854        0.48729875283446705
855        0.47992063492063464
856        0.4067091836734693
857        0.40324263038548724
858        0.18450113378684765
859        0.15491780045351436
860        0.21619047619047582
861        0.15801587301587275
862        0.20563775510204035
863        0.18007653061224466
864        0.18166666666666637
865        0.17470804988662086
866        0.35292233560090636
867        0.2856746031746027
868        0.3589824263038542
869        0.2687159863945575
870        0.44443594104308354
871        0.45476190476190426
872        0.45463435374149647
873        0.3304676870748294
874        0.3132879818594102
875        0.39664682539682544
876        0.4041071428571426
877        0.3915306122448978
878        0.4174291383219951
879        0.28200963718820854
880        0.31289115646258475
881        0.26518424036281185
882        0.2771485260770973
883        0.4756292517006802
884        0.4721938775510204
885        0.47227324263038517
886        0.4756831065759636
887        0.47099773242630333
888        0.4833815192743766
889        0.46502267573696127
890        0.469968820861678
891        0.4533248299319731
892        0.473690476190476
893        0.45814058956916087
894        0.4731405895691608
895        0.4687244897959181
896        0.47645408163265274
897        0.45121598639455773
898        0.4727749433106577
899        0.4650623582766438
900        0.4700708616780043
901        0.4684693877551021
902        0.37367630385487505
903        0.22285997732426296
904        0.1808390022675735
905        0.2147392290249432
906        0.26154761904761875
907        0.19572278911564606
908        0.16151360544217666
909        0.17796485260770956
910        0.25392573696145104
911        0.2595521541950112
912        0.2872137188208616
913        0.315722789115646
914        0.2232312925170066
915        0.2056009070294783
916        0.30259353741496586
917        0.32912131519274374
918        0.21670068027210884
919        0.28625566893424015
920        0.31147108843537386
921        0.28608276643990904
922        0.2983276643990928
923        0.31047335600907006
924        0.22111394557823114
925        0.46865362811791356
926        0.47332199546485243
927        0.47349489795918376
928        0.4792346938775508
929        0.47851757369614506
930        0.4760629251700681
931        0.4845238095238095
932        0.4732142857142855
933        0.47340419501133785
934        0.4750425170068026
935        0.48145975056689366
936        0.47382936507936524
937        0.48267857142857146
938        0.4681660997732426
939        0.4862074829931974
940        0.48268990929705174
941        0.46997448979591866
942        0.48326247165532893
943        0.48628968253968213
944        0.47537981859410405
945        0.4708418367346936
946        0.47558673469387713
947        0.4795663265306119
948        0.4799121315192746
949        0.4705130385487529
950        0.4718367346938773
951        0.4793395691609973
952        0.47375850340136066
953        0.47963718820861684
954        0.4825198412698409
955        0.3296541950113373
956        0.3369160997732424
957        0.3028996598639452
958        0.30798752834467075
959        0.343149092970521
960        0.1722874149659862
961        0.13817176870748255
962        0.13738945578231268
963        0.11340419501133771
964        0.05881519274376407
965        0.04815476190476189
966        0.04299036281179139
967        0.04604875283446712
968        0.04078231292517005
969        0.04457199546485258
970        0.026411564625850318
971        0.014563492063492053
972        0.018815192743764156
973        0.013951247165532876
974        0.016570294784580497
975        0.007380952380952379
976        0.010002834467120166
977        0.01455498866213152
978        0.011326530612244888
979        0.00742913832199546
980        0.010204081632653053
981        0.01053854875283446
982        0.010816326530612236
983        0.012672902494331046
984        0.008375850340136043
985        0.010691609977324268
986        0.011068594104308382
987        0.013075396825396816
988        0.01092120181405895
989        0.00988662131519275
990        0.00865646258503401
991        0.006975623582766438
992        0.35600907029478424
993        0.35113945578231276
994        0.16359693877551001
995        0.13287414965986372
996        0.11667233560090655
997        0.1025255102040815
998        0.047808956916099724
999        0.04381235827664392
1000        0.03331065759637186
1001        0.04881802721088435
1002        0.038772675736961484
1003        0.030983560090702963
1004        0.02444160997732424
1005        0.017902494331065742
1006        0.012363945578231289
1007        0.024424603174603175
1008        0.011142290249433097
1009        0.012865646258503389
1010        0.009549319727891158
1011        0.009781746031746023
1012        0.00985827664399092
1013        0.008324829931972784
1014        0.010419501133786832
1015        0.011224489795918367
1016        0.012332766439909281
1017        0.010728458049886615
1018        0.008387188208616773
1019        0.010479024943310652
1020        0.010615079365079364
1021        0.010711451247165533
1022        0.011159297052154193
1023        0.010629251700680268
1024        0.01075963718820861
1025        0.0064030612244897955
1026        0.4743424036281177
1027        0.48204365079365025
1028        0.48393424036281146
1029        0.47407879818594095
1030        0.4797760770975061
1031        0.47193310657596316
1032        0.4795209750566889
1033        0.47595804988662127
1034        0.4784041950113377
1035        0.48333333333333295
1036        0.47637471655328795
1037        0.47693310657596366
1038        0.47411281179138326
1039        0.46848072562358256
1040        0.47492063492063463
1041        0.4739937641723355
1042        0.47665249433106616
1043        0.4721371882086165
1044        0.4737131519274373
1045        0.48693594104308346
1046        0.476031746031746
1047        0.4820549886621313
1048        0.4730045351473924
1049        0.4795181405895691
1050        0.48018424036281215
1051        0.4796258503401362
1052        0.38332199546485235
1053        0.48177154195011324
1054        0.4767602040816327
1055        0.48635204081632644
1056        0.48617630385487476
1057        0.47231575963718786
1058        0.48005102040816294
1059        0.4759977324263036
1060        0.4780300453514739
1061        0.47992063492063475
1062        0.47916383219954656
1063        0.47933106575963763
1064        0.4790759637188209
1065        0.48053571428571407
1066        0.4789314058956915
1067        0.478387188208617
1068        0.4784835600907027
1069        0.4753939909297049
1070        0.48219387755102056
1071        0.47203798185941037
1072        0.4766043083900225
1073        0.47681405895691625
1074        0.4774291383219952
1075        0.4802947845804988
1076        0.48059807256235826
1077        0.4830725623582767
1078        0.4792233560090702
1079        0.47548185941043075
1080        0.46702380952380923
1081        0.47889172335600894
1082        0.4790306122448977
1083        0.4849149659863945
1084        0.46619614512471647
1085        0.46778911564625825
1086        0.4767658730158729
1087        0.4809183673469384
1088        0.4703826530612249
1089        0.4738293650793652
1090        0.48108276643990905
1091        0.480243764172335
1092        0.47852324263038565
1093        0.4793707482993197
1094        0.47286281179138273
1095        0.10179705215419482
1096        0.2144841269841268
1097        0.4537244897959184
1098        0.26301587301587276
1099        0.2438917233560087
1100        0.21984977324263005
1101        0.18688492063492027
1102        0.1166524943310656
1103        0.03186507936507925
1104        0.332052154195011
1105        0.34415532879818556
1106        0.3360714285714284
1107        0.4818197278911564
1108        0.4804308390022676
1109        0.48585034013605444
1110        0.4764739229024943
1111        0.14438208616780018
1112        0.2965192743764172
1113        0.29988945578231274
1114        0.2883645124716551
1115        0.4717942176870749
1116        0.4723072562358277
1117        0.4116043083900228
1118        0.24978174603174574
1119        0.22079931972789096
1120        0.24189058956916096
1121        0.20124149659863938
1122        0.3571400226757367
1123        0.23983843537414956
1124        0.25165816326530593
1125        0.24979591836734674
1126        0.06254251700680262
1127        0.03000850340136059
1128        0.016176303854875205
1129        0.018211451247165496
1130        0.0242602040816326
1131        0.013395691609977304
1132        0.028693310657596324
1133        0.015161564625850306
1134        0.016791383219954607
1135        0.026383219954648488
1136        0.014824263038548724
1137        0.015453514739228992
1138        0.0012443310657596334
1139        0.36157596371882067
1140        0.40793650793650776
1141        0.35879818594104274
1142        0.4170549886621313
1143        0.44101190476190427
1144        0.3813492063492063
1145        0.39746031746031735
1146        0.34625850340136033
1147        0.36278628117913814
1148        0.43420068027210873
1149        0.43863378684807247
1150        0.45082199546485263
1151        0.4190702947845804
1152        0.43200113378684807
1153        0.43935941043083837
1154        0.42947562358276636
1155        0.2847704081632652
1156        0.3394302721088432
1157        0.2990674603174602
1158        0.2919104308390019
1159        0.3375935374149659
1160        0.2748582766439907
1161        0.0012329931972789084
1162        0.18840986394557824
1163        0.41699546485260747
1164        0.42996882086167754
1165        0.3629705215419503
1166        0.21405045351473903
1167        0.23894274376417196
1168        0.11736961451247138
1169        0.034115646258503315
1170        0.04525226757369601
1171        0.03210884353741486
1172        0.011893424036281146
1173        0.47512755102040816
1174        0.3426218820861679
1175        0.46889172335600904
1176        0.452457482993197
