1        0.039478458049886526
2        0.0035799319727891276
3        0.13633503401360555
4        0.1354024943310658
5        0.1363066893424038
6        0.13221938775510214
7        0.1344189342403629
8        0.12334467120181411
9        0.13292517006802718
10        0.1363492063492064
11        0.13424036281179147
12        0.13819727891156458
13        0.13185090702947852
14        0.13359977324263042
15        0.12765306122448988
16        0.13837301587301581
17        0.1308786848072563
18        0.12689625850340142
19        0.13598072562358288
20        0.13185374149659868
21        0.12424886621315195
22        0.13119047619047625
23        0.1356746031746034
24        0.13406179138322008
25        0.1352891156462586
26        0.12752267573696158
27        0.12732142857142867
28        0.13699263038548756
29        0.13799036281179147
30        0.13076814058956926
31        0.13352324263038548
32        0.12922052154195024
33        0.12883503401360552
34        0.1334438775510204
35        0.13112528344671204
36        0.13741213151927456
37        0.1372590702947846
38        0.1308701814058958
39        0.13313775510204084
40        0.12678004535147389
41        0.1354506802721089
42        0.13351757369614523
43        0.12700680272108844
44        0.1309013605442177
45        0.13451530612244908
46        0.13231575963718817
47        0.136434240362812
48        0.13029761904761902
49        0.1287386621315192
50        0.1250538548752836
51        0.12735827664399094
52        0.12318877551020412
53        0.13274659863945582
54        0.0010629251700680234
55        0.0009693877551020376
56        0.001530612244897953
57        0.0010544217687074792
58        0.0009580498866213129
59        0.0010742630385487488
60        0.0009297052154194996
61        0.0010600907029478415
62        0.001255668934240357
63        0.0029506802721088418
64        0.00799319727891156
65        0.111111111111111
66        0.0019189342403628151
67        0.0009580498866213127
68        0.001471088435374144
69        0.001079931972789111
70        0.0009948979591836707
71        0.0010799319727891107
72        0.0009863945578231263
73        0.0011422902494331011
74        0.0011961451247165479
75        0.0022817460317460254
76        0.0054421768707483146
77        0.045272108843537294
78        0.001147959183673464
79        0.00099489795918367
80        0.0014285714285714212
81        0.0010827664399092926
82        0.0009665532879818571
83        0.0010969387755101999
84        0.0009523809523809498
85        0.0011564625850340087
86        0.001249999999999993
87        0.00130102040816326
88        0.004087301587301601
89        0.04281179138321981
90        0.001065759637188205
91        0.0009835600907029452
92        0.0014229024943310585
93        0.0010941043083900193
94        0.0009835600907029448
95        0.0011281179138321947
96        0.0009325396825396805
97        0.0011451247165532826
98        0.0012103174603174545
99        0.001737528344671199
100        0.00653911564625852
101        0.001071428571428567
102        0.0009183673469387742
103        0.0016099773242630323
104        0.0010912698412698374
105        0.0009552154195011315
106        0.001133786848072558
107        0.0009240362811791364
108        0.0011479591836734639
109        0.0012386621315192685
110        0.0012018140589569097
111        0.00755385487528345
112        0.0011026077097505628
113        0.0009807256235827636
114        0.0015617913832199483
115        0.001179138321995459
116        0.000938208616780043
117        0.0011309523809523757
118        0.0009467120181405875
119        0.0010884353741496555
120        0.0012018140589569106
121        0.0034297052154195038
122        0.01423185941043075
123        0.1135742630385487
124        0.0011139455782312874
125        0.000955215419501131
126        0.0015306122448979528
127        0.0010856009070294738
128        0.0009693877551020382
129        0.0010856009070294734
130        0.0009438775510204064
131        0.0011082766439909244
132        0.0012443310657596308
133        0.0017602040816326414
134        0.010620748299319667
135        0.10560090702947833
136        0.001088435374149655
137        0.0009353741496598624
138        0.0015022675736961373
139        0.0011082766439909253
140        0.0009353741496598619
141        0.0010799319727891122
142        0.0009467120181405871
143        0.0011621315192743712
144        0.002089002267573688
145        0.00224489795918367
146        0.014804421768707388
147        0.10619614512471647
148        0.0010657596371882042
149        0.0009467120181405875
150        0.001978458049886618
151        0.001113945578231288
152        0.0009268707482993182
153        0.0011621315192743712
154        0.0009580498866213129
155        0.0011366213151927389
156        0.0015136054421768608
157        0.0020663265306122437
158        0.011408730158730092
159        0.1137528344671201
160        0.001125283446712013
161        0.0009467120181405871
162        0.0018083900226757326
163        0.001130952380952376
164        0.0009467120181405873
165        0.0011337868480725576
166        0.0009722222222222197
167        0.0010657596371882055
168        0.0012471655328798127
169        0.003534580498866209
170        0.011213151927437562
171        0.11626984126984119
172        0.0011337868480725585
173        0.0009948979591836704
174        0.0014342403628117848
175        0.0011054421768707445
176        0.0010005668934240327
177        0.0011026077097505626
178        0.0009382086167800431
179        0.0011507936507936464
180        0.0027947845804988636
181        0.003395691609977327
182        0.010110544217687057
183        0.10652494331065755
184        0.0011167800453514686
185        0.0009637188208616757
186        0.0016383219954648454
187        0.0011167800453514684
188        0.0009892290249433077
189        0.001145124716553284
190        0.0010005668934240331
191        0.0011564625850340078
192        0.0014710884353741438
193        0.0026842403628117824
194        0.015019841269841168
195        0.11042233560090703
196        0.005787981859410446
197        0.0009240362811791373
198        0.01859977324263031
199        0.00872165532879816
200        0.00522108843537416
201        0.005541383219954651
202        0.0077891156462585
203        0.0037358276643991027
204        0.0027012471655328708
205        0.0018622448979591733
206        0.0014682539682539522
207        0.011153628117913835
208        0.0011564625850340087
209        0.0009778911564625819
210        0.00123582766439909
211        0.0012443310657596308
212        0.0021712018140589546
213        0.001352040816326521
214        0.0022080498866213173
215        0.0010657596371882038
216        0.0010374149659863898
217        0.0010515873015872982
218        0.0018112244897959206
219        0.006388888888888901
220        0.0019727891156462512
221        0.0019246031746031692
222        0.00109977324263038
223        0.005294784580498889
224        0.0009438775510204067
225        0.020864512471655255
226        0.008185941043083879
227        0.003395691609977333
228        0.004543650793650808
229        0.004676870748299328
230        0.007352607709750577
231        0.003217120181405888
232        0.002559523809523817
233        0.0009892290249433075
234        0.011445578231292502
235        0.0017006802721088313
236        0.0009212018140589553
237        0.001020408163265303
238        0.0017857142857142787
239        0.001700680272108828
240        0.001975623582766445
241        0.001167800453514733
242        0.0011139455782312872
243        0.0010345804988662094
244        0.0011252834467120124
245        0.000986394557823126
246        0.006513605442176879
247        0.003234126984126986
248        0.0016695011337868426
249        0.0011309523809523762
250        0.0029563492063491995
251        0.0013180272108843463
252        0.000941043083900225
253        0.002899659863945572
254        0.001621315192743755
255        0.001731859410430832
256        0.001499433106575954
257        0.0019501133786848012
258        0.0012046485260770916
259        0.008310657596371871
260        0.0016043083900226687
261        0.0012755102040816273
262        0.0009608843537414937
263        0.006584467120181406
264        0.0011592970521541888
265        0.001213151927437636
266        0.000992063492063489
267        0.0010544217687074781
268        0.0012159863945578166
269        0.001173469387755096
270        0.0011649659863945526
271        0.0012726757369614428
272        0.001173469387755096
273        0.0010430839002267538
274        0.001128117913832195
275        0.000941043083900225
276        0.0012528344671201746
277        0.0014370748299319673
278        0.0011366213151927382
279        0.0011224489795918324
280        0.0029053287981859336
281        0.001145124716553282
282        0.0009580498866213129
283        0.0032993197278911525
284        0.0014597505668934136
285        0.0019529478458049868
286        0.001352040816326523
287        0.002117346938775506
288        0.0011621315192743712
289        0.008129251700680264
290        0.0016950113378684753
291        0.0014115646258503324
292        0.0009722222222222195
293        0.006720521541950118
294        0.0012585034013605368
295        0.0011507936507936453
296        0.0009807256235827633
297        0.0010515873015872975
298        0.0013010204081632592
299        0.0011876417233560028
300        0.0011621315192743718
301        0.0011366213151927389
302        0.001258503401360536
303        0.0009665532879818567
304        0.001082766439909293
305        0.0009693877551020378
306        0.0012981859410430767
307        0.0013492063492063417
308        0.001173469387755096
309        0.001128117913832194
310        0.0026814058956916033
311        0.0011678004535147335
312        0.0009920634920634892
313        0.003356009070294781
314        0.0014427437641723242
315        0.0019501133786848021
316        0.001388888888888881
317        0.0020634920634920568
318        0.0014710884353741403
319        0.007670068027210882
320        0.0017460317460317387
321        0.0012556689342403547
322        0.0010232426303854855
323        0.006748866213151934
324        0.001315192743764162
325        0.001215986394557816
326        0.001000566893424033
327        0.0010147392290249394
328        0.0011933106575963651
329        0.0011734693877550966
330        0.0011876417233560026
331        0.0011309523809523757
332        0.00107709750566893
333        0.0010487528344671159
334        0.001088435374149656
335        0.0009920634920634885
336        0.0016354875283446613
337        0.0013038548752834394
338        0.0012301587301587244
339        0.0011621315192743718
340        0.0027579365079365005
341        0.0011961451247165472
342        0.001011904761904759
343        0.00313775510204081
344        0.00157312925170067
345        0.0019642857142857066
346        0.0014115646258503324
347        0.0020521541950113296
348        0.0012244897959183595
349        0.007752267573696141
350        0.001774376417233553
351        0.0013520408163265245
352        0.0009580498866213122
353        0.006139455782312924
354        0.0012358276643990882
355        0.0011876417233560043
356        0.0009580498866213129
357        0.0010175736961451217
358        0.001196145124716547
359        0.0012471655328798123
360        0.0011621315192743697
361        0.0012925170068027148
362        0.0011479591836734647
363        0.0010204081632653025
364        0.001122448979591832
365        0.0009552154195011315
366        0.001289682539682533
367        0.0012188208616779972
368        0.001187641723356002
369        0.001136621315192739
370        0.0027834467120181347
371        0.001388888888888882
372        0.0011224489795918315
373        0.002950680272108838
374        0.001629818594104299
375        0.0019160997732426263
376        0.001544784580498857
377        0.001969954648526069
378        0.0012443310657596304
379        0.007616213151927432
380        0.0015901360544217627
381        0.0011961451247165466
382        0.0009750566893424012
383        0.006746031746031749
384        0.001403061224489789
385        0.0010969387755101988
386        0.0009608843537414941
387        0.0010629251700680228
388        0.0012499999999999929
389        0.001227324263038543
390        0.0010856009070294734
391        0.001147959183673464
392        0.0011904761904761843
393        0.0010034013605442148
394        0.0011507936507936455
395        0.0009212018140589549
396        0.0012386621315192677
397        0.0014314058956916022
398        0.0011564625850340087
399        0.001153628117913827
400        0.002970521541950106
401        0.0012159863945578192
402        0.000963718820861676
403        0.0036422902494331073
404        0.001692176870748288
405        0.001865079365079361
406        0.001400226757369606
407        0.0020124716553287904
408        0.0012783446712018069
409        0.007616213151927444
410        0.0017120181405895615
411        0.0011791383219954595
412        0.0009693877551020386
413        0.006417233560090705
414        0.001238662131519267
415        0.0010912698412698367
416        0.0009325396825396802
417        0.0010260770975056648
418        0.0011649659863945518
419        0.0011564625850340095
420        0.001170634920634915
421        0.0011309523809523757
422        0.0011224489795918318
423        0.0010090702947845769
424        0.0011337868480725568
425        0.0009750566893424006
426        0.0013180272108843471
427        0.001244331065759632
428        0.0010941043083900176
429        0.0011678004535147337
430        0.011340702947845793
431        0.0028826530612244845
432        0.0011592970521541906
433        0.022528344671201763
434        0.008475056689342397
435        0.0024319727891156484
436        0.0029223356009070354
437        0.0029903628117913714
438        0.001527777777777769
439        0.0018650793650793588
440        0.004280045351473919
441        0.0011961451247165505
442        0.009702380952380945
443        0.0015504535147392194
444        0.0011026077097505624
445        0.0009637188208616754
446        0.001062925170068022
447        0.0012755102040816258
448        0.001088435374149656
449        0.001136621315192738
450        0.0021003401360544225
451        0.0011111111111111066
452        0.0010544217687074786
453        0.0011422902494331016
454        0.0009297052154194996
455        0.002953514739229029
456        0.0034155328798185997
457        0.0012925170068027148
458        0.00111961451247165
459        0.016167800453514687
460        0.003055555555555563
461        0.0009382086167800438
462        0.014430272108843492
463        0.00216553287981859
464        0.00520975056689343
465        0.0029790249433106573
466        0.0027579365079364953
467        0.003100907029478455
468        0.0016836734693877482
469        0.00524092970521544
470        0.000969387755102038
471        0.011539115646258492
472        0.003585600907029485
473        0.0011848072562358222
474        0.0009693877551020383
475        0.0009523809523809501
476        0.0011763038548752776
477        0.0010770975056689296
478        0.0011337868480725576
479        0.0013066893424036195
480        0.00107709750566893
481        0.0009750566893424014
482        0.0011252834467120132
483        0.0009552154195011315
484        0.0017772108843537263
485        0.00241780045351474
486        0.0011564625850340076
487        0.0020068027210884323
488        0.0032227891156462506
489        0.0011196145124716503
490        0.0009580498866213129
491        0.0023611111111111072
492        0.0012556689342403564
493        0.003483560090702949
494        0.0012783446712018069
495        0.0021145124716553223
496        0.0012981859410430762
497        0.001147959183673464
498        0.0016978458049886557
499        0.001281179138321989
500        0.0009693877551020391
501        0.00869614512471655
502        0.0012443310657596302
503        0.0010969387755101995
504        0.0009608843537414938
505        0.0010799319727891105
506        0.0011933106575963662
507        0.0011309523809523757
508        0.001150793650793644
509        0.001136621315192738
510        0.001145124716553283
511        0.0011451247165532809
512        0.0010175736961451213
513        0.001122448979591833
514        0.0009977324263038517
515        0.001145124716553283
516        0.0011536281179138261
517        0.001164965986394552
518        0.001235827664399086
519        0.0018055555555555488
520        0.0010629251700680234
521        0.000997732426303852
522        0.0024206349206349147
523        0.001213151927437637
524        0.001797052154195003
525        0.0012244897959183603
526        0.001910430839002262
527        0.0014824263038548694
528        0.001079931972789111
529        0.0016156462585033948
530        0.0012386621315192685
531        0.0009807256235827638
532        0.009132653061224474
533        0.0011819727891156416
534        0.001096938775510199
535        0.0009977324263038517
536        0.0010345804988662094
537        0.0011904761904761843
538        0.0011054421768707436
539        0.0010827664399092928
540        0.0011876417233560026
541        0.001142290249433101
542        0.001068594104308386
543        0.0010232426303854842
544        0.0010941043083900176
545        0.00097222222222222
546        0.0011564625850340076
547        0.0013350340136054342
548        0.001153628117913827
549        0.0011026077097505613
550        0.02371315192743756
551        0.0033871882086167716
552        0.0017885487528344686
553        0.013948412698412644
554        0.005496031746031766
555        0.0032454648526077114
556        0.002077664399092963
557        0.0037896825396825395
558        0.0027097505668934267
559        0.0015419501133786782
560        0.0015702947845804933
561        0.0010204081632653025
562        0.008939909297052146
563        0.002789115646258512
564        0.0011592970521541901
565        0.0009807256235827636
566        0.0012103174603174571
567        0.0019444444444444372
568        0.0011706349206349151
569        0.0011252834467120137
570        0.0011337868480725563
571        0.001105442176870743
572        0.0010034013605442153
573        0.0010941043083900182
574        0.0009297052154194994
575        0.0013123582766439812
576        0.005201247165532894
577        0.0019642857142857053
578        0.0011961451247165474
579        0.020943877551020344
580        0.00206349206349206
581        0.0012103174603174576
582        0.01841836734693871
583        0.004367913832199557
584        0.004081632653061233
585        0.0019160997732426215
586        0.002808956916099761
587        0.015552721088435287
588        0.0014710884353741451
589        0.0021456916099773173
590        0.002962018140589574
591        0.0012046485260770894
592        0.014056122448979564
593        0.0011706349206349158
594        0.0009863945578231265
595        0.001040249433106571
596        0.0011196145124716499
597        0.0010884353741496553
598        0.0010827664399092921
599        0.0012159863945578181
600        0.0011649659863945522
601        0.0010345804988662085
602        0.0011422902494331016
603        0.0009778911564625819
604        0.004095804988662144
605        0.0035827664399092946
606        0.0011848072562358214
607        0.0011536281179138274
608        0.016320861678004516
609        0.0039824263038548855
610        0.0012188208616780005
611        0.017919501133786795
612        0.005436507936507951
613        0.003846371882086176
614        0.0033248299319727907
615        0.0038407029478458045
616        0.0038888888888889
617        0.0019387755102040739
618        0.002142857142857135
619        0.0012131519274376334
620        0.010396825396825394
621        0.00294501133786848
622        0.001153628117913827
623        0.0009977324263038513
624        0.0010204081632653025
625        0.0011848072562358214
626        0.001210317460317454
627        0.0013151927437641633
628        0.0011196145124716496
629        0.0011167800453514677
630        0.0009892290249433073
631        0.0013293650793650704
632        0.0009948979591836707
633        0.0035345804988662164
634        0.003664965986394569
635        0.0011111111111111053
636        0.0010997732426303805
637        0.02027210884353731
638        0.0013747165532879788
639        0.024370748299319633
640        0.021190476190476093
641        0.015654761904761814
642        0.019016439909296974
643        0.015966553287981813
644        0.005643424036281192
645        0.013157596371882001
646        0.0023185941043083777
647        0.004444444444444454
648        0.0014314058956916066
649        0.013979591836734669
650        0.011746031746031678
651        0.003937074829931989
652        0.0009155328798185926
653        0.0031575963718820936
654        0.005442176870748312
655        0.0025340136054421746
656        0.001122448979591832
657        0.0056377551020408275
658        0.0018934240362811713
659        0.0009948979591836696
660        0.0015702947845804836
661        0.0016950113378684684
662        0.016179138321995384
663        0.004489795918367363
664        0.0015901360544217616
665        0.0010430839002267538
666        0.007511337868480713
667        0.00967120181405895
668        0.010181405895691595
669        0.006556122448979594
670        0.008596938775510186
671        0.009041950113378673
672        0.008115079365079369
673        0.006788548752834468
674        0.010317460317460307
675        0.010340136054421752
676        0.010056689342403618
677        0.008302154195011326
678        0.012964852607709734
679        0.01258503401360543
680        0.012706916099773221
681        0.013030045351473911
682        0.010949546485260763
683        0.011074263038548733
684        0.0064597505668934204
685        0.006754535147392288
686        0.0065391156462585006
687        0.006743197278911559
688        0.006232993197278913
689        0.006320861678004537
690        0.006181972789115646
691        0.006349206349206352
692        0.10565192743764172
693        0.10319727891156454
694        0.11515306122448969
695        0.09442743764172322
696        0.11371031746031734
697        0.09827664399092974
698        0.10862528344671193
699        0.10412131519274367
700        0.11168934240362806
701        0.13862244897959186
702        0.1153571428571428
703        0.13159580498866202
704        0.012542517006802666
705        0.0026558956916099843
706        0.009776077097505637
707        0.005039682539682547
708        0.011771541950113314
709        0.0019047619047619097
710        0.012817460317460254
711        0.003356009070294784
712        0.01346088435374141
713        0.001434240362811778
714        0.01294784580498861
715        0.003735827664399105
716        0.07919217687074825
717        0.07191609977324254
718        0.07956916099773235
719        0.07254251700680263
720        0.07200963718820855
721        0.079345238095238
722        0.08431405895691597
723        0.07831632653061213
724        0.008208616780045348
725        0.008387188208616779
726        0.008027210884353726
727        0.007590702947845807
728        0.00812074829931974
729        0.008149092970521552
730        0.007848639455782317
731        0.007876984126984121
732        0.06412698412698403
733        0.0608390022675736
734        0.06157879818594097
735        0.06558673469387744
736        0.07113378684807246
737        0.06844104308390013
738        0.07065476190476173
739        0.0691723356009069
740        0.1159863945578231
741        0.1245578231292518
742        0.1276870748299319
743        0.12195294784580497
744        0.11559807256235818
745        0.11462868480725624
746        0.11735827664399094
747        0.1185629251700679
748        0.11998299319727898
749        0.12124433106575964
750        0.12983560090702945
751        0.11138038548752827
752        0.15474206349206365
753        0.12393424036281173
754        0.14896825396825397
755        0.12646825396825395
756        0.1266666666666667
757        0.05753117913832188
758        0.04800736961451241
759        0.04436791383219944
760        0.04274092970521532
761        0.14884353741496606
762        0.11662981859410425
763        0.1061451247165533
764        0.11011621315192743
765        0.09850340136054417
766        0.11716553287981853
767        0.1162131519274377
768        0.11126700680272099
769        0.10287981859410428
770        0.10206065759637187
771        0.09881519274376416
772        0.1123356009070294
773        0.14853174603174607
774        0.04196712018140576
775        0.15325396825396834
776        0.04164682539682528
777        0.0356689342403627
778        0.14766156462585037
779        0.041337868480725494
780        0.15771541950113385
781        0.04287698412698402
782        0.0365532879818593
783        0.15188208616780044
784        0.14702380952380967
785        0.14948696145124726
786        0.1500992063492063
787        0.14586451247165538
788        0.1437074829931973
789        0.14969104308390022
790        0.14643140589569167
791        0.15013605442176894
792        0.14737528344671197
793        0.15171768707483002
794        0.1450340136054423
795        0.02139455782312918
796        0.012369614512471587
797        0.014265873015872914
798        0.14849489795918377
799        0.14591553287981857
800        0.14447845804988668
801        0.14961451247165544
802        0.15135770975056698
803        0.15088718820861693
804        0.1499178004535149
805        0.15577380952380954
806        0.1509410430839002
807        0.1526190476190478
808        0.14933390022675752
809        0.14606859410430845
810        0.1504676870748301
811        0.14868764172335613
812        0.14926870748299317
813        0.14533730158730165
814        0.14688208616780063
815        0.05823979591836724
816        0.15203514739229038
817        0.01882653061224478
818        0.02318027210884342
819        0.03657879818594094
820        0.15116780045351477
821        0.04957482993197266
822        0.14770691609977316
823        0.15138038548752844
824        0.059231859410430694
825        0.15064909297052176
826        0.15184807256235835
827        0.14899659863945575
828        0.15094104308390022
829        0.00431122448979593
830        0.004481292517006807
831        0.0009410430839002248
832        0.0014058956916099736
833        0.00735260770975058
834        0.005606575963718832
835        0.0014880952380952296
836        0.0014030612244897882
837        0.007111678004535139
838        0.0009552154195011316
839        0.1467715419501135
840        0.1450538548752836
841        0.147857142857143
842        0.14338151927437653
843        0.14922619047619057
844        0.14914399092970532
845        0.04254818594104298
846        0.0038208616780045362
847        0.0018395691609977257
848        0.14794501133786866
849        0.152624716553288
850        0.15264739229024948
851        0.15337868480725625
852        0.1480272108843538
853        0.15257086167800454
854        0.15492346938775517
855        0.14626133786848092
856        0.013477891156462543
857        0.014778911564625791
858        0.0013605442176870678
859        0.0012499999999999942
860        0.0015249433106575888
861        0.0012981859410430769
862        0.0024999999999999983
863        0.0011791383219954597
864        0.0013633786848072497
865        0.0012131519274376354
866        0.0035685941043083853
867        0.0016921768707482872
868        0.002465986394557815
869        0.0013803854875283367
870        0.012888321995464812
871        0.013078231292516958
872        0.014878117913832156
873        0.0027891156462584933
874        0.0026275510204081596
875        0.007814625850340099
876        0.007165532879818611
877        0.01973922902494322
878        0.020337301587301484
879        0.004503968253968258
880        0.004634353741496598
881        0.004759070294784588
882        0.005155895691609982
883        0.0333276643990929
884        0.1193905895691609
885        0.03051020408163256
886        0.03266723356009062
887        0.028100907029478376
888        0.029336734693877466
889        0.026862244897959135
890        0.03616213151927429
891        0.029030612244897832
892        0.0933134920634919
893        0.04339569160997721
894        0.08703514739229017
895        0.034350907029478336
896        0.0911366213151926
897        0.050853174603174484
898        0.11669784580498858
899        0.053287981859410284
900        0.11775226757369604
901        0.04151927437641713
902        0.005821995464852616
903        0.00337301587301588
904        0.0011139455782312878
905        0.0013832199546485215
906        0.0030328798185941114
907        0.004041950113378689
908        0.0010629251700680234
909        0.0017913832199546412
910        0.0072959183673469334
911        0.002202380952380946
912        0.009747732426303836
913        0.003854875283446717
914        0.001493764172335589
915        0.0013690476190476113
916        0.003381519274376424
917        0.0066978458049886756
918        0.0013180272108843458
919        0.005751133786848082
920        0.0013208616780045293
921        0.0015589569160997644
922        0.00706916099773244
923        0.005785147392290255
924        0.001153628117913827
925        0.1322278911564624
926        0.08424319727891141
927        0.08792800453514725
928        0.1439625850340135
929        0.08935941043083884
930        0.08603458049886599
931        0.13482426303854858
932        0.08992063492063476
933        0.08690759637188206
934        0.0894841269841269
935        0.09066043083900209
936        0.1349631519274375
937        0.1216921768707482
938        0.12553287981859393
939        0.11437358276643979
940        0.11759637188208603
941        0.12373582766439896
942        0.1224829931972787
943        0.13714569160997725
944        0.11450396825396822
945        0.1146031746031745
946        0.1409410430839001
947        0.11820578231292501
948        0.11553004535147382
949        0.12703514739229013
950        0.11965136054421753
951        0.11591553287981843
952        0.12893707482993175
953        0.1185034013605441
954        0.12917800453514733
955        0.0017318594104308298
956        0.001751700680272101
957        0.0020096371882086087
958        0.0026530612244897935
959        0.007953514739229017
960        0.00223639455782313
961        0.001377551020408157
962        0.0014767573696145048
963        0.00134637188208616
964        0.0011763038548752785
965        0.0014399092970521464
966        0.001527777777777771
967        0.0015901360544217607
968        0.001510770975056681
969        0.0015249433106575884
970        0.0013010204081632594
971        0.0010856009070294736
972        0.0013803854875283383
973        0.0015362811791383142
974        0.0014342403628117841
975        0.0011281179138321947
976        0.001414399092970515
977        0.001420068027210878
978        0.0013803854875283383
979        0.0011451247165532822
980        0.0013888888888888811
981        0.0015646258503401284
982        0.0015504535147392218
983        0.0013690476190476122
984        0.0011309523809523757
985        0.0014484126984126917
986        0.0015674603174603092
987        0.0017063492063491973
988        0.0016468253968253885
989        0.0015561224489795836
990        0.0013803854875283387
991        0.0010827664399092928
992        0.010416666666666664
993        0.006760204081632661
994        0.0019104308390022573
995        0.00142290249433106
996        0.0014030612244897895
997        0.0013775510204081572
998        0.001130952380952376
999        0.00136337868480725
1000        0.0015589569160997655
1001        0.0014994331065759578
1002        0.0015617913832199476
1003        0.0014965986394557746
1004        0.0013832199546485193
1005        0.0011224489795918315
1006        0.0014030612244897893
1007        0.0014767573696145059
1008        0.001315192743764167
1009        0.0011678004535147332
1010        0.0014058956916099708
1011        0.0016071428571428489
1012        0.0013973922902494268
1013        0.0010997732426303818
1014        0.0014087301587301496
1015        0.00148526077097505
1016        0.0015476190476190403
1017        0.0014484126984126912
1018        0.0011791383219954595
1019        0.0014257369614512395
1020        0.0015221088435374078
1021        0.0016298185941043012
1022        0.0015929705215419437
1023        0.0016524943310657512
1024        0.00140306122448979
1025        0.001065759637188205
1026        0.1360090702947845
1027        0.13776643990929688
1028        0.13373582766439893
1029        0.13014739229024935
1030        0.13403061224489785
1031        0.1363010204081632
1032        0.1339795918367346
1033        0.13218820861677982
1034        0.13884920634920628
1035        0.13578798185941024
1036        0.13657879818594093
1037        0.1390391156462585
1038        0.13227040816326519
1039        0.1386791383219953
1040        0.1384892290249432
1041        0.14132936507936497
1042        0.13316893424036275
1043        0.1407879818594104
1044        0.13862244897959172
1045        0.13629251700680267
1046        0.13328798185941032
1047        0.13632369614512457
1048        0.13602607709750555
1049        0.1357312925170066
1050        0.13264455782312926
1051        0.14223639455782303
1052        0.02675736961451238
1053        0.13780328798185928
1054        0.12890873015873
1055        0.13631235827664387
1056        0.13556405895691598
1057        0.14037131519274365
1058        0.13747165532879815
1059        0.1333956916099771
1060        0.13855158730158712
1061        0.1360317460317459
1062        0.13585034013605424
1063        0.13426870748299308
1064        0.13656462585033996
1065        0.13307823129251684
1066        0.1385119047619047
1067        0.1398412698412698
1068        0.1317573696145123
1069        0.1336507936507936
1070        0.1352777777777777
1071        0.12970804988662105
1072        0.13424036281179128
1073        0.14061224489795912
1074        0.14319160997732422
1075        0.13788832199546477
1076        0.13446712018140577
1077        0.13417233560090705
1078        0.13007369614512454
1079        0.13789682539682538
1080        0.13611678004535135
1081        0.1452012471655327
1082        0.13774659863945557
1083        0.1349206349206348
1084        0.1308134920634919
1085        0.13990646258503392
1086        0.13682823129251695
1087        0.13297619047619041
1088        0.13899659863945554
1089        0.14281179138321987
1090        0.13761904761904745
1091        0.1383616780045351
1092        0.137361111111111
1093        0.1308503401360543
1094        0.13856292517006794
1095        0.002086167800453512
1096        0.005796485260770988
1097        0.06490362811791371
1098        0.004937641723356017
1099        0.001658163265306111
1100        0.0015164399092970394
1101        0.0023270975056689323
1102        0.0010374149659863915
1103        0.0009325396825396809
1104        0.02331065759637178
1105        0.020915532879818496
1106        0.02125850340136043
1107        0.14083900226757357
1108        0.13946712018140575
1109        0.13614512471655316
1110        0.13462301587301587
1111        0.0017573696145124643
1112        0.012942176870748247
1113        0.003307823129251704
1114        0.018835034013605347
1115        0.1346712018140589
1116        0.13417233560090694
1117        0.044410430839002174
1118        0.0159438775510203
1119        0.003225623582766446
1120        0.01945011337868472
1121        0.005164399092970528
1122        0.03194727891156452
1123        0.014914965986394458
1124        0.016145124716553213
1125        0.013565759637188146
1126        0.0011224489795918311
1127        0.0017261904761904704
1128        0.0010402494331065717
1129        0.0011763038548752774
1130        0.0011111111111111066
1131        0.001156462585034008
1132        0.0011422902494331014
1133        0.0011111111111111063
1134        0.0010260770975056648
1135        0.0011649659863945518
1136        0.0011111111111111074
1137        0.001122448979591831
1138        0.0009382086167800439
1139        0.020150226757369535
1140        0.023993764172335494
1141        0.02047902494331056
1142        0.017871315192743667
1143        0.02710317460317453
1144        0.02003968253968243
1145        0.023829365079364964
1146        0.014679705215419423
1147        0.021179138321995375
1148        0.022222222222222154
1149        0.020992063492063416
1150        0.031006235827664305
1151        0.018466553287981784
1152        0.021255668934240312
1153        0.02204365079365071
1154        0.021037414965986313
1155        0.005249433106575973
1156        0.005564058956916117
1157        0.001411564625850328
1158        0.002032312925170064
1159        0.00801020408163265
1160        0.004801587301587301
1161        0.0009410430839002247
1162        0.0026162131519274334
1163        0.027006802721088335
1164        0.029455782312925064
1165        0.034640022675736855
1166        0.0029676870748299275
1167        0.0030952380952380897
1168        0.0017176870748299234
1169        0.0011791383219954604
1170        0.000941043083900225
1171        0.0010912698412698376
1172        0.0009608843537414941
1173        0.0708673469387754
1174        0.02543083900226746
1175        0.061660997732426184
1176        0.06834467120181395
