1        0.459039115646259
2        0.24527777777777768
3        0.5012698412698419
4        0.49631802721088464
5        0.509665532879819
6        0.5051870748299324
7        0.49995464852607713
8        0.49990929705215414
9        0.4973497732426304
10        0.506170634920635
11        0.507259070294785
12        0.5024659863945581
13        0.4975113378684811
14        0.5083163265306124
15        0.5065674603174601
16        0.5013350340136056
17        0.5044019274376422
18        0.5031122448979595
19        0.5075821995464854
20        0.5017290249433103
21        0.5040334467120178
22        0.5027806122448986
23        0.5006490929705216
24        0.5015759637188211
25        0.5042857142857143
26        0.4964427437641724
27        0.5045238095238097
28        0.5019047619047619
29        0.5016553287981861
30        0.502123015873016
31        0.5090873015873015
32        0.5024007936507938
33        0.4930413832199546
34        0.5018934240362816
35        0.5056434240362812
36        0.5048327664399092
37        0.5064795918367352
38        0.5034495464852605
39        0.5003826530612243
40        0.5070379818594107
41        0.5011394557823131
42        0.5022363945578234
43        0.5052437641723357
44        0.5101190476190479
45        0.5008900226757372
46        0.4985374149659868
47        0.5076275510204081
48        0.5000821995464855
49        0.5032851473922901
50        0.5068679138321996
51        0.5058560090702945
52        0.5005640589569165
53        0.4990419501133788
54        0.04198412698412697
55        0.02359977324263028
56        0.08147959183673432
57        0.04150226757369608
58        0.028044217687074758
59        0.0451445578231292
60        0.033781179138321925
61        0.08582482993197257
62        0.0907171201814055
63        0.15048185941043055
64        0.24596088435374147
65        0.5032341269841273
66        0.047128684807256176
67        0.026108276643990794
68        0.07906462585033995
69        0.04459183673469382
70        0.01981859410430831
71        0.05322278911564618
72        0.02311507936507928
73        0.08458049886621298
74        0.07536281179138304
75        0.11364795918367304
76        0.2623611111111109
77        0.46927437641723374
78        0.04313775510204078
79        0.017392290249433034
80        0.07484410430838982
81        0.04486678004535139
82        0.018818027210884273
83        0.04487528344671198
84        0.028948412698412595
85        0.06914965986394542
86        0.06758219954648517
87        0.1387471655328794
88        0.22782879818594073
89        0.4779563492063491
90        0.03882369614512463
91        0.017210884353741396
92        0.09631235827664372
93        0.04107993197278907
94        0.030816326530612167
95        0.04606292517006798
96        0.021811224489795836
97        0.05719671201814054
98        0.08461451247165505
99        0.10270691609977292
100        0.25531179138321974
101        0.031000566893423974
102        0.01698696145124713
103        0.09149943310657573
104        0.03818877551020405
105        0.011947278911564586
106        0.033741496598639384
107        0.02660714285714273
108        0.06442743764172318
109        0.07272675736961438
110        0.12925736961451212
111        0.262488662131519
112        0.03297052154195004
113        0.016638321995464778
114        0.1005102040816323
115        0.04917233560090693
116        0.01768424036281176
117        0.051604308390022634
118        0.023214285714285583
119        0.055994897959183686
120        0.10038832199546457
121        0.13732426303854842
122        0.2528571428571426
123        0.5041581632653064
124        0.030850340136054345
125        0.029906462585033922
126        0.08258219954648507
127        0.02367346938775504
128        0.024855442176870645
129        0.03096088435374145
130        0.02050453514739221
131        0.06585600907029451
132        0.08102324263038528
133        0.10850907029478428
134        0.24556972789115605
135        0.5005442176870751
136        0.04293934240362807
137        0.021102607709750462
138        0.10124149659863904
139        0.04671201814058952
140        0.025660430839002168
141        0.04573979591836727
142        0.022553854875283327
143        0.06830215419501118
144        0.08648242630385466
145        0.12153344671201786
146        0.26549036281179134
147        0.5051615646258505
148        0.035218253968253906
149        0.019342403628117864
150        0.09230442176870725
151        0.039668367346938724
152        0.03245748299319717
153        0.049030612244897916
154        0.022967687074829827
155        0.06235827664399086
156        0.08127267573696129
157        0.1317488662131516
158        0.24159580498866187
159        0.502990362811792
160        0.042726757369614426
161        0.02719104308390014
162        0.07860544217687067
163        0.03490079365079362
164        0.02822562358276634
165        0.05636621315192733
166        0.013874716553287935
167        0.08007086167800433
168        0.0831037414965984
169        0.14256802721088394
170        0.2718679138321994
171        0.5026218820861681
172        0.03671485260770967
173        0.025941043083900134
174        0.08005952380952347
175        0.04145124716553287
176        0.019861111111111045
177        0.04143424036281173
178        0.02157596371882078
179        0.06313775510204074
180        0.07842970521541925
181        0.14366213151927396
182        0.26538832199546447
183        0.5015532879818594
184        0.02543367346938766
185        0.023594104308389888
186        0.08094671201814042
187        0.025609410430838957
188        0.028886054421768618
189        0.042619047619047605
190        0.02927721088435364
191        0.05617913832199542
192        0.08780328798185905
193        0.13035147392290203
194        0.25069727891156435
195        0.5024801587301585
196        0.2438888888888887
197        0.1092403628117912
198        0.44348639455782307
199        0.3748696145124716
200        0.352610544217687
201        0.309115646258503
202        0.3053146258503397
203        0.34399092970521544
204        0.2312329931972785
205        0.22869047619047592
206        0.0976700680272107
207        0.4448242630385489
208        0.18831632653061195
209        0.06686224489795903
210        0.14848639455782295
211        0.16382936507936477
212        0.1655697278911562
213        0.15589002267573668
214        0.16939625850340106
215        0.1464852607709747
216        0.10716553287981853
217        0.10853174603174587
218        0.04905895691609965
219        0.26520124716553267
220        0.2751388888888886
221        0.1947959183673467
222        0.1342346938775508
223        0.2049149659863945
224        0.09577097505668919
225        0.4545918367346943
226        0.3700878684807257
227        0.32802721088435377
228        0.3239455782312923
229        0.2904733560090699
230        0.3154931972789116
231        0.22948979591836693
232        0.22217970521541933
233        0.10328231292516987
234        0.4646683673469391
235        0.16179138321995443
236        0.07292517006802701
237        0.16456065759637162
238        0.2253571428571426
239        0.1700992063492061
240        0.16822845804988634
241        0.1896797052154192
242        0.13874149659863919
243        0.10982709750566871
244        0.11023809523809507
245        0.07623015873015855
246        0.2931434240362811
247        0.2872959183673469
248        0.16810657596371859
249        0.16128684807256205
250        0.29348639455782266
251        0.12392857142857118
252        0.05528911564625835
253        0.2696315192743766
254        0.2298100907029476
255        0.21823696145124705
256        0.1594982993197277
257        0.1740617913832196
258        0.18213151927437624
259        0.326048752834467
260        0.13848922902494296
261        0.14058106575963697
262        0.07366213151927421
263        0.29852324263038527
264        0.15435941043083887
265        0.08320578231292511
266        0.03842403628117899
267        0.10634070294784576
268        0.12017573696145106
269        0.09532029478458037
270        0.09553571428571421
271        0.10713435374149649
272        0.06807539682539679
273        0.06086734693877543
274        0.07338718820861657
275        0.03047335600907017
276        0.17986961451247144
277        0.193579931972789
278        0.11793367346938763
279        0.08039965986394548
280        0.2941865079365075
281        0.14463151927437623
282        0.08276643990929688
283        0.2836167800453513
284        0.21512188208616773
285        0.22783730158730162
286        0.17163265306122424
287        0.14808673469387723
288        0.16917517006802707
289        0.3499348072562356
290        0.14313775510204044
291        0.11819727891156447
292        0.06296768707482975
293        0.3279705215419499
294        0.159642857142857
295        0.09457199546485248
296        0.05617063492063476
297        0.08895408163265293
298        0.14337301587301576
299        0.11561791383219938
300        0.09241213151927423
301        0.11993764172335596
302        0.09252551020408156
303        0.05948412698412691
304        0.07089002267573682
305        0.020870181405895614
306        0.16973922902494323
307        0.16520975056689327
308        0.11916099773242611
309        0.0871995464852607
310        0.2605640589569158
311        0.12184807256235806
312        0.0700396825396824
313        0.29009637188208587
314        0.2069699546485259
315        0.23482709750566896
316        0.1921286848072561
317        0.1734552154195008
318        0.19264739229024927
319        0.3061422902494326
320        0.12053854875283435
321        0.16670351473922895
322        0.07134353741496581
323        0.29179988662131534
324        0.18950396825396804
325        0.08801587301587287
326        0.047902494331065644
327        0.08917800453514735
328        0.11237244897959173
329        0.10071145124716542
330        0.07596088435374139
331        0.10071995464852598
332        0.1026218820861677
333        0.05383503401360535
334        0.0745266439909296
335        0.019126984126984072
336        0.1696938775510203
337        0.1585062358276644
338        0.0942403628117913
339        0.08761337868480717
340        0.2677664399092968
341        0.1422448979591836
342        0.0645124716553286
343        0.2786649659863945
344        0.1831179138321994
345        0.22259353741496576
346        0.16649092970521526
347        0.1915476190476189
348        0.16751984126984118
349        0.3130470521541951
350        0.14922052154194992
351        0.14267573696145103
352        0.06232426303854858
353        0.3348242630385486
354        0.16236394557823114
355        0.09193310657596368
356        0.04602040816326518
357        0.08991496598639445
358        0.11131802721088427
359        0.09571712018140584
360        0.09768424036281166
361        0.10584467120181396
362        0.09951530612244891
363        0.07655895691609964
364        0.07217970521541942
365        0.03909013605442162
366        0.16866496598639436
367        0.17528628117913816
368        0.10622165532879806
369        0.10307823129251689
370        0.2759126984126983
371        0.13439625850340123
372        0.07614229024943292
373        0.2769727891156459
374        0.19433673469387733
375        0.22501417233560073
376        0.1691865079365078
377        0.14145408163265283
378        0.2024829931972788
379        0.33991213151927396
380        0.12226473922902475
381        0.15313492063492049
382        0.07285147392290235
383        0.3008730158730158
384        0.18725907029478425
385        0.09407312925170054
386        0.03403911564625837
387        0.07025226757369607
388        0.13463435374149632
389        0.09418650793650778
390        0.08702380952380938
391        0.10611111111111099
392        0.08187074829931956
393        0.052287414965986316
394        0.06609977324263029
395        0.040062358276643846
396        0.1690504535147392
397        0.17195011337868482
398        0.09367913832199538
399        0.09782312925170059
400        0.2535289115646256
401        0.12069160997732409
402        0.06221938775510191
403        0.270975056689342
404        0.2143083900226756
405        0.23198129251700672
406        0.16726757369614503
407        0.16772108843537362
408        0.17299319727891146
409        0.3585515873015868
410        0.11617346938775495
411        0.1246853741496597
412        0.07103174603174589
413        0.34201247165532866
414        0.1879648526077097
415        0.08499716553287961
416        0.04652494331065744
417        0.09669501133786836
418        0.09218253968253963
419        0.09810941043083898
420        0.08100623582766425
421        0.0906519274376417
422        0.08546768707482987
423        0.05219104308390015
424        0.06392857142857129
425        0.031848072562358144
426        0.17711734693877543
427        0.18747165532879795
428        0.10684240362811788
429        0.08808673469387739
430        0.4107312925170068
431        0.20724773242630362
432        0.11423469387755084
433        0.4386819727891156
434        0.31206065759637175
435        0.35641156462585016
436        0.27016156462585034
437        0.2848922902494326
438        0.26058956916099757
439        0.19453231292516976
440        0.21386337868480704
441        0.11244047619047606
442        0.4795181405895695
443        0.28413265306122437
444        0.12721938775510194
445        0.05619047619047605
446        0.1276870748299318
447        0.16557823129251678
448        0.17777494331065738
449        0.13243480725623555
450        0.15066893424036262
451        0.12958900226757344
452        0.09573129251700663
453        0.11191326530612225
454        0.04610544217687059
455        0.29124433106575925
456        0.25764739229024936
457        0.1829761904761902
458        0.1263095238095236
459        0.40033446712018084
460        0.21254535147392264
461        0.1311621315192742
462        0.4427097505668935
463        0.2962018140589568
464        0.3352125850340133
465        0.2558900226757364
466        0.2701388888888884
467        0.26438775510204066
468        0.2084212018140584
469        0.22937925170068027
470        0.10113945578231273
471        0.48524092970521593
472        0.2497902494331063
473        0.12800736961451226
474        0.046646825396825256
475        0.1322052154195008
476        0.1868650793650791
477        0.16483276643990907
478        0.1271882086167798
479        0.13336734693877522
480        0.12507086167800444
481        0.11013038548752829
482        0.11457482993197263
483        0.06583616780045333
484        0.2734297052154193
485        0.275518707482993
486        0.1590731292517004
487        0.1333248299319726
488        0.23132086167800406
489        0.12438208616780026
490        0.058373015873015695
491        0.2593962585034012
492        0.17860827664399073
493        0.26248015873015856
494        0.15531746031746008
495        0.13387471655328784
496        0.15481292517006787
497        0.14054138321995452
498        0.09216836734693873
499        0.15907312925170047
500        0.06360544217687057
501        0.4363520408163264
502        0.17117063492063458
503        0.08534863945578222
504        0.048123582766439764
505        0.09129535147392281
506        0.10066893424036269
507        0.07791383219954645
508        0.08223922902494321
509        0.08615079365079356
510        0.08294784580498855
511        0.13106009070294763
512        0.046992630385487434
513        0.06022108843537404
514        0.032553854875283325
515        0.15113945578231278
516        0.14692743764172314
517        0.10272675736961452
518        0.08890873015873006
519        0.2075992063492061
520        0.11710034013605423
521        0.05298469387755089
522        0.30109126984126955
523        0.20700963718820828
524        0.2689625850340134
525        0.16550170068027195
526        0.14031462585033985
527        0.18454081632653038
528        0.10789115646258492
529        0.12525226757369576
530        0.11385487528344647
531        0.05454931972789099
532        0.4576332199546485
533        0.1610175736961449
534        0.07936507936507926
535        0.02498866213151921
536        0.05854591836734686
537        0.09514172335600905
538        0.0812726757369614
539        0.07132369614512468
540        0.08590702947845803
541        0.0844047619047618
542        0.12901077097505653
543        0.042534013605442095
544        0.05974489795918359
545        0.028565759637188104
546        0.16811791383219934
547        0.16299319727891134
548        0.0739002267573696
549        0.08473922902494327
550        0.4092063492063491
551        0.2209297052154191
552        0.0896088435374148
553        0.406816893424036
554        0.28727040816326516
555        0.3140787981859412
556        0.26918367346938754
557        0.2551275510204075
558        0.28680555555555537
559        0.19689625850340092
560        0.21986961451247156
561        0.10249716553287969
562        0.4412216553287983
563        0.2852012471655327
564        0.11196428571428556
565        0.06103458049886606
566        0.15342970521541924
567        0.16467970521541914
568        0.1340306122448977
569        0.15269841269841242
570        0.15399092970521513
571        0.11660147392290235
572        0.10411281179138311
573        0.08524659863945562
574        0.051833900226757226
575        0.2407794784580498
576        0.26470804988662133
577        0.15748015873015844
578        0.1216213151927436
579        0.42101473922902477
580        0.20318027210884326
581        0.10535147392290231
582        0.44436507936507924
583        0.33287131519274354
584        0.3530810657596371
585        0.24366213151927416
586        0.2478004535147387
587        0.37898526077097516
588        0.21441609977324247
589        0.20463718820861632
590        0.21540249433106562
591        0.1050821995464851
592        0.4907369614512469
593        0.10973922902494315
594        0.08119897959183661
595        0.13374999999999987
596        0.14356292517006777
597        0.1565731292517004
598        0.14222505668934213
599        0.16796485260770944
600        0.15222222222222195
601        0.09299319727891146
602        0.10379251700680257
603        0.042811791383219805
604        0.2574489795918366
605        0.26300453514739214
606        0.16403061224489776
607        0.14529478458049866
608        0.42322278911564587
609        0.21362811791383204
610        0.11148526077097488
611        0.42410147392290215
612        0.30804138321995467
613        0.3555442176870747
614        0.2664002267573694
615        0.2547222222222217
616        0.2682964852607708
617        0.20215702947845773
618        0.23355158730158726
619        0.11745464852607687
620        0.49011621315192744
621        0.2725113378684806
622        0.13627834467120156
623        0.06542517006802709
624        0.13584183673469374
625        0.150972222222222
626        0.19020408163265268
627        0.14423185941043057
628        0.1480328798185938
629        0.13163548752834436
630        0.10618764172335589
631        0.09097505668934229
632        0.05055272108843523
633        0.27596088435374144
634        0.2870719954648525
635        0.15684240362811772
636        0.13826247165532857
637        0.25186224489795916
638        0.12217970521541936
639        0.4659212018140591
640        0.3543707482993195
641        0.36902210884353753
642        0.33862528344671183
643        0.32083616780045315
644        0.30641723356009054
645        0.24876133786848054
646        0.24094387755102006
647        0.2222278911564625
648        0.12367346938775488
649        0.47546485260770976
650        0.3014455782312923
651        0.17204081632653032
652        0.08017290249433093
653        0.14613095238095222
654        0.21288265306122417
655        0.1888888888888885
656        0.15529195011337835
657        0.18137755102040778
658        0.16431405895691578
659        0.10784297052154182
660        0.14352324263038527
661        0.07568310657596351
662        0.3062556689342402
663        0.28831632653061223
664        0.19765306122448956
665        0.15106292517006772
666        0.4553061224489795
667        0.4578061224489799
668        0.456193310657596
669        0.4287329931972789
670        0.4384410430839004
671        0.4456831065759642
672        0.4514625850340134
673        0.4493452380952381
674        0.4481604308390027
675        0.4763293650793647
676        0.4779109977324263
677        0.4834382086167801
678        0.4755442176870751
679        0.4923611111111113
680        0.4947619047619051
681        0.498217120181406
682        0.4846428571428573
683        0.48921201814058973
684        0.31913832199546466
685        0.31833900226757367
686        0.3333219954648526
687        0.3130130385487528
688        0.33087585034013617
689        0.29190759637188207
690        0.3261167800453509
691        0.3206632653061222
692        0.5022647392290251
693        0.5048611111111111
694        0.5031037414965989
695        0.5024688208616787
696        0.5054195011337871
697        0.503642290249433
698        0.5011167800453518
699        0.503460884353741
700        0.5029478458049887
701        0.5048752834467121
702        0.5060884353741499
703        0.5047023809523804
704        0.2361196145124715
705        0.11233843537414949
706        0.24175736961451236
707        0.1409495464852606
708        0.2772590702947844
709        0.12414115646258488
710        0.2440674603174603
711        0.14627834467120165
712        0.2827069160997732
713        0.13103174603174583
714        0.2639965986394557
715        0.11868480725623558
716        0.5022675736961452
717        0.4991950113378686
718        0.5054960317460319
719        0.5033390022675739
720        0.5010685941043089
721        0.5018225623582767
722        0.4984013605442177
723        0.49984126984127
724        0.34058673469387746
725        0.3491383219954645
726        0.33028628117913816
727        0.3403344671201814
728        0.3118820861678004
729        0.32173469387755066
730        0.3164484126984126
731        0.3203174603174601
732        0.504277210884354
733        0.4986734693877554
734        0.5052806122448982
735        0.5016581632653067
736        0.5015702947845806
737        0.5095804988662131
738        0.5023129251700676
739        0.49914965986394527
740        0.5077636054421771
741        0.5052267573696145
742        0.4967885487528349
743        0.506811224489796
744        0.5043509070294787
745        0.5004506802721087
746        0.49497732426303903
747        0.5034070294784583
748        0.5051615646258504
749        0.5014852607709754
750        0.49480442176870754
751        0.5024773242630383
752        0.505413832199547
753        0.5069302721088438
754        0.5004336734693879
755        0.4948214285714287
756        0.5037386621315195
757        0.4927947845804985
758        0.5012585034013606
759        0.48942743764172375
760        0.4993197278911564
761        0.5032738095238097
762        0.5006349206349203
763        0.504172335600907
764        0.49868197278911564
765        0.5092998866213152
766        0.498698979591837
767        0.5023270975056692
768        0.5018934240362813
769        0.5030612244897958
770        0.4976417233560093
771        0.49844954648526085
772        0.5000255102040817
773        0.509090136054422
774        0.4954393424036287
775        0.49719671201814064
776        0.4767233560090707
777        0.4784523809523806
778        0.4975255102040818
779        0.48825396825396866
780        0.49808956916099767
781        0.46200963718820875
782        0.4812698412698413
783        0.5074631519274382
784        0.5003429705215419
785        0.4994104308390026
786        0.5016553287981861
787        0.5014739229024947
788        0.5064314058956916
789        0.5015787981859412
790        0.5034098639455783
791        0.5045918367346944
792        0.5035374149659859
793        0.502630385487529
794        0.5029166666666672
795        0.2809977324263037
796        0.26601757369614487
797        0.2557738095238094
798        0.5064002267573695
799        0.5014597505668935
800        0.498653628117914
801        0.5016751700680279
802        0.5057511337868478
803        0.50531179138322
804        0.5129705215419503
805        0.5042460317460319
806        0.5076700680272104
807        0.5015051020408166
808        0.5063321995464856
809        0.5010204081632659
810        0.5022874149659866
811        0.5050056689342404
812        0.5030498866213154
813        0.4991269841269839
814        0.5042828798185939
815        0.490280612244898
816        0.5039229024943311
817        0.33209750566893415
818        0.3772534013605444
819        0.43856575963718836
820        0.5012103174603171
821        0.4878401360544218
822        0.5035600907029479
823        0.5053684807256236
824        0.4917120181405897
825        0.5018990929705217
826        0.5056717687074829
827        0.502876984126984
828        0.49937925170068087
829        0.26125566893424035
830        0.25325113378684794
831        0.10512755102040795
832        0.13755668934240353
833        0.2453401360544216
834        0.2533361678004532
835        0.13667800453514728
836        0.12075680272108827
837        0.2469416099773242
838        0.1240419501133785
839        0.5078939909297049
840        0.5046400226757374
841        0.5068934240362815
842        0.4996740362811793
843        0.503625283446712
844        0.49828798185941037
845        0.43246598639455736
846        0.25301870748299304
847        0.11000566893424021
848        0.5074716553287989
849        0.5027465986394561
850        0.5007879818594104
851        0.5038945578231295
852        0.5082312925170069
853        0.5040447845804988
854        0.5032482993197281
855        0.5075878684807255
856        0.43124433106575966
857        0.4420408163265307
858        0.1918877551020404
859        0.1800085034013602
860        0.24034297052154155
861        0.1832539682539679
862        0.24160147392290218
863        0.195566893424036
864        0.1921967120181402
865        0.19088435374149618
866        0.3883985260770975
867        0.3328713151927433
868        0.37331065759637133
869        0.3458928571428568
870        0.4775396825396828
871        0.48751417233560107
872        0.46793083900226795
873        0.3749348072562357
874        0.3607653061224487
875        0.4271003401360545
876        0.41228458049886635
877        0.4371513605442174
878        0.43924319727891165
879        0.33259353741496567
880        0.32690192743764157
881        0.2940873015873012
882        0.3307199546485258
883        0.4858361678004543
884        0.5045861678004536
885        0.4916865079365078
886        0.49897108843537474
887        0.5059183673469385
888        0.501984126984127
889        0.4975141723356009
890        0.49876417233560083
891        0.4831717687074835
892        0.49629251700680316
893        0.4923100907029482
894        0.5002976190476193
895        0.4928798185941049
896        0.502950680272109
897        0.47371315192743735
898        0.4976700680272113
899        0.4861167800453513
900        0.5001530612244899
901        0.49055555555555536
902        0.39526360544217637
903        0.24275510204081613
904        0.20742346938775488
905        0.24215419501133767
906        0.2866354875283445
907        0.2593622448979589
908        0.19563208616780023
909        0.21124716553287964
910        0.29819727891156445
911        0.2692772108843534
912        0.30080215419501144
913        0.3633503401360547
914        0.2171768707482992
915        0.25512188208616765
916        0.32950396825396794
917        0.3694104308390021
918        0.24289682539682517
919        0.324501133786848
920        0.3654733560090703
921        0.3064257369614513
922        0.30707199546485237
923        0.3314569160997729
924        0.22852324263038545
925        0.4982624716553289
926        0.5030328798185948
927        0.5006434240362813
928        0.5012074829931977
929        0.5077636054421771
930        0.49916950113378683
931        0.5041156462585037
932        0.5001048752834468
933        0.5029393424036279
934        0.5061649659863944
935        0.4967998866213151
936        0.504940476190476
937        0.500249433106576
938        0.5043253968253973
939        0.49946712018140604
940        0.5071315192743766
941        0.4898412698412701
942        0.504231859410431
943        0.5031292517006805
944        0.5061621315192742
945        0.5024603174603176
946        0.5034778911564628
947        0.4899773242630385
948        0.49448979591836767
949        0.5047420634920634
950        0.5019047619047621
951        0.5067261904761906
952        0.4929535147392287
953        0.5026870748299321
954        0.5014682539682538
955        0.35541099773242596
956        0.3727862811791379
957        0.3794302721088432
958        0.36622732426303806
959        0.4011621315192744
960        0.1897080498866211
961        0.1721230158730156
962        0.13671768707482954
963        0.11511337868480702
964        0.061071428571428506
965        0.04736961451247166
966        0.057446145124716574
967        0.04142290249433107
968        0.058049886621315126
969        0.03511904761904761
970        0.03509353741496595
971        0.019486961451247144
972        0.023452380952380933
973        0.018356009070294787
974        0.019305555555555548
975        0.012366780045351456
976        0.010807823129251694
977        0.012508503401360544
978        0.010116213151927433
979        0.009013605442176864
980        0.01107426303854875
981        0.01259920634920634
982        0.012383786848072557
983        0.012732426303854865
984        0.00938208616780044
985        0.011663832199546488
986        0.012154195011337859
987        0.011879251700680285
988        0.011193310657596362
989        0.011471088435374152
990        0.010051020408163266
991        0.009631519274376416
992        0.39109410430838987
993        0.3926672335600907
994        0.21924036281179113
995        0.1477465986394555
996        0.13818027210884323
997        0.10134637188208591
998        0.06433956916099769
999        0.04743764172335603
1000        0.054345238095238065
1001        0.04921485260770968
1002        0.052902494331065746
1003        0.031952947845805
1004        0.03847505668934238
1005        0.01552154195011334
1006        0.015878684807256217
1007        0.01499716553287982
1008        0.016116780045351452
1009        0.010929705215419475
1010        0.014484126984126974
1011        0.012930839002267568
1012        0.010989229024943299
1013        0.0127097505668934
1014        0.012434807256235818
1015        0.011768707482993189
1016        0.011771541950113366
1017        0.011825396825396826
1018        0.008883219954648521
1019        0.011437074829931976
1020        0.011692176870748298
1021        0.01179138321995463
1022        0.012040816326530611
1023        0.011799886621315179
1024        0.010385487528344667
1025        0.006916099773242632
1026        0.4904988662131521
1027        0.4975340136054425
1028        0.49742063492063465
1029        0.49671201814058996
1030        0.5025170068027216
1031        0.5001927437641723
1032        0.4938548752834464
1033        0.504345238095238
1034        0.49700680272108866
1035        0.4864342403628124
1036        0.4944047619047625
1037        0.503185941043084
1038        0.49653344671201777
1039        0.49782596371882076
1040        0.5021343537414964
1041        0.4963803854875287
1042        0.4974943310657599
1043        0.4971570294784587
1044        0.5016269841269846
1045        0.49820011337868475
1046        0.49240362811791394
1047        0.49611111111111106
1048        0.5069529478458047
1049        0.49891723356009104
1050        0.4976927437641725
1051        0.49919784580498905
1052        0.3953429705215421
1053        0.49515589569160984
1054        0.5018990929705216
1055        0.5044614512471659
1056        0.49138038548752844
1057        0.49858843537415015
1058        0.49299603174603135
1059        0.5062244897959186
1060        0.5043452380952386
1061        0.4937273242630383
1062        0.5096683673469389
1063        0.4975736961451251
1064        0.5037074829931975
1065        0.4948922902494332
1066        0.4984212018140589
1067        0.49986111111111153
1068        0.5003826530612245
1069        0.4986876417233566
1070        0.49229875283446717
1071        0.4946626984126983
1072        0.4927806122448978
1073        0.5085459183673474
1074        0.4955867346938773
1075        0.49943594104308414
1076        0.5019274376417232
1077        0.49536848072562367
1078        0.5021882086167804
1079        0.49658163265306116
1080        0.5041014739229027
1081        0.5010402494331068
1082        0.5019727891156464
1083        0.5007993197278915
1084        0.49791950113378713
1085        0.5038180272108841
1086        0.5051899092970521
1087        0.5011961451247171
1088        0.4902806122448979
1089        0.5012074829931976
1090        0.5087896825396832
1091        0.4974007936507936
1092        0.49634637188208597
1093        0.5024149659863947
1094        0.49711451247165495
1095        0.13444444444444426
1096        0.24903911564625825
1097        0.4725623582766443
1098        0.27563492063492046
1099        0.25404761904761863
1100        0.23027777777777747
1101        0.23267006802721066
1102        0.12515306122448958
1103        0.06309240362811776
1104        0.38664682539682527
1105        0.37594104308390025
1106        0.3748951247165534
1107        0.5011961451247169
1108        0.494248866213152
1109        0.5020946712018137
1110        0.4940561224489796
1111        0.14633503401360515
1112        0.3337131519274376
1113        0.33036281179138316
1114        0.34501700680272107
1115        0.4986394557823132
1116        0.4937925170068029
1117        0.45332766439909267
1118        0.25202664399092956
1119        0.21250566893424028
1120        0.28046485260770987
1121        0.22600340136054398
1122        0.3708333333333331
1123        0.2380073696145123
1124        0.28919217687074805
1125        0.2818452380952381
1126        0.07050170068027199
1127        0.033764172335600966
1128        0.0154931972789115
1129        0.03725907029478458
1130        0.03456916099773239
1131        0.031626984126984094
1132        0.024308390022675708
1133        0.02276360544217679
1134        0.030935374149659817
1135        0.033242630385487505
1136        0.022902494331065684
1137        0.03145975056689338
1138        0.0012698412698412657
1139        0.3912244897959184
1140        0.4068197278911562
1141        0.40031746031746
1142        0.4589710884353742
1143        0.46260487528344657
1144        0.42269557823129256
1145        0.4388435374149658
1146        0.38481292517006804
1147        0.39660147392290257
1148        0.4647619047619048
1149        0.4580867346938775
1150        0.46049319727891147
1151        0.45769841269841294
1152        0.46214285714285713
1153        0.4794189342403635
1154        0.44596088435374154
1155        0.33517006802721055
1156        0.37769841269841253
1157        0.30381235827664377
1158        0.3360090702947846
1159        0.3760515873015873
1160        0.33953231292517005
1161        0.001303854875283443
1162        0.2480839002267572
1163        0.48499149659863955
1164        0.4712386621315198
1165        0.40031746031746
1166        0.2699319727891156
1167        0.2766865079365077
1168        0.13192743764172307
1169        0.07140873015872991
1170        0.02544501133786843
1171        0.028730158730158648
1172        0.017448979591836663
1173        0.4954761904761906
1174        0.3808871882086166
1175        0.4818735827664409
1176        0.48140306122449006
