1        0.08130102040816317
2        0.009773242630385445
3        0.20443877551020417
4        0.19998866213151914
5        0.20577097505668915
6        0.20242063492063495
7        0.1996258503401359
8        0.20393424036281166
9        0.20404195011337875
10        0.2020039682539682
11        0.20227324263038535
12        0.20416383219954623
13        0.1933531746031745
14        0.20620464852607684
15        0.2025850340136053
16        0.20525793650793636
17        0.2008446712018139
18        0.20768140589569167
19        0.2040051020408163
20        0.20550453514739217
21        0.20688775510204074
22        0.20436507936507933
23        0.2018310657596371
24        0.20108560090702943
25        0.20191043083900231
26        0.19958900226757356
27        0.2044472789115646
28        0.20687641723355996
29        0.20442176870748285
30        0.20472505668934235
31        0.20354024943310658
32        0.20327947845804975
33        0.2020153061224489
34        0.19853741496598626
35        0.20417800453514734
36        0.20036564625850328
37        0.2023724489795918
38        0.19956349206349192
39        0.20341269841269835
40        0.2008276643990928
41        0.20122448979591823
42        0.2030442176870747
43        0.19972789115646244
44        0.20337585034013597
45        0.2023611111111108
46        0.19901360544217675
47        0.20348639455782294
48        0.20654761904761898
49        0.20634353741496578
50        0.19938492063492078
51        0.20724489795918358
52        0.20425736961451232
53        0.20442743764172316
54        0.0012471655328798131
55        0.0010572562358276598
56        0.005464852607709772
57        0.001235827664399087
58        0.0010062358276643965
59        0.0013095238095238027
60        0.0010544217687074788
61        0.0016950113378684732
62        0.004039115646258508
63        0.0035997732426303907
64        0.03435090702947833
65        0.19607709750566896
66        0.00126133786848072
67        0.0010317460317460282
68        0.002797619047619041
69        0.0012840136054421709
70        0.0010402494331065721
71        0.001269841269841264
72        0.0010260770975056642
73        0.001292517006802715
74        0.0023696145124716497
75        0.0035657596371882114
76        0.008120748299319741
77        0.09196428571428557
78        0.0012670068027210814
79        0.0010997732426303805
80        0.002395124716553282
81        0.0012301587301587246
82        0.00101473922902494
83        0.0013123582766439846
84        0.0010119047619047581
85        0.0022363945578231315
86        0.0014115646258503324
87        0.0047222222222222275
88        0.012945011337868408
89        0.09023242630385474
90        0.0012783446712018073
91        0.0009948979591836702
92        0.0027494331065759563
93        0.0012471655328798114
94        0.0010232426303854842
95        0.0013293650793650732
96        0.0009977324263038526
97        0.0013038548752834396
98        0.001553287981859404
99        0.0035119047619047656
100        0.015385487528344592
101        0.0012018140589569115
102        0.0010487528344671157
103        0.001882086167800446
104        0.001272675736961445
105        0.0010175736961451217
106        0.0012925170068027144
107        0.001006235827664396
108        0.0012585034013605373
109        0.0014569160997732354
110        0.00469104308390024
111        0.01420634920634915
112        0.002205215419501127
113        0.0010629251700680238
114        0.0017715419501133707
115        0.001187641723356003
116        0.0010062358276643954
117        0.001309523809523802
118        0.0010827664399092932
119        0.0012726757369614448
120        0.002335600907029481
121        0.0062301587301587455
122        0.038228458049886484
123        0.19356575963718808
124        0.0013917233560090637
125        0.0010260770975056646
126        0.002746598639455772
127        0.0012811791383219892
128        0.0010147392290249398
129        0.0012386621315192685
130        0.0009835600907029446
131        0.0021201814058956956
132        0.0013917233560090637
133        0.004880952380952393
134        0.032644557823129146
135        0.19600340136054414
136        0.0012981859410430769
137        0.0010062358276643963
138        0.002457482993197267
139        0.0017205215419501092
140        0.0010289115646258476
141        0.0012046485260770923
142        0.0010119047619047588
143        0.0019501133786848043
144        0.001459750566893417
145        0.005736961451247175
146        0.03233843537414954
147        0.19173752834467123
148        0.0013151927437641663
149        0.001051587301587298
150        0.0018452380952380884
151        0.0021145124716553275
152        0.0010515873015872978
153        0.0013208616780045282
154        0.0016354875283446672
155        0.0017942176870748272
156        0.0019132653061224422
157        0.00373866213151927
158        0.03217120181405885
159        0.19424036281179108
160        0.0011422902494331014
161        0.0010062358276643963
162        0.0018679138321995407
163        0.0011649659863945533
164        0.0010544217687074794
165        0.0012273242630385433
166        0.0010147392290249405
167        0.0013010204081632588
168        0.0022817460317460262
169        0.007905328798185942
170        0.03556689342403615
171        0.19856575963718817
172        0.0012868480725623521
173        0.0010374149659863902
174        0.003599773242630379
175        0.0012755102040816258
176        0.0010487528344671159
177        0.0013265306122448896
178        0.0009892290249433075
179        0.001329365079365073
180        0.0020323129251700674
181        0.008761337868480695
182        0.023390022675736866
183        0.1965221088435374
184        0.0011876417233560028
185        0.0010175736961451208
186        0.0032738095238095183
187        0.0013520408163265238
188        0.0010374149659863904
189        0.0013123582766439849
190        0.0009665532879818567
191        0.0012414965986394491
192        0.0025736961451247103
193        0.009617346938775483
194        0.03565192743764159
195        0.19242346938775504
196        0.014914965986394503
197        0.004657029478458064
198        0.05003401360544206
199        0.020314625850340055
200        0.019897959183673385
201        0.014090136054421724
202        0.01840136054421766
203        0.01861961451247156
204        0.006088435374149663
205        0.009844104308389967
206        0.001958616780045354
207        0.024767573696145104
208        0.0036848072562358372
209        0.001065759637188204
210        0.008336167800453462
211        0.0035515873015873147
212        0.0028599773242630314
213        0.0012585034013605381
214        0.004229024943310658
215        0.0015731292517006691
216        0.0021031746031746077
217        0.0017885487528344567
218        0.0010147392290249394
219        0.015198412698412616
220        0.005206916099773249
221        0.0032539682539682595
222        0.0013633786848072506
223        0.015087868480725559
224        0.0010175736961451208
225        0.052687074829931874
226        0.020187074829931893
227        0.011431405895691549
228        0.010677437641723329
229        0.012783446712018125
230        0.02405045351473914
231        0.0035969387755102012
232        0.008775510204081556
233        0.003460884353741495
234        0.023531746031745997
235        0.0028429705215419544
236        0.0010232426303854842
237        0.0017658730158730132
238        0.003852040816326542
239        0.003815192743764178
240        0.0012074829931972713
241        0.004022108843537417
242        0.0015844671201813946
243        0.001193310657596366
244        0.0013010204081632584
245        0.0010147392290249392
246        0.010632086167800417
247        0.010700113378684773
248        0.006312358276644006
249        0.0013378684807256176
250        0.006660997732426307
251        0.0018934240362811713
252        0.0013860544217686997
253        0.006986961451247182
254        0.002678571428571428
255        0.003191609977324264
256        0.002633219954648524
257        0.0027154195011337813
258        0.0017828798185940964
259        0.016099773242630375
260        0.002431972789115636
261        0.002117346938775501
262        0.0011507936507936477
263        0.012412131519274382
264        0.0024007936507936473
265        0.0013832199546485182
266        0.0010090702947845773
267        0.0013321995464852534
268        0.0018707482993197185
269        0.0015731292517006707
270        0.0014143990929705145
271        0.0015419501133786774
272        0.0014682539682539589
273        0.0011196145124716494
274        0.0013038548752834405
275        0.0010119047619047588
276        0.0017517006802721007
277        0.002219387755102038
278        0.001678004535147381
279        0.001340702947845798
280        0.005807823129251702
281        0.0019529478458049827
282        0.0010714285714285671
283        0.006649659863945586
284        0.002706916099773244
285        0.0035657596371882136
286        0.0022789115646258515
287        0.004019274376417229
288        0.0020351473922902434
289        0.015646258503401365
290        0.002225056689342396
291        0.0027012471655328773
292        0.0011763038548752804
293        0.013075396825396827
294        0.0021655328798185925
295        0.0014427437641723287
296        0.0010770975056689312
297        0.0014880952380952287
298        0.0016836734693877456
299        0.0014880952380952298
300        0.0014484126984126893
301        0.0014143990929705139
302        0.0012981859410430767
303        0.0010770975056689299
304        0.001312358276643983
305        0.001031746031746028
306        0.002329931972789113
307        0.0018225623582766362
308        0.0014569160997732332
309        0.0014710884353741419
310        0.00655612244897959
311        0.0016354875283446603
312        0.0012726757369614428
313        0.0061592970521542004
314        0.0030385487528344674
315        0.004087301587301592
316        0.0016581632653061113
317        0.0032766439909296986
318        0.0018339002267573612
319        0.015110544217687065
320        0.0023696145124716466
321        0.001777210884353733
322        0.0010856009070294727
323        0.01354875283446712
324        0.0022222222222222174
325        0.0014852607709750477
326        0.0010430839002267527
327        0.0012188208616779961
328        0.0016496598639455682
329        0.001442743764172328
330        0.0015192743764172246
331        0.0015277777777777694
332        0.0013945578231292458
333        0.0012443310657596308
334        0.0013605442176870667
335        0.0009637188208616752
336        0.0021967120181405854
337        0.001989795918367345
338        0.0014739229024943233
339        0.0014455782312925093
340        0.005929705215419502
341        0.0016099773242630286
342        0.0011167800453514682
343        0.0062755102040816324
344        0.0027182539682539704
345        0.0030952380952380975
346        0.0019416099773242564
347        0.003330498866213142
348        0.0021655328798185908
349        0.017757936507936497
350        0.002199546485260765
351        0.0019926303854875234
352        0.0010374149659863902
353        0.013642290249433102
354        0.00229591836734693
355        0.0015306122448979506
356        0.0009920634920634885
357        0.0012726757369614437
358        0.001737528344671192
359        0.001680839002267563
360        0.001377551020408155
361        0.0015051020408163181
362        0.0013066893424036215
363        0.0011904761904761843
364        0.0012499999999999937
365        0.0010685941043083857
366        0.002633219954648525
367        0.001944444444444439
368        0.0013775510204081553
369        0.0014285714285714192
370        0.005955215419501137
371        0.0016269841269841159
372        0.00101757369614512
373        0.0058276643990929754
374        0.0024574829931972766
375        0.0031519274376417285
376        0.0021882086167800425
377        0.0030697278911564537
378        0.0026388888888888924
379        0.016952947845804964
380        0.002162698412698405
381        0.0022080498866213108
382        0.001286848072562352
383        0.013007369614512472
384        0.0030867346938775503
385        0.001434240362811785
386        0.0011763038548752783
387        0.0012244897959183612
388        0.0015617913832199468
389        0.0015136054421768623
390        0.001388888888888883
391        0.0016269841269841165
392        0.0013463718820861596
393        0.0011848072562358227
394        0.0012641723356009015
395        0.0010317460317460282
396        0.0023866213151927424
397        0.0020153061224489743
398        0.0015447845804988575
399        0.0015901360544217616
400        0.005547052154195012
401        0.0016836734693877469
402        0.0011111111111111048
403        0.007488662131519272
404        0.0030839002267573725
405        0.003545918367346946
406        0.0025510204081632616
407        0.003200113378684798
408        0.00196428571428571
409        0.01753684807256235
410        0.0022392290249433028
411        0.0023100907029478444
412        0.001034580498866209
413        0.013236961451247168
414        0.0018480725623582657
415        0.0014370748299319647
416        0.0010345804988662092
417        0.0014399092970521442
418        0.0016695011337868383
419        0.001680839002267565
420        0.001561791383219948
421        0.0013236961451247092
422        0.0015136054421768638
423        0.001136621315192737
424        0.0012386621315192687
425        0.0010204081632653027
426        0.0020549886621315113
427        0.002145691609977319
428        0.0015051020408163188
429        0.001408730158730151
430        0.04445578231292507
431        0.006130952380952399
432        0.003302154195011338
433        0.048894557823129126
434        0.015019841269841227
435        0.01233276643990925
436        0.004948979591836738
437        0.006853741496598629
438        0.0073242630385487615
439        0.003129251700680264
440        0.008123582766439888
441        0.004297052154195021
442        0.03500283446712018
443        0.014353741496598592
444        0.0024886621315192738
445        0.0010260770975056655
446        0.002429138321995465
447        0.0024149659863945557
448        0.001332199546485255
449        0.0013151927437641648
450        0.0015362811791383144
451        0.0014484126984126901
452        0.0012329931972789032
453        0.0013123582766439844
454        0.0010430839002267534
455        0.006091269841269856
456        0.00650510204081634
457        0.0013463718820861613
458        0.002244897959183676
459        0.048713151927437526
460        0.004747732426303861
461        0.002040816326530607
462        0.040215419501133706
463        0.010569727891156448
464        0.010337301587301548
465        0.006729024943310658
466        0.010649092970521523
467        0.010943877551020406
468        0.0036139455782312827
469        0.00774943310657596
470        0.0018197278911564656
471        0.0351360544217687
472        0.0027777777777777814
473        0.0017233560090702835
474        0.0010062358276643948
475        0.004450113378684822
476        0.0020124716553287887
477        0.002820294784580504
478        0.002757936507936517
479        0.0032454648526077166
480        0.0013151927437641665
481        0.0011819727891156406
482        0.0013945578231292438
483        0.0010062358276643963
484        0.008727324263038537
485        0.005861678004535155
486        0.004359410430839001
487        0.0013350340136054348
488        0.004430272108843541
489        0.0014058956916099706
490        0.001034580498866209
491        0.005878684807256243
492        0.0017828798185940953
493        0.0034467120181405925
494        0.0015221088435374054
495        0.0026417233560090615
496        0.0015617913832199465
497        0.00136904761904761
498        0.0021683673469387694
499        0.0020691609977324206
500        0.0012386621315192672
501        0.02979308390022677
502        0.0014455782312925102
503        0.001377551020408157
504        0.0010856009070294738
505        0.0011763038548752772
506        0.0015702947845804898
507        0.0015277777777777703
508        0.0013917233560090626
509        0.0013095238095238027
510        0.001337868480725616
511        0.0012641723356008987
512        0.001213151927437634
513        0.0012641723356009002
514        0.0010572562358276603
515        0.0017658730158730074
516        0.0033730158730158745
517        0.0014058956916099697
518        0.0015164399092970448
519        0.005422335600907027
520        0.0014625850340135962
521        0.0011337868480725574
522        0.007213718820861679
523        0.0023526077097505696
524        0.008973922902494269
525        0.001717687074829923
526        0.002638888888888881
527        0.0018112244897959106
528        0.0012670068027210812
529        0.0023894557823129162
530        0.001479591836734687
531        0.0010912698412698363
532        0.025912698412698384
533        0.001422902494331059
534        0.0013293650793650726
535        0.0010969387755102
536        0.0012613378684807185
537        0.0015787981859410334
538        0.0014767573696145057
539        0.001391723356009063
540        0.0015051020408163175
541        0.0014002267573696076
542        0.001360544217687067
543        0.001167800453514733
544        0.0013435374149659797
545        0.00107709750566893
546        0.0015561224489795843
547        0.0016043083900226676
548        0.0014115646258503326
549        0.0013208616780045288
550        0.038554421768707374
551        0.006978458049886632
552        0.003628117913832213
553        0.03918367346938764
554        0.013749999999999945
555        0.012295918367346885
556        0.008353174603174574
557        0.008619614512471651
558        0.014520975056689256
559        0.004257369614512469
560        0.007006802721088448
561        0.0019897959183673448
562        0.03508786848072565
563        0.009798752834467036
564        0.002851473922902494
565        0.001916099773242634
566        0.0020521541950113396
567        0.003336167800453517
568        0.002196712018140584
569        0.0025170068027210845
570        0.0033446712018140637
571        0.0014200680272108779
572        0.0011422902494331014
573        0.0013492063492063402
574        0.0010600907029478422
575        0.003432539682539685
576        0.007885487528344655
577        0.004007936507936511
578        0.0028316326530612233
579        0.04293083900226747
580        0.012375283446711974
581        0.0019274376417233471
582        0.041272675736961334
583        0.013511904761904704
584        0.015422335600906978
585        0.00917800453514735
586        0.010442176870748292
587        0.044926303854875164
588        0.013231292517006743
589        0.0032142857142857047
590        0.010680272108843513
591        0.001003401360544214
592        0.04199263038548753
593        0.0013038548752834407
594        0.001048752834467116
595        0.0017346938775510167
596        0.0027409297052154186
597        0.002854308390022678
598        0.0022392290249433127
599        0.00395691609977325
600        0.0013718820861677932
601        0.0017545351473922874
602        0.001332199546485254
603        0.0010175736961451215
604        0.010232426303854842
605        0.008548752834467106
606        0.0035345804988662116
607        0.0019160997732426185
608        0.042913832199546365
609        0.004532312925170084
610        0.0015589569160997597
611        0.04910714285714276
612        0.014929138321995366
613        0.014841269841269773
614        0.009827097505668911
615        0.009688208616780035
616        0.009285714285714246
617        0.0022052154195011248
618        0.008055555555555548
619        0.0020946712018140626
620        0.044367913832199554
621        0.009081632653061208
622        0.0014399092970521473
623        0.0016836734693877445
624        0.0049886621315192855
625        0.0033588435374149726
626        0.0019444444444444335
627        0.0021343537414966014
628        0.0014625850340135977
629        0.0014087301587301514
630        0.0011507936507936458
631        0.0014710884353741423
632        0.0010090702947845782
633        0.010484693877550976
634        0.010456349206349174
635        0.0032766439909297073
636        0.0013435374149659799
637        0.036128117913832046
638        0.008200113378684785
639        0.06801020408163252
640        0.05310090702947834
641        0.03890022675736952
642        0.04431689342403615
643        0.03887188208616769
644        0.020153061224489684
645        0.033954081632652934
646        0.006079931972789133
647        0.013270975056689293
648        0.001893424036281175
649        0.04241213151927436
650        0.03848922902494317
651        0.005104875283446734
652        0.0010175736961451215
653        0.007939342403628131
654        0.008302154195011313
655        0.00792233560090702
656        0.0027239229024943207
657        0.007329931972789113
658        0.002213718820861681
659        0.001751700680272107
660        0.004498299319727901
661        0.0015334467120181243
662        0.029883786848072424
663        0.015277777777777711
664        0.005663265306122464
665        0.00469104308390023
666        0.03093253968253964
667        0.02501417233560088
668        0.025895691609977282
669        0.027457482993197252
670        0.027653061224489774
671        0.025127551020408125
672        0.025232426303854857
673        0.031275510204081626
674        0.029467120181405862
675        0.04435374149659863
676        0.04176870748299324
677        0.035909863945578206
678        0.03812074829931971
679        0.03681689342403627
680        0.032672902494331045
681        0.04291099773242628
682        0.043710317460317456
683        0.03441893424036281
684        0.01209750566893424
685        0.01298469387755101
686        0.011553287981859405
687        0.01279478458049887
688        0.01180272108843536
689        0.013217120181405891
690        0.01226473922902494
691        0.01346938775510204
692        0.18993480725623577
693        0.18626700680272096
694        0.19498866213151905
695        0.1916496598639454
696        0.18500850340136044
697        0.19203798185941032
698        0.19241496598639446
699        0.18672619047619024
700        0.1907142857142856
701        0.20598922902494324
702        0.19701814058956907
703        0.20216553287981848
704        0.03795634920634907
705        0.0043849206349206565
706        0.028945578231292395
707        0.007551020408163236
708        0.03254535147392276
709        0.006848072562358278
710        0.0405272108843536
711        0.003492063492063496
712        0.024169501133786735
713        0.006462585034013612
714        0.037789115646258364
715        0.007845804988662082
716        0.15582766439909282
717        0.17511621315192735
718        0.16216269841269823
719        0.15731009070294769
720        0.1626303854875283
721        0.15832199546485246
722        0.17074263038548737
723        0.16598922902494315
724        0.016204648526077076
725        0.0150907029478458
726        0.015671768707482978
727        0.01681405895691608
728        0.01552154195011337
729        0.01655895691609976
730        0.015532879818594107
731        0.0168877551020408
732        0.1625765306122448
733        0.1637896825396822
734        0.1581405895691608
735        0.1594132653061224
736        0.15143990929705195
737        0.15803287981859396
738        0.14398526077097498
739        0.15061507936507917
740        0.1988888888888888
741        0.19729024943310663
742        0.20231859410430816
743        0.20147675736961454
744        0.19551303854875288
745        0.2000821995464852
746        0.20083333333333311
747        0.20466269841269827
748        0.19434240362811786
749        0.19683390022675737
750        0.1999404761904762
751        0.19593537414965975
752        0.20592120181405904
753        0.19470238095238096
754        0.2064030612244898
755        0.19844104308390012
756        0.18863945578231284
757        0.10658163265306102
758        0.11128684807256223
759        0.10078514739229007
760        0.11054988662131514
761        0.20723072562358258
762        0.19494614512471656
763        0.1868764172335601
764        0.18655328798185933
765        0.18598922902494328
766        0.18761337868480726
767        0.18634353741496618
768        0.18867346938775506
769        0.1919642857142857
770        0.1865873015873016
771        0.19917517006802696
772        0.19289682539682548
773        0.20789682539682536
774        0.09530612244897947
775        0.21390022675736964
776        0.08527777777777762
777        0.09418650793650782
778        0.20889172335600914
779        0.09145975056689325
780        0.20395691609977315
781        0.08488378684807245
782        0.09650793650793639
783        0.20891723356009068
784        0.21056689342403614
785        0.21811791383219944
786        0.20551587301587304
787        0.20783446712018136
788        0.20969671201814052
789        0.2121683673469387
790        0.21174319727891136
791        0.21382086167800446
792        0.2044104308390021
793        0.20696995464852586
794        0.20920918367346933
795        0.033251133786847936
796        0.0329535147392289
797        0.029362244897959057
798        0.20759637188208602
799        0.206312358276644
800        0.20891156462585034
801        0.20518707482993187
802        0.208611111111111
803        0.19778061224489782
804        0.19865929705215418
805        0.2067970521541948
806        0.21054705215419497
807        0.21086451247165533
808        0.20208333333333342
809        0.21396825396825384
810        0.204484126984127
811        0.20279478458049874
812        0.21186507936507934
813        0.20840986394557812
814        0.20362244897959186
815        0.0998242630385486
816        0.21021825396825383
817        0.040116213151927295
818        0.04461734693877537
819        0.06752551020408151
820        0.2074603174603174
821        0.11065192743764155
822        0.2105583900226757
823        0.20595804988662114
824        0.09275793650793639
825        0.21164965986394543
826        0.2068197278911562
827        0.20343820861678
828        0.20768990929705203
829        0.019039115646258414
830        0.019450113378684714
831        0.004438775510204072
832        0.0031235827664399087
833        0.01670068027210876
834        0.016181972789115574
835        0.003696145124716568
836        0.0036848072562358255
837        0.01753684807256224
838        0.004682539682539705
839        0.20719671201814055
840        0.21209183673469392
841        0.20533446712018127
842        0.20825396825396827
843        0.2109835600907027
844        0.21102891156462578
845        0.08023526077097494
846        0.011541950113378609
847        0.001981292517006802
848        0.20789965986394546
849        0.21022959183673476
850        0.20755952380952383
851        0.2124149659863946
852        0.20163548752834445
853        0.21042800453514726
854        0.2091865079365079
855        0.2149943310657595
856        0.060014172335600774
857        0.048619614512471515
858        0.0022023809523809457
859        0.0015873015873015797
860        0.0017885487528344624
861        0.0016099773242630306
862        0.008324829931972784
863        0.003857709750566883
864        0.0037896825396825334
865        0.004061791383219954
866        0.015113378684807248
867        0.00650510204081634
868        0.011335034013605425
869        0.007216553287981844
870        0.04955498866213139
871        0.04611678004535138
872        0.04656746031746022
873        0.009379251700680255
874        0.005320294784580505
875        0.029999999999999888
876        0.02659013605442167
877        0.05502834467120166
878        0.06614229024943295
879        0.01212018140589568
880        0.011020408163265301
881        0.012658730158730147
882        0.011439909297052134
883        0.06860260770975042
884        0.1719472789115642
885        0.08232142857142839
886        0.07636621315192733
887        0.07826530612244884
888        0.07617063492063479
889        0.09024659863945562
890        0.07162414965986383
891        0.08698979591836724
892        0.15731009070294755
893        0.10220521541950102
894        0.1615532879818592
895        0.0885062358276643
896        0.1521712018140588
897        0.09289399092970507
898        0.1737103174603172
899        0.10887471655328788
900        0.18248299319727873
901        0.09115929705215406
902        0.018061224489795826
903        0.011482426303854813
904        0.0038605442176870845
905        0.005756802721088444
906        0.013296485260770936
907        0.008778344671201789
908        0.007089002267573702
909        0.004671201814058961
910        0.01589002267573689
911        0.0060941043083900465
912        0.017698412698412595
913        0.011850907029478422
914        0.003942743764172333
915        0.004895124716553297
916        0.015487528344671127
917        0.023404195011337767
918        0.0027380952380952357
919        0.013605442176870684
920        0.011947278911564588
921        0.005345804988662139
922        0.01030045351473922
923        0.009359410430838972
924        0.004090136054421771
925        0.1783786848072561
926        0.15553854875283418
927        0.151298185941043
928        0.1801530612244896
929        0.14848922902494321
930        0.1572732426303852
931        0.18959750566893413
932        0.14887755102040806
933        0.17082199546485244
934        0.15617630385487527
935        0.1542346938775508
936        0.17837301587301566
937        0.17342120181405882
938        0.16916383219954628
939        0.18029478458049858
940        0.17970238095238097
941        0.1798951247165531
942        0.18247732426303828
943        0.17791383219954618
944        0.17938775510204055
945        0.17089852607709738
946        0.17636054421768682
947        0.1788662131519272
948        0.1830924036281178
949        0.18181972789115633
950        0.17467403628117892
951        0.17754818594104296
952        0.16633219954648515
953        0.17014172335600888
954        0.18492913832199526
955        0.010328798185941039
956        0.00373582766439909
957        0.0046655328798186
958        0.007040816326530614
959        0.019710884353741406
960        0.004212018140589584
961        0.001660997732426296
962        0.0018622448979591765
963        0.0018310657596371826
964        0.0013265306122448917
965        0.0018849206349206271
966        0.0020578231292516934
967        0.002086167800453509
968        0.0021655328798185886
969        0.002057823129251695
970        0.0018537414965986321
971        0.0014512471655328725
972        0.0017800453514739164
973        0.0019954648526077034
974        0.0016780045351473835
975        0.0013548752834467047
976        0.0017091836734693792
977        0.0021371882086167744
978        0.0017602040816326458
979        0.0014087301587301512
980        0.0017828798185940975
981        0.0020776643990929634
982        0.0021060090702947785
983        0.0018480725623582694
984        0.0013662131519274292
985        0.0018622448979591774
986        0.002171201814058951
987        0.0023696145124716492
988        0.002188208616780042
989        0.0019331065759637122
990        0.0017488662131519201
991        0.0012670068027210819
992        0.02969104308390012
993        0.024472789115646196
994        0.002837301587301587
995        0.002236394557823128
996        0.003251133786848069
997        0.0017687074829931904
998        0.0012981859410430782
999        0.0018509070294784507
1000        0.0019472789115646183
1001        0.002264739229024936
1002        0.002247732426303848
1003        0.002120181405895685
1004        0.0018168934240362729
1005        0.0013633786848072503
1006        0.0018083900226757291
1007        0.001921768707482986
1008        0.0016950113378684736
1009        0.0014455782312925091
1010        0.0016553287981859338
1011        0.001950113378684799
1012        0.0017913832199546412
1013        0.001326530612244891
1014        0.0016893424036281094
1015        0.0019869614512471596
1016        0.0020833333333333272
1017        0.0018083900226757291
1018        0.0013662131519274305
1019        0.001737528344671196
1020        0.002052154195011329
1021        0.002117346938775505
1022        0.00212585034013605
1023        0.0022165532879818532
1024        0.0017261904761904688
1025        0.001227324263038543
1026        0.18452380952380934
1027        0.17843537414965965
1028        0.18422902494331064
1029        0.17953514739228996
1030        0.17366213151927418
1031        0.1847165532879818
1032        0.17705498866213135
1033        0.18066893424036268
1034        0.18163832199546473
1035        0.18475056689342392
1036        0.18632653061224475
1037        0.18084467120181388
1038        0.1848837868480725
1039        0.18029195011337854
1040        0.18005385487528341
1041        0.18823696145124713
1042        0.17618764172335585
1043        0.180861678004535
1044        0.178018707482993
1045        0.17898242630385447
1046        0.18304138321995456
1047        0.18582766439909265
1048        0.1873044217687072
1049        0.17859977324263038
1050        0.18188775510204067
1051        0.18188492063492054
1052        0.05100623582766429
1053        0.19270975056689313
1054        0.17685657596371865
1055        0.18594387755102032
1056        0.18168650793650773
1057        0.1854223356009067
1058        0.1807653061224488
1059        0.18991780045351458
1060        0.1863265306122447
1061        0.1807908163265305
1062        0.1845238095238094
1063        0.17126133786848052
1064        0.17867913832199528
1065        0.18173469387755076
1066        0.18434240362811774
1067        0.1792857142857141
1068        0.17750850340136032
1069        0.184659863945578
1070        0.17027210884353727
1071        0.18228458049886598
1072        0.1798497732426303
1073        0.19010770975056673
1074        0.19234410430838972
1075        0.18831065759637175
1076        0.18631519274376399
1077        0.17943310657596365
1078        0.1776700680272107
1079        0.1754223356009069
1080        0.1795153061224489
1081        0.1798100907029476
1082        0.18824546485260762
1083        0.1793225623582767
1084        0.17559240362811798
1085        0.17572562358276617
1086        0.18406746031746019
1087        0.18254535147392262
1088        0.1804535147392288
1089        0.18499999999999972
1090        0.182097505668934
1091        0.18634353741496595
1092        0.1784948979591835
1093        0.18088151927437632
1094        0.17971655328798175
1095        0.0030243764172335577
1096        0.014492630385487445
1097        0.10642006802721082
1098        0.013072562358276616
1099        0.010926870748299289
1100        0.005314625850340146
1101        0.0032823129251700655
1102        0.0015617913832199496
1103        0.0010147392290249405
1104        0.043149092970521385
1105        0.03714569160997719
1106        0.037426303854875144
1107        0.1829846938775509
1108        0.1814965986394556
1109        0.17395975056689322
1110        0.18048185941043077
1111        0.0015334467120181356
1112        0.02316326530612236
1113        0.017517006802721006
1114        0.03216836734693867
1115        0.18382936507936484
1116        0.182672902494331
1117        0.0756122448979591
1118        0.03267290249433091
1119        0.011357709750566816
1120        0.02860544217687062
1121        0.010181405895691583
1122        0.046247165532879685
1123        0.04037698412698399
1124        0.031108276643990792
1125        0.031079931972789
1126        0.0026332199546485247
1127        0.002142857142857135
1128        0.0011933106575963645
1129        0.0013180272108843465
1130        0.001352040816326523
1131        0.0012868480725623515
1132        0.0013690476190476115
1133        0.0012386621315192694
1134        0.0012358276643990858
1135        0.0013520408163265234
1136        0.0012046485260770933
1137        0.001357709750566887
1138        0.0009693877551020378
1139        0.05282312925170056
1140        0.036584467120181284
1141        0.03941326530612232
1142        0.04257369614512457
1143        0.04758786848072553
1144        0.038441043083900096
1145        0.0348894557823128
1146        0.037514172335600775
1147        0.032361111111110986
1148        0.04612811791383204
1149        0.04808106575963705
1150        0.04791383219954634
1151        0.05724773242630374
1152        0.04904478458049872
1153        0.04459183673469378
1154        0.04467403628117899
1155        0.012474489795918307
1156        0.018378684807256157
1157        0.0056859410430839166
1158        0.014912131519274313
1159        0.01595521541950109
1160        0.01107426303854873
1161        0.0009722222222222197
1162        0.00985544217687071
1163        0.03844104308390008
1164        0.050136054421768536
1165        0.061096938775510076
1166        0.010402494331065727
1167        0.007417800453514753
1168        0.0015901360544217549
1169        0.0012981859410430784
1170        0.0010629251700680232
1171        0.001181972789115641
1172        0.0009863945578231263
1173        0.12660430839002265
1174        0.047020975056689236
1175        0.11607993197278899
1176        0.1130782312925168
