1        0.0662868480725622
2        0.005901360544217704
3        0.18691326530612226
4        0.19457766439909294
5        0.1935770975056687
6        0.19061224489795917
7        0.18421485260770956
8        0.18341269841269817
9        0.19568877551020397
10        0.19147392290249413
11        0.18473639455782304
12        0.18890873015872994
13        0.18874433106575966
14        0.1930130385487527
15        0.19575963718820852
16        0.1862386621315192
17        0.19114229024943294
18        0.19441893424036283
19        0.19151643990929695
20        0.1875453514739227
21        0.19442176870748304
22        0.18730158730158722
23        0.18738095238095237
24        0.19555272108843527
25        0.1854506802721087
26        0.18715419501133781
27        0.1901615646258503
28        0.19202664399092942
29        0.19755385487528337
30        0.18969671201814048
31        0.1875765306122447
32        0.19231575963718817
33        0.1857057823129251
34        0.18862811791383205
35        0.1952976190476189
36        0.19057823129251691
37        0.19299603174603167
38        0.18950963718820846
39        0.18375283446712007
40        0.18801587301587291
41        0.19360260770975052
42        0.19103741496598628
43        0.19063775510204065
44        0.18971088435374137
45        0.18697278911564627
46        0.1928486394557823
47        0.19723072562358265
48        0.19000850340136058
49        0.18937925170068012
50        0.19019557823129235
51        0.18633786848072548
52        0.1962499999999998
53        0.1885260770975056
54        0.0012273242630385433
55        0.0010289115646258465
56        0.0017885487528344587
57        0.0012074829931972733
58        0.0010062358276643948
59        0.0012188208616779987
60        0.0009892290249433082
61        0.0012585034013605381
62        0.0034750566893424076
63        0.0036479591836734828
64        0.021978458049886507
65        0.16965419501133774
66        0.0012414965986394502
67        0.0009977324263038515
68        0.0030980725623582666
69        0.0011621315192743699
70        0.0010090702947845773
71        0.0013775510204081564
72        0.0010317460317460282
73        0.0012273242630385427
74        0.002040816326530604
75        0.0013350340136054361
76        0.01703231292517
77        0.08091553287981847
78        0.0011848072562358222
79        0.0010600907029478415
80        0.002590702947845797
81        0.0012556689342403575
82        0.0010090702947845765
83        0.0011819727891156408
84        0.0010005668934240327
85        0.0012074829931972722
86        0.0014484126984126914
87        0.0037755102040816337
88        0.013421201814058904
89        0.08561224489795906
90        0.0012301587301587237
91        0.001023242630385484
92        0.0023667800453514667
93        0.0011848072562358222
94        0.0010289115646258465
95        0.0012556689342403575
96        0.0010175736961451208
97        0.001397392290249426
98        0.001439909297052147
99        0.004863945578231298
100        0.01557823129251695
101        0.0012216553287981806
102        0.001045918367346935
103        0.001816893424036274
104        0.001147959183673464
105        0.0010119047619047584
106        0.0012641723356009002
107        0.0010232426303854849
108        0.0012755102040816271
109        0.001349206349206343
110        0.001408730158730152
111        0.01208049886621308
112        0.0012159863945578173
113        0.0010770975056689303
114        0.0023809523809523747
115        0.0013066893424036217
116        0.0009920634920634892
117        0.0012358276643990882
118        0.0010515873015872984
119        0.00122165532879818
120        0.0014229024943310604
121        0.0079705215419501
122        0.03411848072562346
123        0.17415532879818596
124        0.0012216553287981813
125        0.0009438775510204066
126        0.002627551020408157
127        0.0012443310657596332
128        0.0010119047619047584
129        0.001181972789115641
130        0.0009835600907029452
131        0.0012499999999999922
132        0.0019982993197278907
133        0.005598072562358284
134        0.03156179138321983
135        0.17981859410430842
136        0.0012244897959183616
137        0.0010374149659863909
138        0.001729024943310649
139        0.001768707482993194
140        0.000941043083900225
141        0.0011791383219954602
142        0.0009835600907029452
143        0.0012386621315192677
144        0.0013690476190476122
145        0.006774376417233564
146        0.037261904761904635
147        0.18073129251700676
148        0.0011819727891156406
149        0.0010289115646258471
150        0.004024943310657594
151        0.001210317460317456
152        0.001048752834467117
153        0.001215986394557817
154        0.0010657596371882044
155        0.0012188208616779974
156        0.0013435374149659807
157        0.004951814058956926
158        0.027040816326530485
159        0.17498582766439894
160        0.0012329931972789065
161        0.001020408163265302
162        0.002321428571428565
163        0.0012159863945578173
164        0.0010487528344671172
165        0.0012414965986394506
166        0.0009920634920634892
167        0.0013123582766439831
168        0.002312925170068029
169        0.0035685941043083957
170        0.03320578231292503
171        0.1886479591836734
172        0.0012499999999999933
173        0.0010062358276643956
174        0.0017460317460317387
175        0.001184807256235822
176        0.001026077097505665
177        0.0011989795918367287
178        0.000986394557823126
179        0.0012329931972789058
180        0.0024404761904761887
181        0.004532312925170071
182        0.03189625850340123
183        0.18199829931972766
184        0.0016638321995464805
185        0.001028911564625847
186        0.003489229024943304
187        0.0012585034013605375
188        0.0010260770975056646
189        0.0011592970521541888
190        0.0010459183673469353
191        0.0021485260770975046
192        0.0021740362811791336
193        0.004747732426303863
194        0.01825113378684797
195        0.18102040816326526
196        0.009226190476190428
197        0.003630952380952392
198        0.04801587301587288
199        0.014506802721088351
200        0.014016439909296964
201        0.009195011337868464
202        0.013619614512471626
203        0.014685374149659803
204        0.004654195011337867
205        0.011122448979591809
206        0.0016581632653061055
207        0.022772108843537364
208        0.0014143990929705134
209        0.0010345804988662088
210        0.001609977324263026
211        0.0014994331065759545
212        0.0018820861678004509
213        0.0013435374149659797
214        0.002519841269841273
215        0.0018225623582766423
216        0.0032057823129251683
217        0.002097505668934236
218        0.0010884353741496546
219        0.01585317460317452
220        0.010221088435374113
221        0.0023922902494331005
222        0.0028089569160997642
223        0.011850907029478426
224        0.002766439909297058
225        0.0373214285714285
226        0.013251133786848026
227        0.012840136054421728
228        0.01109126984126978
229        0.011748866213151915
230        0.02080498866213141
231        0.004379251700680266
232        0.005878684807256241
233        0.0010402494331065732
234        0.022137188208616765
235        0.004197845804988663
236        0.0010572562358276603
237        0.003401360544217694
238        0.002616213151927444
239        0.002344104308390029
240        0.0018990929705215327
241        0.0035090702947845895
242        0.001309523809523802
243        0.0015277777777777742
244        0.0012528344671201746
245        0.0010459183673469346
246        0.014852607709750491
247        0.009189342403628098
248        0.002539682539682538
249        0.0012670068027210817
250        0.0052437641723356064
251        0.0015759637188208523
252        0.0011111111111111055
253        0.005649092970521549
254        0.001975623582766437
255        0.0030668934240362803
256        0.0020691609977324227
257        0.002621882086167793
258        0.0016213151927437545
259        0.01363662131519274
260        0.0020408163265306038
261        0.0016411564625850254
262        0.0010232426303854836
263        0.011859410430839011
264        0.001967120181405888
265        0.0013123582766439844
266        0.0010289115646258467
267        0.0013095238095238006
268        0.0015107709750566789
269        0.0013038548752834398
270        0.0014427437641723261
271        0.0013435374149659792
272        0.001391723356009063
273        0.0011422902494331014
274        0.0012216553287981806
275        0.001060090702947842
276        0.0015617913832199457
277        0.002006802721088431
278        0.0013520408163265234
279        0.0014257369614512389
280        0.004659863945578234
281        0.0017828798185940968
282        0.0010147392290249392
283        0.005578231292517017
284        0.002400793650793648
285        0.0033191609977324295
286        0.0016553287981859303
287        0.0029109977324262943
288        0.0016609977324262932
289        0.015127551020408152
290        0.002137188208616772
291        0.001697845804988652
292        0.0012329931972789039
293        0.011561791383219956
294        0.002216553287981856
295        0.0013690476190476107
296        0.0009750566893424004
297        0.0014087301587301494
298        0.0015617913832199441
299        0.001553287981859401
300        0.0013038548752834394
301        0.0014342403628117843
302        0.0013265306122448902
303        0.0011961451247165453
304        0.0012755102040816258
305        0.0010175736961451224
306        0.0016269841269841167
307        0.0017573696145124606
308        0.0013775510204081538
309        0.0011989795918367285
310        0.005283446712018144
311        0.0018679138321995407
312        0.001028911564625847
313        0.005187074829931978
314        0.002429138321995463
315        0.0036139455782312996
316        0.002114512471655321
317        0.0028543083900226672
318        0.0017545351473922813
319        0.013455215419501124
320        0.0021938775510204
321        0.002103174603174601
322        0.0010345804988662092
323        0.011643990929705205
324        0.0017857142857142779
325        0.0015929705215419403
326        0.001094104308390018
327        0.0012386621315192661
328        0.0014739229024943216
329        0.0014682539682539584
330        0.0012131519274376362
331        0.0015617913832199457
332        0.001564625850340128
333        0.0011252834467120126
334        0.0012613378684807185
335        0.0010062358276643959
336        0.001978458049886613
337        0.001575963718820852
338        0.0013888888888888814
339        0.0013236961451247094
340        0.005768140589569165
341        0.0016184807256235734
342        0.001227324263038545
343        0.004693877551020409
344        0.0028486394557823186
345        0.003163265306122451
346        0.0018509070294784507
347        0.002919501133786842
348        0.001587301587301578
349        0.015232426303854876
350        0.0022760770975056603
351        0.001986961451247156
352        0.0011564625850340085
353        0.011207482993197277
354        0.0017970521541950057
355        0.0014087301587301503
356        0.0009778911564625827
357        0.0012499999999999911
358        0.0015419501133786746
359        0.0014484126984126908
360        0.0014682539682539589
361        0.0014427437641723263
362        0.001164965986394552
363        0.001108276643990924
364        0.0013151927437641659
365        0.0010459183673469346
366        0.0019387755102040756
367        0.0016496598639455676
368        0.0016156462585033933
369        0.0013718820861677943
370        0.004645691609977324
371        0.0017630385487528287
372        0.001176303854875277
373        0.005476190476190481
374        0.002213718820861676
375        0.0034495464852607764
376        0.0018367346938775438
377        0.0030158730158730065
378        0.002151360544217682
379        0.014767573696145122
380        0.0021088435374149585
381        0.003047052154195015
382        0.0012046485260770899
383        0.01188208616780045
384        0.002040816326530607
385        0.001303854875283441
386        0.0010090702947845765
387        0.0013945578231292412
388        0.0015079365079364992
389        0.0014795918367346845
390        0.0014200680272108779
391        0.0013973922902494249
392        0.0013321995464852532
393        0.0010827664399092917
394        0.0013236961451247107
395        0.0010402494331065715
396        0.0018452380952380858
397        0.0018509070294784507
398        0.00146825396825396
399        0.0014087301587301503
400        0.004759070294784586
401        0.0015532879818594032
402        0.0011933106575963634
403        0.005425170068027217
404        0.002556689342403623
405        0.0032624716553287967
406        0.0023667800453514728
407        0.003115079365079355
408        0.001618480725623575
409        0.015093537414965982
410        0.0022534013605442103
411        0.0017602040816326447
412        0.0011734693877550953
413        0.011111111111111101
414        0.001561791383219945
415        0.0013151927437641663
416        0.0009665532879818571
417        0.0011592970521541893
418        0.0014427437641723279
419        0.0013236961451247085
420        0.0013378684807256159
421        0.0013605442176870663
422        0.0014625850340135996
423        0.0012188208616779965
424        0.0012868480725623521
425        0.0009495464852607686
426        0.0018820861678004504
427        0.0022307256235827616
428        0.0014427437641723303
429        0.0013605442176870684
430        0.035255102040816264
431        0.003820861678004548
432        0.00159580498866212
433        0.03046768707482985
434        0.017372448979591757
435        0.008900226757369602
436        0.007936507936507922
437        0.008653628117913816
438        0.007828798185941045
439        0.0027721088435374076
440        0.005504535147392294
441        0.002590702947845805
442        0.03253684807256236
443        0.0048299319727891175
444        0.0019557823129251694
445        0.0010345804988662098
446        0.0027862811791383143
447        0.0019501133786848058
448        0.001315192743764165
449        0.002247732426303855
450        0.0013066893424036204
451        0.0015674603174603112
452        0.00111961451247165
453        0.0015702947845804892
454        0.0009410430839002248
455        0.009523809523809532
456        0.007678571428571407
457        0.0033446712018140655
458        0.0013605442176870682
459        0.03952097505668922
460        0.003925736961451254
461        0.0010034013605442144
462        0.03736111111111103
463        0.007553854875283423
464        0.012018140589569095
465        0.006054421768707496
466        0.010215419501133772
467        0.010949546485260751
468        0.0030300453514739184
469        0.006346371882086188
470        0.001306689342403623
471        0.035175736961451244
472        0.008358843537414942
473        0.002993197278911562
474        0.0010204081632653027
475        0.0026388888888888968
476        0.0014427437641723285
477        0.0012896825396825325
478        0.001298185941043077
479        0.001961451247165527
480        0.0013321995464852527
481        0.0015504535147392129
482        0.0012244897959183608
483        0.0010119047619047581
484        0.0027664399092970516
485        0.005705782312925179
486        0.00197562358276644
487        0.0013236961451247088
488        0.0027721088435374085
489        0.0013520408163265219
490        0.0010317460317460282
491        0.005839002267573708
492        0.002063492063492061
493        0.003738662131519275
494        0.001485260770975047
495        0.002624716553287974
496        0.0022902494331065804
497        0.0012216553287981795
498        0.0020663265306122376
499        0.001856575963718818
500        0.0010374149659863909
501        0.02721088435374146
502        0.0013236961451247088
503        0.0022562358276644015
504        0.0010090702947845769
505        0.0012925170068027135
506        0.0014909297052154102
507        0.001329365079365071
508        0.0012868480725623528
509        0.001241496598639449
510        0.001252834467120176
511        0.0013917233560090606
512        0.0011224489795918307
513        0.0012896825396825334
514        0.0010572562358276596
515        0.0014682539682539608
516        0.0017431972789115561
517        0.00144557823129251
518        0.0012499999999999929
519        0.003055555555555546
520        0.0014285714285714225
521        0.0010459183673469355
522        0.005926870748299334
523        0.002049319727891155
524        0.00475623582766441
525        0.0015334467120181325
526        0.0024858276643990847
527        0.002069160997732425
528        0.0013321995464852532
529        0.0020521541950113305
530        0.0021995464852607657
531        0.0010600907029478422
532        0.016573129251700677
533        0.0014172335600906962
534        0.0013151927437641659
535        0.001040249433106572
536        0.0012670068027210814
537        0.001420068027210875
538        0.0014087301587301507
539        0.0012301587301587248
540        0.00147108843537414
541        0.0014030612244897885
542        0.0021570294784580444
543        0.0011337868480725557
544        0.00136337868480725
545        0.0010430839002267532
546        0.0015334467120181317
547        0.0023356009070294808
548        0.0014172335600906966
549        0.001284013605442171
550        0.03291383219954641
551        0.004571995464852621
552        0.0010459183673469348
553        0.024883786848072482
554        0.011357709750566857
555        0.010195578231292501
556        0.005949546485260779
557        0.010209750566893423
558        0.007964852607709717
559        0.0020181405895691538
560        0.00702380952380952
561        0.002508503401360546
562        0.018066893424036255
563        0.007570861678004547
564        0.003273809523809531
565        0.001043083900226754
566        0.002137188208616784
567        0.0015844671201813954
568        0.0012726757369614437
569        0.0012783446712018075
570        0.001284013605442171
571        0.002179705215419504
572        0.0011139455782312867
573        0.0012783446712018075
574        0.0009948979591836704
575        0.007667233560090709
576        0.006989795918367358
577        0.0029591836734693916
578        0.002134353741496596
579        0.027502834467120128
580        0.006890589569160996
581        0.0010175736961451217
582        0.03687641723355998
583        0.010649092970521485
584        0.011315192743764102
585        0.004435941043083916
586        0.011675170068027192
587        0.041128117913832064
588        0.004937641723356012
589        0.004733560090702947
590        0.007165532879818583
591        0.0024858276643990873
592        0.030334467120181383
593        0.0021825396825396865
594        0.0010062358276643956
595        0.002012471655328792
596        0.00219954648526077
597        0.001958616780045345
598        0.0012499999999999933
599        0.0023072562358276657
600        0.0013860544217686999
601        0.001153628117913826
602        0.001267006802721082
603        0.0010090702947845769
604        0.008611111111111083
605        0.0042120181405895735
606        0.002891156462585038
607        0.002174036281179133
608        0.03520408163265298
609        0.004739229024943318
610        0.0028344671201814163
611        0.046496598639455655
612        0.013565759637188125
613        0.010617913832199507
614        0.006386054421768723
615        0.004849773242630384
616        0.0058701814058957115
617        0.003443877551020401
618        0.0054081632653061405
619        0.0010034013605442142
620        0.03233843537414965
621        0.0036933106575963706
622        0.0020238095238095197
623        0.0015731292517006659
624        0.0017488662131519242
625        0.0029308390022675813
626        0.002358276643990931
627        0.0013123582766439827
628        0.0037698412698412742
629        0.0012981859410430765
630        0.0010799319727891096
631        0.0012471655328798123
632        0.0010260770975056648
633        0.006119614512471666
634        0.0076190476190476026
635        0.0018820861678004494
636        0.0018424036281179128
637        0.027695578231292397
638        0.006037414965986403
639        0.06044501133786836
640        0.04074263038548738
641        0.03247165532879808
642        0.025564058956916005
643        0.036383219954648424
644        0.008707482993197275
645        0.032655895691609885
646        0.008188775510204076
647        0.008801020408163242
648        0.003869047619047637
649        0.034863945578231297
650        0.0330130385487527
651        0.005980725623582778
652        0.002718253968253956
653        0.006320861678004555
654        0.007123015873015865
655        0.005819160997732434
656        0.001771541950113375
657        0.005150226757369628
658        0.0017431972789115572
659        0.001703514739229017
660        0.0013265306122448904
661        0.0009977324263038526
662        0.02490079365079352
663        0.011782879818594088
664        0.0056575963718820945
665        0.002746598639455784
666        0.02329931972789116
667        0.02581065759637186
668        0.018914399092970494
669        0.02715419501133783
670        0.021913265306122406
671        0.022179705215419492
672        0.02081632653061222
673        0.022743764172335576
674        0.027216553287981834
675        0.04284580498866213
676        0.028134920634920645
677        0.027310090702947824
678        0.0263066893424036
679        0.031488095238095225
680        0.031456916099773226
681        0.03517573696145122
682        0.03363662131519272
683        0.027868480725623552
684        0.011731859410430824
685        0.010830498866213144
686        0.010946712018140585
687        0.011643990929705215
688        0.011303854875283438
689        0.010521541950113376
690        0.011428571428571429
691        0.011011904761904749
692        0.17662414965986378
693        0.1666241496598639
694        0.17808390022675713
695        0.17434807256235824
696        0.18206065759637174
697        0.18101757369614493
698        0.17148809523809513
699        0.18495748299319725
700        0.1769982993197277
701        0.19847789115646253
702        0.17909863945578217
703        0.1955810657596371
704        0.03157312925170057
705        0.0038407029478458162
706        0.03657029478458036
707        0.005890022675736974
708        0.036386054421768586
709        0.004299886621315199
710        0.031213151927437503
711        0.005090702947845824
712        0.027842970521541836
713        0.0042375283446712195
714        0.030280612244897795
715        0.006831065759637199
716        0.15391156462585012
717        0.14585034013605427
718        0.13479875283446704
719        0.15241496598639442
720        0.13292517006802707
721        0.13813492063492058
722        0.14204081632653057
723        0.14224773242630376
724        0.013704648526077102
725        0.014812925170068028
726        0.01386054421768707
727        0.013599773242630371
728        0.014339569160997729
729        0.014997165532879822
730        0.013897392290249427
731        0.01507936507936506
732        0.14760204081632633
733        0.14282596371882067
734        0.1442375283446711
735        0.14056972789115624
736        0.13289682539682535
737        0.12941893424036274
738        0.13617630385487517
739        0.14333333333333317
740        0.1795266439909296
741        0.18569160997732417
742        0.18743764172335592
743        0.18642290249433105
744        0.19177437641723352
745        0.1860034013605441
746        0.19599206349206327
747        0.18950680272108836
748        0.19476473922902493
749        0.18234693877551003
750        0.18654761904761896
751        0.18602891156462578
752        0.1944869614512471
753        0.18238378684807247
754        0.20175453514739225
755        0.18718537414965983
756        0.18613662131519282
757        0.10115362811791369
758        0.09961167800453499
759        0.10581349206349193
760        0.09585034013605427
761        0.19853174603174598
762        0.18850340136054422
763        0.18479875283446703
764        0.17410147392290246
765        0.17471938775510207
766        0.17547619047619037
767        0.18235827664399107
768        0.1785005668934239
769        0.17126700680272117
770        0.17636904761904756
771        0.18258786848072547
772        0.18307539682539684
773        0.1965844671201813
774        0.07720804988662118
775        0.203625283446712
776        0.0825255102040815
777        0.08362528344671191
778        0.19957482993197273
779        0.07716836734693862
780        0.19797902494331057
781        0.07560374149659847
782        0.08224773242630373
783        0.1964625850340136
784        0.20149376417233553
785        0.20121031746031734
786        0.20000850340136037
787        0.19392857142857137
788        0.19855725623582748
789        0.2035317460317458
790        0.19904195011337858
791        0.19741213151927423
792        0.20202947845804972
793        0.20488095238095236
794        0.20092687074829924
795        0.025685941043083773
796        0.02827380952380943
797        0.030779478458049764
798        0.20010204081632635
799        0.19467403628117913
800        0.19641156462585033
801        0.1975510204081632
802        0.2040844671201812
803        0.19717687074829923
804        0.20780045351473933
805        0.19649943310657575
806        0.20009920634920625
807        0.19890022675736965
808        0.2000396825396824
809        0.206578798185941
810        0.19200396825396826
811        0.19342403628117896
812        0.19743197278911553
813        0.20328231292516988
814        0.20326530612244878
815        0.08542800453514725
816        0.20453798185941036
817        0.03749716553287969
818        0.03530895691609962
819        0.06435657596371866
820        0.20169784580498873
821        0.09356575963718806
822        0.20225056689342388
823        0.19933390022675734
824        0.08696428571428556
825        0.1974943310657596
826        0.2035657596371881
827        0.19951247165532884
828        0.19503117913832205
829        0.014047619047618995
830        0.015496031746031645
831        0.0018565759637188158
832        0.0032369614512471737
833        0.010530045351473886
834        0.010068027210884279
835        0.002168367346938786
836        0.005087868480725634
837        0.008526077097505682
838        0.0032653061224489862
839        0.2070691609977322
840        0.19979591836734673
841        0.19894274376417234
842        0.19721371882086167
843        0.19695578231292504
844        0.19929705215419508
845        0.07577380952380938
846        0.012823129251700628
847        0.0019359410430838983
848        0.19385204081632634
849        0.19709467120181412
850        0.20411564625850329
851        0.200654761904762
852        0.20501417233560082
853        0.19748015873015876
854        0.2007596371882086
855        0.19913832199546472
856        0.049532312925169936
857        0.05166383219954639
858        0.001612811791383214
859        0.001471088435374142
860        0.002794784580498864
861        0.0013577097505668868
862        0.007395124716553288
863        0.003069727891156462
864        0.0030272108843537393
865        0.0021598639455782313
866        0.011403061224489778
867        0.003285147392290244
868        0.005306122448979589
869        0.0064342403628118
870        0.04585884353741483
871        0.03827380952380942
872        0.04646825396825386
873        0.006513605442176878
874        0.006712018140589574
875        0.02446995464852599
876        0.022168367346938663
877        0.05004251700680258
878        0.05437358276643979
879        0.010464852607709733
880        0.01009353741496598
881        0.00994331065759636
882        0.00899376417233559
883        0.07188492063492051
884        0.16932823129251673
885        0.0571173469387754
886        0.06081065759637179
887        0.07027210884353732
888        0.06618764172335592
889        0.051539115646258425
890        0.06378684807256225
891        0.07130385487528336
892        0.14467970521541923
893        0.08494047619047612
894        0.14495181405895666
895        0.07061507936507926
896        0.1460119047619046
897        0.06936224489795907
898        0.16500566893424012
899        0.08441326530612232
900        0.16780045351473896
901        0.09312925170068014
902        0.016825396825396726
903        0.009586167800453483
904        0.0036621315192743795
905        0.00459467120181408
906        0.014577664399092895
907        0.01437074829931966
908        0.002397959183673475
909        0.0044047619047619105
910        0.010328798185940988
911        0.0035600907029478507
912        0.015042517006802644
913        0.009676870748299305
914        0.0017630385487528244
915        0.0035941043083900256
916        0.014863945578231225
917        0.014311224489795844
918        0.005141723356009079
919        0.011074263038548693
920        0.015583900226757309
921        0.0052494331065759785
922        0.01565476190476188
923        0.011896258503401326
924        0.0038492063492063557
925        0.17958049886621275
926        0.1574007936507934
927        0.15162414965986365
928        0.17520691609977312
929        0.14948412698412678
930        0.14214852607709724
931        0.17464285714285674
932        0.1396031746031745
933        0.13453514739229017
934        0.14271825396825372
935        0.14086451247165502
936        0.1788577097505664
937        0.1741553287981856
938        0.1645748299319725
939        0.15609410430838971
940        0.1707454648526074
941        0.1589229024943309
942        0.16811224489795903
943        0.1733815192743761
944        0.16984977324262998
945        0.17168934240362782
946        0.16928571428571398
947        0.16577097505668908
948        0.159895124716553
949        0.17044784580498823
950        0.16761904761904733
951        0.1584948979591836
952        0.16799319727891138
953        0.17428287981859375
954        0.16984977324262998
955        0.004691043083900234
956        0.006550453514739238
957        0.004640022675736965
958        0.0025141723356009063
959        0.01916099773242625
960        0.0041014739229025005
961        0.0016524943310657525
962        0.0018027210884353677
963        0.0015447845804988597
964        0.0014285714285714212
965        0.0017460317460317384
966        0.0019472789115646191
967        0.0019246031746031696
968        0.0019812925170067954
969        0.0018594104308389944
970        0.0015929705215419422
971        0.001363378684807249
972        0.0017573696145124647
973        0.0018367346938775438
974        0.0017290249433106518
975        0.001255668934240357
976        0.001700680272108836
977        0.0018168934240362748
978        0.001663832199546477
979        0.0012868480725623517
980        0.0017602040816326455
981        0.0020209750566893346
982        0.0019897959183673413
983        0.0018197278911564567
984        0.001272675736961446
985        0.0017006802721088344
986        0.0019472789115646202
987        0.0018707482993197211
988        0.002188208616780039
989        0.001873582766439901
990        0.0017176870748299238
991        0.0012528344671201746
992        0.02300453514739217
993        0.016615646258503335
994        0.005479024943310678
995        0.0035119047619047695
996        0.0023809523809523742
997        0.0016468253968253896
998        0.0013265306122448904
999        0.0017375283446711934
1000        0.002103174603174596
1001        0.0020068027210884297
1002        0.0018990929705215327
1003        0.002089002267573688
1004        0.001763038548752828
1005        0.0012896825396825334
1006        0.0017375283446711934
1007        0.0018735827664399015
1008        0.0015787981859410358
1009        0.0013208616780045286
1010        0.0017828798185940975
1011        0.00182539682539682
1012        0.001578798185941036
1013        0.0012925170068027142
1014        0.0017970521541950035
1015        0.0019104308390022605
1016        0.0019132653061224429
1017        0.0015873015873015782
1018        0.0013973922902494266
1019        0.0016524943310657523
1020        0.002043650793650787
1021        0.0019331065759637131
1022        0.002202380952380946
1023        0.0017488662131519206
1024        0.0016326530612244823
1025        0.001162131519274371
1026        0.18102040816326495
1027        0.17391156462585003
1028        0.18079081632653035
1029        0.16674603174603167
1030        0.1736082766439907
1031        0.1763095238095234
1032        0.1723157596371878
1033        0.1691383219954646
1034        0.16754251700680237
1035        0.17147675736961415
1036        0.17243197278911535
1037        0.18248866213151893
1038        0.17191043083900187
1039        0.1696371882086165
1040        0.17346938775510176
1041        0.16583616780045332
1042        0.17540816326530587
1043        0.1751303854875279
1044        0.1738378684807252
1045        0.17312358276643955
1046        0.17219671201814027
1047        0.16763321995464822
1048        0.17297902494331036
1049        0.17440476190476145
1050        0.17510487528344643
1051        0.1731689342403624
1052        0.04912131519274366
1053        0.17089285714285699
1054        0.17110544217687051
1055        0.1744359410430836
1056        0.17100623582766403
1057        0.1723100907029476
1058        0.17064625850340118
1059        0.1787953514739225
1060        0.17637471655328774
1061        0.17369614512471632
1062        0.16360260770975035
1063        0.17502834467120146
1064        0.17242346938775477
1065        0.1777380952380948
1066        0.17615079365079328
1067        0.1686819727891154
1068        0.17291666666666627
1069        0.17899376417233528
1070        0.17215702947845776
1071        0.18066609977324224
1072        0.17001133786848036
1073        0.17223356009070276
1074        0.1769331065759636
1075        0.17346371882086142
1076        0.17958900226757327
1077        0.17042800453514725
1078        0.17658163265306098
1079        0.1691071428571424
1080        0.17976190476190446
1081        0.16982993197278887
1082        0.167956349206349
1083        0.1714739229024939
1084        0.1759608843537412
1085        0.17257369614512436
1086        0.173630952380952
1087        0.16776360544217658
1088        0.1755470521541948
1089        0.17068027210884332
1090        0.16824263038548729
1091        0.17229875283446683
1092        0.17074546485260744
1093        0.17775793650793606
1094        0.17394274376417207
1095        0.005447845804988686
1096        0.012372448979591782
1097        0.0886026077097505
1098        0.008713151927437645
1099        0.00766156462585033
1100        0.0037329931972789132
1101        0.004427437641723358
1102        0.001550453514739221
1103        0.0009637188208616755
1104        0.03784863945578218
1105        0.024776077097505556
1106        0.04105158730158717
1107        0.17308106575963683
1108        0.1782596371882083
1109        0.1725850340136051
1110        0.17190759637188172
1111        0.003310657596371885
1112        0.01998015873015865
1113        0.013888888888888843
1114        0.03025510204081623
1115        0.17221371882086137
1116        0.17736394557823096
1117        0.06273526077097492
1118        0.02952097505668922
1119        0.011374716553287891
1120        0.03124716553287969
1121        0.0073979591836734575
1122        0.048954081632652933
1123        0.02389739229024934
1124        0.0253287981859409
1125        0.02623015873015864
1126        0.001249999999999993
1127        0.002162698412698405
1128        0.0011054421768707428
1129        0.001312358276643984
1130        0.0012329931972789058
1131        0.0013123582766439833
1132        0.001315192743764166
1133        0.0011819727891156401
1134        0.0011337868480725568
1135        0.001249999999999993
1136        0.0012046485260770927
1137        0.0013747165532879734
1138        0.0009722222222222194
1139        0.04053571428571417
1140        0.037006802721088305
1141        0.039274376417233414
1142        0.040189909297052025
1143        0.039787414965986236
1144        0.03249433106575952
1145        0.03429988662131507
1146        0.03191893424036267
1147        0.03386337868480713
1148        0.04356292517006791
1149        0.04648809523809511
1150        0.043415532879818475
1151        0.04391156462585021
1152        0.04196995464852595
1153        0.039146825396825284
1154        0.0410969387755101
1155        0.008140589569160996
1156        0.008650793650793645
1157        0.0071456916099773135
1158        0.007531179138321996
1159        0.011660997732426258
1160        0.010603741496598597
1161        0.0009665532879818569
1162        0.0035289115646258474
1163        0.048523242630385356
1164        0.04995748299319714
1165        0.050422335600906906
1166        0.00828514739229026
1167        0.0065164399092970645
1168        0.002820294784580495
1169        0.001292517006802715
1170        0.0010090702947845765
1171        0.0011451247165532828
1172        0.000955215419501132
1173        0.12036281179138314
1174        0.0464115646258502
1175        0.11637471655328786
1176        0.10695578231292507
