1        0.021091269841269807
2        0.0035090702947845856
3        0.09493480725623585
4        0.09347505668934247
5        0.09488095238095236
6        0.09982426303854872
7        0.09194444444444448
8        0.09558390022675729
9        0.09183956916099774
10        0.0960856009070294
11        0.09698979591836739
12        0.09276360544217686
13        0.09451247165532882
14        0.09801870748299313
15        0.09672902494331065
16        0.09637755102040811
17        0.09724489795918359
18        0.09524092970521539
19        0.0917460317460318
20        0.09220521541950108
21        0.0926899092970521
22        0.09341836734693879
23        0.09852607709750565
24        0.09475623582766445
25        0.09669501133786838
26        0.09345521541950114
27        0.0936139455782313
28        0.09464569160997728
29        0.09366213151927437
30        0.09477891156462583
31        0.08689058956916103
32        0.0929365079365079
33        0.09303854875283447
34        0.0969954648526077
35        0.09449829931972788
36        0.09747165532879817
37        0.09702947845804986
38        0.10021258503401359
39        0.09336451247165523
40        0.09467687074829936
41        0.09201247165532873
42        0.09560657596371884
43        0.0963860544217687
44        0.09993197278911566
45        0.10587585034013612
46        0.1021230158730158
47        0.09738095238095236
48        0.0965702947845805
49        0.09519557823129245
50        0.09498866213151923
51        0.0963378684807256
52        0.09683106575963718
53        0.09533446712018137
54        0.0010544217687074788
55        0.0009297052154194994
56        0.001643990929705209
57        0.001054421768707479
58        0.0009438775510204059
59        0.0009948979591836704
60        0.0009722222222222192
61        0.0014200680272108792
62        0.0011564625850340082
63        0.0023752834467120195
64        0.008373015873015838
65        0.06798752834467116
66        0.000994897959183671
67        0.0009212018140589551
68        0.0013350340136054364
69        0.0010742630385487484
70        0.0009353741496598619
71        0.0010459183673469353
72        0.0009268707482993181
73        0.0010487528344671165
74        0.0013208616780045297
75        0.0016468253968253915
76        0.002193877551020411
77        0.027553854875283335
78        0.0010402494331065721
79        0.0009523809523809498
80        0.0018112244897959143
81        0.001026077097505665
82        0.0009155328798185925
83        0.0010062358276643954
84        0.0009382086167800433
85        0.0010969387755101997
86        0.001150793650793646
87        0.0017318594104308248
88        0.004900793650793661
89        0.031193310657596278
90        0.0010657596371882049
91        0.0009410430839002242
92        0.0013407029478457997
93        0.0010459183673469344
94        0.0009750566893424016
95        0.001017573696145122
96        0.000941043083900225
97        0.0010827664399092921
98        0.0011337868480725578
99        0.001091269841269837
100        0.0017857142857142726
101        0.0010856009070294736
102        0.0009126984126984117
103        0.0013577097505668874
104        0.0010430839002267538
105        0.0009495464852607682
106        0.0010657596371882047
107        0.0009240362811791364
108        0.0010204081632653014
109        0.0011678004535147348
110        0.001079931972789111
111        0.0023951247165532965
112        0.00105725623582766
113        0.0009353741496598619
114        0.002202380952380946
115        0.0010714285714285678
116        0.0009467120181405875
117        0.00101473922902494
118        0.0009580498866213127
119        0.0010374149659863909
120        0.0011366213151927384
121        0.0014002267573696046
122        0.005858843537414981
123        0.05997448979591832
124        0.0010629251700680234
125        0.0009070294784580485
126        0.0013973922902494273
127        0.0010544217687074792
128        0.0009438775510204064
129        0.0010742630385487493
130        0.0009523809523809499
131        0.0010600907029478426
132        0.0011819727891156401
133        0.0023724489795918426
134        0.005306122448979603
135        0.06565192743764166
136        0.0010260770975056659
137        0.0009722222222222194
138        0.0012953514739228965
139        0.0010629251700680234
140        0.0009382086167800435
141        0.0010685941043083861
142        0.0009552154195011316
143        0.0010345804988662098
144        0.0011252834467120137
145        0.001386054421768697
146        0.0073781179138321966
147        0.06618480725623578
148        0.0010147392290249398
149        0.000949546485260769
150        0.0013775510204081579
151        0.0010204081632653025
152        0.000935374149659862
153        0.0010317460317460282
154        0.000932539682539681
155        0.0010374149659863913
156        0.0011904761904761845
157        0.0011536281179138263
158        0.007499999999999989
159        0.06777494331065755
160        0.0010317460317460288
161        0.0009183673469387736
162        0.0019189342403628069
163        0.0010317460317460282
164        0.0009665532879818566
165        0.001006235827664396
166        0.0009353741496598624
167        0.0010685941043083865
168        0.0015787981859410338
169        0.0012046485260770918
170        0.008715986394557767
171        0.06806122448979592
172        0.001028911564625847
173        0.0009098639455782298
174        0.0013690476190476135
175        0.0010572562358276611
176        0.0009410430839002242
177        0.001060090702947842
178        0.0009212018140589556
179        0.0010799319727891118
180        0.0014342403628117837
181        0.0016184807256235736
182        0.0068622448979591836
183        0.06522675736961447
184        0.0010657596371882042
185        0.0009637188208616752
186        0.0013407029478457993
187        0.001119614512471651
188        0.0009410430839002252
189        0.0010997732426303807
190        0.0009297052154194996
191        0.001048752834467116
192        0.0011337868480725578
193        0.0025000000000000053
194        0.005334467120181423
195        0.070297619047619
196        0.0027465986394557924
197        0.0009212018140589556
198        0.007301587301587304
199        0.003730158730158726
200        0.003375850340136064
201        0.0022902494331065717
202        0.0034041950113378613
203        0.0030130385487528327
204        0.0019019274376417172
205        0.003146258503401365
206        0.000929705215419499
207        0.004733560090702951
208        0.0017517006802720988
209        0.0009467120181405876
210        0.0012244897959183582
211        0.0015844671201813907
212        0.0010685941043083855
213        0.0010685941043083861
214        0.0011082766439909247
215        0.0010770975056689294
216        0.0009580498866213127
217        0.0010572562358276598
218        0.0009552154195011318
219        0.001947278911564614
220        0.0018707482993197244
221        0.0011989795918367272
222        0.0010232426303854842
223        0.003965419501133792
224        0.0009041950113378674
225        0.012049319727891132
226        0.004506802721088442
227        0.0031831065759637357
228        0.0031207482993197227
229        0.0019727891156462504
230        0.004149659863945586
231        0.0014427437641723296
232        0.0026729024943310743
233        0.0009467120181405873
234        0.006326530612244897
235        0.001153628117913827
236        0.0009268707482993182
237        0.0009892290249433073
238        0.0010714285714285665
239        0.0016156462585033891
240        0.001062925170068023
241        0.002270408163265311
242        0.0010912698412698365
243        0.0009495464852607684
244        0.0010459183673469353
245        0.00090986394557823
246        0.004260204081632661
247        0.0013265306122448917
248        0.0013548752834467023
249        0.0010770975056689303
250        0.0021570294784580423
251        0.0011082766439909244
252        0.0009438775510204059
253        0.002006802721088428
254        0.0012273242630385412
255        0.0014512471655328699
256        0.0011111111111111066
257        0.0017857142857142779
258        0.001147959183673465
259        0.005209750566893426
260        0.0015419501133786782
261        0.0011621315192743699
262        0.0009297052154194988
263        0.004520975056689341
264        0.001201814058956912
265        0.0010600907029478409
266        0.0009552154195011312
267        0.001020408163265302
268        0.0011649659863945513
269        0.001057256235827661
270        0.0010827664399092926
271        0.0011167800453514693
272        0.0010090702947845769
273        0.0009665532879818567
274        0.001082766439909293
275        0.0009495464852607686
276        0.0010714285714285663
277        0.0011791383219954602
278        0.0010685941043083855
279        0.0010770975056689294
280        0.0020436507936507898
281        0.0010487528344671165
282        0.0009523809523809501
283        0.0019075963718820802
284        0.0010487528344671165
285        0.0014285714285714173
286        0.001105442176870744
287        0.0017233560090702893
288        0.001125283446712013
289        0.005376984126984127
290        0.0014427437641723296
291        0.0011734693877550957
292        0.0009297052154194996
293        0.004716553287981858
294        0.0010856009070294734
295        0.0010742630385487495
296        0.0009438775510204066
297        0.0010260770975056648
298        0.0011252834467120137
299        0.00107993197278911
300        0.0011309523809523762
301        0.0010487528344671174
302        0.0010345804988662098
303        0.0009467120181405873
304        0.0010770975056689294
305        0.0009268707482993177
306        0.001167800453514731
307        0.0011366213151927382
308        0.0010544217687074786
309        0.0010430839002267527
310        0.002074829931972783
311        0.0010997732426303807
312        0.0009212018140589553
313        0.0020748299319727835
314        0.0011167800453514693
315        0.001255668934240355
316        0.0011592970521541893
317        0.001595804988662125
318        0.0011592970521541897
319        0.00548469387755102
320        0.001459750566893418
321        0.0010232426303854838
322        0.0009722222222222197
323        0.004872448979591834
324        0.0011706349206349138
325        0.0011139455782312874
326        0.0009608843537414941
327        0.0009722222222222187
328        0.0010714285714285663
329        0.0010827664399092928
330        0.0010232426303854833
331        0.0010685941043083855
332        0.0011337868480725568
333        0.001011904761904758
334        0.0010544217687074792
335        0.0009495464852607694
336        0.001210317460317454
337        0.0011791383219954602
338        0.0010572562358276598
339        0.0010600907029478424
340        0.0020323129251700617
341        0.001122448979591831
342        0.0009183673469387739
343        0.002103174603174599
344        0.0011876417233560026
345        0.0013520408163265232
346        0.0011621315192743699
347        0.001697845804988655
348        0.001267006802721083
349        0.00526077097505669
350        0.0014994331065759565
351        0.0011139455782312887
352        0.0010034013605442137
353        0.004985827664399096
354        0.0011252834467120137
355        0.0010374149659863904
356        0.000963718820861675
357        0.0010317460317460277
358        0.001130952380952376
359        0.0010544217687074786
360        0.0010600907029478417
361        0.0010799319727891118
362        0.0010997732426303807
363        0.0010175736961451208
364        0.0010175736961451208
365        0.0009438775510204058
366        0.001031746031746028
367        0.001088435374149655
368        0.0011026077097505615
369        0.0010572562358276605
370        0.0020181405895691533
371        0.0010827664399092924
372        0.0009495464852607686
373        0.002208049886621312
374        0.001258503401360537
375        0.0015844671201813967
376        0.001210317460317455
377        0.0016326530612244834
378        0.0010799319727891107
379        0.005496031746031746
380        0.0015249433106575899
381        0.0011366213151927376
382        0.0009523809523809503
383        0.004631519274376422
384        0.00111961451247165
385        0.0011111111111111066
386        0.000901360544217686
387        0.0009608843537414938
388        0.0012103174603174535
389        0.0010119047619047588
390        0.0010884353741496548
391        0.0010742630385487477
392        0.0011281179138321947
393        0.000989229024943307
394        0.0010770975056689305
395        0.0009126984126984113
396        0.001113945578231287
397        0.0011479591836734639
398        0.0011082766439909247
399        0.0010770975056689294
400        0.0022732426303854825
401        0.0010912698412698367
402        0.0009325396825396807
403        0.002052154195011334
404        0.00122165532879818
405        0.0013010204081632575
406        0.001238662131519266
407        0.0018310657596371824
408        0.0011167800453514686
409        0.005300453514739231
410        0.001527777777777772
411        0.0011734693877550955
412        0.0009212018140589554
413        0.004452947845804991
414        0.001221655328798179
415        0.0010856009070294742
416        0.000955215419501132
417        0.001009070294784577
418        0.0010657596371882038
419        0.0010827664399092921
420        0.0010600907029478422
421        0.0011451247165532828
422        0.0010884353741496553
423        0.0009948979591836702
424        0.0010119047619047588
425        0.0009552154195011312
426        0.001079931972789111
427        0.0011904761904761845
428        0.0010232426303854833
429        0.0010515873015872978
430        0.010252267573696117
431        0.0010459183673469342
432        0.0012074829931972692
433        0.011748866213151882
434        0.0027551020408163244
435        0.002604875283446714
436        0.002046485260770971
437        0.003183106575963713
438        0.001734693877551015
439        0.0014399092970521492
440        0.0016354875283446668
441        0.0009467120181405875
442        0.007182539682539681
443        0.0017913832199546447
444        0.0011111111111111066
445        0.0009608843537414946
446        0.001031746031746028
447        0.0010544217687074781
448        0.0010459183673469344
449        0.0011111111111111063
450        0.0012018140589569093
451        0.0010969387755102
452        0.0009297052154194988
453        0.0010742630385487486
454        0.0009467120181405876
455        0.002712585034013608
456        0.001530612244897949
457        0.0010827664399092928
458        0.0010232426303854842
459        0.011284013605442143
460        0.001986961451247165
461        0.0011706349206349184
462        0.010685941043083885
463        0.002531179138321997
464        0.0029053287981859527
465        0.0017063492063491984
466        0.0026445578231292437
467        0.0018395691609977198
468        0.0015561224489795851
469        0.0014824263038548714
470        0.0013888888888888742
471        0.007395124716553282
472        0.0024319727891156467
473        0.001252834467120173
474        0.0009155328798185928
475        0.001000566893424032
476        0.0011479591836734645
477        0.0011111111111111066
478        0.0011139455782312876
479        0.0014795918367346797
480        0.0010544217687074794
481        0.0009467120181405873
482        0.00111961451247165
483        0.0009608843537414941
484        0.0017630385487528229
485        0.002213718820861671
486        0.0010827664399092915
487        0.0010827664399092937
488        0.001879251700680263
489        0.0010742630385487477
490        0.0009438775510204056
491        0.0020918367346938723
492        0.0012159863945578168
493        0.0021598639455782387
494        0.0011649659863945516
495        0.001678004535147386
496        0.001082766439909292
497        0.000989229024943307
498        0.0014909297052154132
499        0.0010912698412698363
500        0.0009722222222222194
501        0.0073724489795918375
502        0.0010515873015872975
503        0.0010685941043083861
504        0.0009410430839002252
505        0.0009523809523809499
506        0.0011791383219954582
507        0.001085600907029473
508        0.0011564625850340085
509        0.0010629251700680236
510        0.0010997732426303805
511        0.0010005668934240325
512        0.0009438775510204054
513        0.0011196145124716494
514        0.0009637188208616755
515        0.0010912698412698367
516        0.0012358276643990869
517        0.0011366213151927384
518        0.0010997732426303807
519        0.0016014739229024875
520        0.0010799319727891113
521        0.0009693877551020378
522        0.0020181405895691533
523        0.0010799319727891105
524        0.0012953514739228941
525        0.001136621315192739
526        0.0018310657596371815
527        0.0011592970521541893
528        0.0010459183673469335
529        0.0014682539682539615
530        0.0010884353741496548
531        0.0009863945578231265
532        0.0051247165532879845
533        0.0010572562358276605
534        0.001116780045351469
535        0.0009693877551020388
536        0.0010034013605442137
537        0.0010997732426303807
538        0.0010969387755101992
539        0.0010799319727891115
540        0.0010742630385487484
541        0.001051587301587297
542        0.0010459183673469355
543        0.0009580498866213132
544        0.0010827664399092926
545        0.0009552154195011309
546        0.001111111111111107
547        0.0010714285714285678
548        0.001105442176870744
549        0.0010232426303854842
550        0.012650226757369603
551        0.0019331065759637168
552        0.0009268707482993182
553        0.01239229024943306
554        0.003494897959183678
555        0.002477324263038542
556        0.0024716553287981893
557        0.0016893424036281115
558        0.001085600907029474
559        0.0014654195011337809
560        0.0020918367346938684
561        0.0009268707482993175
562        0.004753401360544221
563        0.002196712018140591
564        0.001062925170068024
565        0.0009212018140589553
566        0.001425736961451233
567        0.0010402494331065721
568        0.0010459183673469355
569        0.0010317460317460273
570        0.0011309523809523746
571        0.0010345804988662092
572        0.0010034013605442148
573        0.0010884353741496548
574        0.0009353741496598626
575        0.0019359410430838983
576        0.0012556689342403597
577        0.001091269841269837
578        0.001043083900226753
579        0.009214852607709727
580        0.0023327664399093004
581        0.0009325396825396809
582        0.008619614512471653
583        0.002151360544217687
584        0.0019954648526077077
585        0.0018452380952380847
586        0.0026984126984126934
587        0.009132653061224419
588        0.0009155328798185925
589        0.0015561224489795847
590        0.0027607709750566843
591        0.0008985260770975043
592        0.0072675736961451244
593        0.0010544217687074794
594        0.0009438775510204059
595        0.0010657596371882038
596        0.0010997732426303803
597        0.0011252834467120134
598        0.0011309523809523762
599        0.0010374149659863904
600        0.0011054421768707438
601        0.0009382086167800435
602        0.0010685941043083855
603        0.0009268707482993177
604        0.003027210884353744
605        0.0021938775510204093
606        0.0010657596371882042
607        0.0010856009070294734
608        0.011658163265306087
609        0.0022930839002267595
610        0.0009212018140589549
611        0.007865646258503407
612        0.0020294784580498827
613        0.0025736961451247155
614        0.001697845804988653
615        0.0033475056689342354
616        0.002437641723356012
617        0.001536281179138316
618        0.002502834467120188
619        0.0009268707482993179
620        0.00999433106575962
621        0.001125283446712013
622        0.0011252834467120113
623        0.0009155328798185926
624        0.001235827664399084
625        0.0010685941043083855
626        0.0010175736961451208
627        0.0011904761904761821
628        0.0011167800453514697
629        0.001051587301587297
630        0.0010345804988662092
631        0.001026077097505665
632        0.0009268707482993182
633        0.0020238095238095228
634        0.002165532879818598
635        0.0011337868480725585
636        0.0010430839002267534
637        0.010320294784580408
638        0.0011394557823129173
639        0.015717120181405836
640        0.010734126984126893
641        0.007290249433106574
642        0.008078231292516985
643        0.015566893424036242
644        0.004722222222222234
645        0.008361678004535139
646        0.00222222222222221
647        0.0024348072562358214
648        0.0009495464852607687
649        0.006941609977324265
650        0.012009637188208562
651        0.00404195011337869
652        0.0009495464852607687
653        0.001573129251700665
654        0.0014965986394557692
655        0.0012698412698412612
656        0.001006235827664396
657        0.0011989795918367265
658        0.001048752834467116
659        0.0012046485260770897
660        0.000992063492063489
661        0.0009212018140589549
662        0.005714285714285736
663        0.00280612244897959
664        0.001612811791383208
665        0.0010799319727891113
666        0.00523809523809524
667        0.0052097505668934245
668        0.0057936507936507935
669        0.005113378684807255
670        0.005839002267573699
671        0.005660430839002266
672        0.0059495464852607725
673        0.00571995464852608
674        0.004693877551020408
675        0.006530612244897963
676        0.006113945578231293
677        0.0056264172335600965
678        0.005544217687074834
679        0.006471088435374148
680        0.005379818594104315
681        0.005323129251700684
682        0.006513605442176873
683        0.005753968253968258
684        0.004316893424036277
685        0.00446145124716553
686        0.004515306122448975
687        0.00450963718820862
688        0.004855442176870746
689        0.004603174603174604
690        0.004691043083900226
691        0.004761904761904767
692        0.07526077097505662
693        0.060844671201813964
694        0.07648809523809512
695        0.06497448979591824
696        0.07311224489795912
697        0.06610827664399087
698        0.07293650793650788
699        0.05900793650793645
700        0.06873582766439898
701        0.09166099773242622
702        0.07192460317460317
703        0.0910600907029478
704        0.01110827664399089
705        0.001179138321995457
706        0.0054450113378684975
707        0.0009240362811791365
708        0.01208616780045344
709        0.001403061224489785
710        0.0048526077097505735
711        0.0019189342403628045
712        0.010099206349206314
713        0.001320861678004528
714        0.009940476190476144
715        0.001643990929705207
716        0.04779761904761896
717        0.05005952380952377
718        0.053625283446711955
719        0.04612811791383213
720        0.04509353741496591
721        0.04276927437641713
722        0.04403061224489785
723        0.04644274376417225
724        0.005498866213151927
725        0.005997732426303857
726        0.005799319727891159
727        0.0053656462585034
728        0.00586451247165533
729        0.005668934240362809
730        0.005357142857142859
731        0.0056009070294784575
732        0.030181405895691547
733        0.03339569160997726
734        0.03600340136054414
735        0.03156179138321989
736        0.03790249433106567
737        0.030657596371882003
738        0.030493197278911487
739        0.031969954648526006
740        0.07468537414965977
741        0.07589285714285704
742        0.07793083900226755
743        0.08315192743764166
744        0.07931122448979583
745        0.08011337868480721
746        0.08450113378684804
747        0.08234693877551015
748        0.08664965986394547
749        0.0889654195011337
750        0.0726984126984126
751        0.07314058956916097
752        0.11830782312925169
753        0.08960317460317457
754        0.12584467120181408
755        0.07967687074829928
756        0.07983843537414963
757        0.03199546485260763
758        0.028690476190476096
759        0.02768990929705206
760        0.02911281179138314
761        0.11368764172335605
762        0.06945294784580498
763        0.06367346938775507
764        0.061692176870748294
765        0.06541099773242624
766        0.0711791383219954
767        0.0693027210884354
768        0.06581065759637188
769        0.06743764172335594
770        0.0705442176870748
771        0.06788548752834461
772        0.06547902494331061
773        0.11993764172335586
774        0.02572562358276634
775        0.12112811791383206
776        0.023268140589569067
777        0.030867346938775395
778        0.11562358276643986
779        0.028302154195011215
780        0.12400226757369602
781        0.028659297052154073
782        0.026553287981859325
783        0.12151360544217683
784        0.1215391156462584
785        0.11950963718820852
786        0.12400510204081629
787        0.12237244897959175
788        0.12305272108843535
789        0.11931689342403623
790        0.1177267573696144
791        0.11837018140589559
792        0.12334467120181408
793        0.1207171201814058
794        0.11945011337868462
795        0.011797052154194939
796        0.011278344671201772
797        0.01716269841269832
798        0.11651643990929711
799        0.11715419501133785
800        0.12084183673469387
801        0.12001417233560083
802        0.1257936507936508
803        0.12479308390022675
804        0.12076814058956918
805        0.11872448979591835
806        0.1255895691609976
807        0.12097222222222222
808        0.12182539682539674
809        0.12075113378684804
810        0.12291383219954646
811        0.12482993197278903
812        0.1202947845804989
813        0.11950113378684818
814        0.11602891156462579
815        0.029523809523809407
816        0.11602607709750565
817        0.011805555555555474
818        0.012630385487528257
819        0.01959183673469376
820        0.12581632653061228
821        0.037267573696145015
822        0.12202380952380946
823        0.11696145124716546
824        0.032066326530612144
825        0.12062358276643972
826        0.11629535147392289
827        0.12087585034013605
828        0.12118480725623575
829        0.002896825396825398
830        0.005728458049886642
831        0.0011989795918367285
832        0.0016269841269841128
833        0.00403911564625851
834        0.0047165532879818685
835        0.001371882086167797
836        0.0009438775510204061
837        0.0036706349206349254
838        0.0013718820861677897
839        0.11736111111111107
840        0.11958333333333329
841        0.11929421768707482
842        0.12218253968253968
843        0.11725907029478456
844        0.11856859410430831
845        0.03346655328798173
846        0.005660430839002276
847        0.0014172335600906912
848        0.11758786848072562
849        0.12192460317460316
850        0.11751133786848067
851        0.11911281179138314
852        0.12083900226757362
853        0.11824263038548745
854        0.1187840136054421
855        0.11996882086167797
856        0.006320861678004539
857        0.007244897959183677
858        0.0011734693877550964
859        0.0011649659863945522
860        0.001238662131519269
861        0.001113945578231288
862        0.001955782312925163
863        0.0010884353741496548
864        0.0012499999999999935
865        0.001133786848072558
866        0.003004535147392284
867        0.002083333333333335
868        0.0019189342403628056
869        0.0011989795918367283
870        0.008732993197278893
871        0.0047930839002267725
872        0.009175170068027193
873        0.0014739229024943216
874        0.0017290249433106507
875        0.005226757369614524
876        0.004370748299319733
877        0.007032312925170083
878        0.014744897959183607
879        0.003520408163265306
880        0.004316893424036283
881        0.0027239229024943277
882        0.0031094104308390007
883        0.014594671201814008
884        0.09776360544217688
885        0.01341836734693873
886        0.018514739229024857
887        0.013625283446711973
888        0.018149092970521467
889        0.015983560090702897
890        0.0245294784580498
891        0.01993764172335592
892        0.06381235827664387
893        0.018996598639455707
894        0.06433106575963705
895        0.021349206349206257
896        0.06207766439909289
897        0.02939909297052147
898        0.09071145124716547
899        0.02852040816326522
900        0.09200396825396819
901        0.0273015873015872
902        0.004024943310657602
903        0.0010204081632653032
904        0.0010147392290249394
905        0.0018962585034013532
906        0.0021456916099773277
907        0.001391723356009062
908        0.001391723356009059
909        0.001068594104308386
910        0.00332766439909297
911        0.0017205215419501016
912        0.002568027210884353
913        0.0038577097505668985
914        0.0010657596371882038
915        0.0012273242630385418
916        0.0016099773242630303
917        0.0030697278911564676
918        0.001125283446712012
919        0.0028174603174603284
920        0.0020663265306122393
921        0.00162414965986394
922        0.0027976190476190566
923        0.004611678004535161
924        0.0010515873015872973
925        0.11740362811791386
926        0.06494614512471648
927        0.06752551020408154
928        0.11516439909297053
929        0.06098356009070284
930        0.06349206349206339
931        0.11104024943310656
932        0.06467687074829923
933        0.07033163265306115
934        0.06334183673469378
935        0.06976190476190472
936        0.11929138321995467
937        0.09569160997732434
938        0.0965107709750566
939        0.09160147392290248
940        0.08896258503401352
941        0.09160714285714285
942        0.09845521541950103
943        0.11437925170068032
944        0.09485827664399087
945        0.10066326530612242
946        0.11914399092970529
947        0.0940986394557823
948        0.08597789115646255
949        0.09034013605442179
950        0.09089852607709746
951        0.0988718820861677
952        0.090280612244898
953        0.0910260770975056
954        0.09247448979591838
955        0.001493764172335593
956        0.001479591836734686
957        0.0015051020408163192
958        0.0020039682539682527
959        0.004688208616780062
960        0.0011791383219954582
961        0.00174886621315192
962        0.0013718820861677943
963        0.0012698412698412638
964        0.001040249433106572
965        0.001258503401360539
966        0.0013605442176870684
967        0.0013860544217687005
968        0.0013095238095238045
969        0.0013350340136054366
970        0.001244331065759631
971        0.0010742630385487486
972        0.0012301587301587241
973        0.0013548752834467053
974        0.0012585034013605381
975        0.0010544217687074781
976        0.0012641723356009013
977        0.0013605442176870687
978        0.0012698412698412642
979        0.0010600907029478417
980        0.0012670068027210832
981        0.0014087301587301516
982        0.0014455782312925106
983        0.0012840136054421696
984        0.001088435374149655
985        0.0013378684807256163
986        0.00130385487528344
987        0.0013633786848072488
988        0.0014682539682539613
989        0.0014143990929705163
990        0.001275510204081627
991        0.0010515873015872975
992        0.003421201814058963
993        0.005963718820861699
994        0.001306689342403619
995        0.001295351473922896
996        0.0013917233560090635
997        0.0012613378684807194
998        0.001074263038548749
999        0.0012528344671201748
1000        0.0013803854875283387
1001        0.001408730158730151
1002        0.0014937641723355934
1003        0.001326530612244891
1004        0.0011649659863945537
1005        0.001048752834467115
1006        0.0012755102040816271
1007        0.0013407029478457978
1008        0.0012216553287981806
1009        0.001048752834467116
1010        0.001267006802721083
1011        0.0013888888888888807
1012        0.0012414965986394496
1013        0.0010402494331065723
1014        0.0012103174603174541
1015        0.001371882086167794
1016        0.0013236961451247107
1017        0.0011819727891156414
1018        0.0010487528344671167
1019        0.0012840136054421709
1020        0.0012925170068027144
1021        0.001380385487528339
1022        0.001374716553287976
1023        0.0013718820861677943
1024        0.0012528344671201752
1025        0.0010090702947845767
1026        0.12031179138321993
1027        0.11845238095238105
1028        0.11960884353741494
1029        0.11790249433106574
1030        0.11798469387755114
1031        0.1145351473922903
1032        0.12218537414965987
1033        0.1171428571428572
1034        0.11676020408163275
1035        0.11552437641723358
1036        0.1158588435374151
1037        0.11820294784580501
1038        0.11803854875283454
1039        0.11520975056689355
1040        0.12246031746031755
1041        0.11785997732426308
1042        0.11995181405895697
1043        0.11688775510204091
1044        0.11681122448979603
1045        0.11803287981859414
1046        0.12037981859410432
1047        0.12072278911564634
1048        0.11696428571428572
1049        0.11727607709750568
1050        0.11274376417233567
1051        0.11925170068027216
1052        0.021473922902494228
1053        0.12189058956916114
1054        0.11839002267573699
1055        0.11730158730158735
1056        0.1191609977324264
1057        0.11460034013605441
1058        0.12073696145124711
1059        0.11744614512471661
1060        0.12106009070294785
1061        0.11509920634920635
1062        0.11833616780045349
1063        0.11958900226757387
1064        0.11448412698412697
1065        0.11776927437641722
1066        0.11383503401360553
1067        0.1198412698412698
1068        0.11782596371882088
1069        0.11666099773242636
1070        0.11894274376417241
1071        0.11559240362811797
1072        0.1165958049886621
1073        0.11689909297052163
1074        0.12051587301587306
1075        0.11748015873015888
1076        0.11603174603174606
1077        0.12008503401360554
1078        0.11841553287981857
1079        0.12107709750566888
1080        0.11413265306122457
1081        0.1224518140589569
1082        0.11638605442176878
1083        0.11832766439909292
1084        0.11745464852607707
1085        0.11861678004535155
1086        0.12127551020408166
1087        0.11289965986394561
1088        0.11861394557823125
1089        0.11342120181405896
1090        0.1176587301587302
1091        0.12136337868480734
1092        0.12056122448979593
1093        0.11695578231292529
1094        0.11867913832199543
1095        0.0009325396825396805
1096        0.00788548752834465
1097        0.0476814058956915
1098        0.002990362811791384
1099        0.0031972789115646215
1100        0.0022959183673469385
1101        0.0012443310657596312
1102        0.0010005668934240331
1103        0.0009382086167800435
1104        0.01220521541950106
1105        0.012222222222222152
1106        0.013188775510204
1107        0.11745464852607714
1108        0.118358843537415
1109        0.12254818594104312
1110        0.11688208616780048
1111        0.000986394557823127
1112        0.003489229024943318
1113        0.0037216553287981917
1114        0.012083333333333269
1115        0.11910997732426316
1116        0.1195918367346939
1117        0.02936507936507926
1118        0.016797052154194934
1119        0.0014937641723355899
1120        0.008217120181405867
1121        0.003231292517006811
1122        0.019070294784580423
1123        0.015521541950113302
1124        0.012616213151927359
1125        0.00969671201814056
1126        0.0010827664399092924
1127        0.001578798185941037
1128        0.0009835600907029441
1129        0.0010912698412698367
1130        0.0010685941043083857
1131        0.0011139455782312885
1132        0.001088435374149656
1133        0.0010034013605442144
1134        0.0009580498866213122
1135        0.001079931972789111
1136        0.0010544217687074784
1137        0.001113945578231288
1138        0.0009353741496598614
1139        0.01486678004535138
1140        0.014452947845804935
1141        0.01663832199546477
1142        0.011609977324262995
1143        0.014112811791383179
1144        0.012091836734693816
1145        0.012446145124716508
1146        0.01179705215419495
1147        0.016615646258503314
1148        0.013602607709750523
1149        0.015082199546485204
1150        0.019679705215419424
1151        0.014078798185940987
1152        0.01410997732426298
1153        0.016303854875283366
1154        0.014713718820861615
1155        0.0028344671201814076
1156        0.005490362811791396
1157        0.0025141723356009006
1158        0.0019246031746031596
1159        0.00383503401360544
1160        0.0018735827664399078
1161        0.0009212018140589556
1162        0.0015702947845804953
1163        0.014914965986394498
1164        0.015895691609977267
1165        0.01761337868480714
1166        0.0036678004535147402
1167        0.002074829931972779
1168        0.0018424036281179108
1169        0.0010544217687074794
1170        0.0009608843537414938
1171        0.0010119047619047594
1172        0.0009297052154194993
1173        0.06158730158730149
1174        0.012514172335600836
1175        0.034920634920634804
1176        0.04353174603174592
