1        0.053931405895691543
2        0.009180839002267559
3        0.17471371882086154
4        0.1802437641723355
5        0.18054705215419492
6        0.1735034013605442
7        0.17869897959183662
8        0.18272392290249426
9        0.1783163265306122
10        0.18405895691609964
11        0.1764625850340135
12        0.1764484126984127
13        0.1782596371882085
14        0.18388321995464832
15        0.18175453514739226
16        0.18080498866213146
17        0.1867006802721087
18        0.1827834467120181
19        0.17736961451247146
20        0.17539115646258502
21        0.17610260770975042
22        0.1824489795918366
23        0.17499716553287978
24        0.17082199546485255
25        0.1741808390022674
26        0.18369614512471658
27        0.1749461451247165
28        0.17287414965986378
29        0.17644274376417227
30        0.17956632653061208
31        0.1801048752834467
32        0.1735260770975056
33        0.17901077097505663
34        0.17454365079365075
35        0.18191609977324247
36        0.17260204081632646
37        0.17312358276643994
38        0.18553571428571422
39        0.18084183673469395
40        0.18373015873015874
41        0.1765221088435373
42        0.1796541950113377
43        0.17545351473922893
44        0.1736989795918368
45        0.1765532879818594
46        0.1726133786848072
47        0.17654478458049877
48        0.17624999999999996
49        0.17572278911564615
50        0.17410147392290232
51        0.17580782312925172
52        0.17270975056689342
53        0.1673781179138321
54        0.0012443310657596308
55        0.0010657596371882044
56        0.0022760770975056585
57        0.001244331065759631
58        0.0010090702947845769
59        0.0012386621315192672
60        0.0009892290249433073
61        0.0017800453514739177
62        0.0024263038548752733
63        0.005376984126984136
64        0.021607142857142755
65        0.16264455782312914
66        0.0011904761904761858
67        0.0009948979591836709
68        0.0017460317460317395
69        0.0011933106575963675
70        0.000997732426303852
71        0.001162131519274371
72        0.0009665532879818569
73        0.001238662131519268
74        0.0019274376417233463
75        0.002250566893424032
76        0.011604308390022593
77        0.06337018140589552
78        0.0012074829931972724
79        0.0010175736961451213
80        0.0022675736961451196
81        0.001190476190476185
82        0.0009778911564625827
83        0.0012018140589569104
84        0.0009750566893424003
85        0.0017148526077097447
86        0.0013860544217687005
87        0.0035034013605442184
88        0.01058956916099768
89        0.06553287981859397
90        0.0017970521541949992
91        0.0009977324263038513
92        0.002590702947845797
93        0.0012131519274376362
94        0.001011904761904759
95        0.0011904761904761854
96        0.0009807256235827636
97        0.0012811791383219888
98        0.0013860544217686995
99        0.0016865079365079262
100        0.005433673469387766
101        0.0011734693877550964
102        0.0010714285714285671
103        0.0022307256235827616
104        0.0016808390022675598
105        0.0009863945578231263
106        0.0011422902494331014
107        0.0009750566893424012
108        0.0013123582766439842
109        0.0019416099773242538
110        0.0027551020408163266
111        0.006655328798185955
112        0.0011904761904761847
113        0.0009523809523809499
114        0.00166666666666666
115        0.0012159863945578173
116        0.0015447845804988521
117        0.0011848072562358235
118        0.0010119047619047586
119        0.0013492063492063422
120        0.0014314058956916033
121        0.005549886621315212
122        0.02677437641723345
123        0.1605782312925169
124        0.0011876417233560028
125        0.0009693877551020388
126        0.002797619047619037
127        0.0011507936507936453
128        0.0010175736961451221
129        0.001156462585034009
130        0.0010402494331065726
131        0.0012188208616779979
132        0.0023214285714285724
133        0.004744897959183679
134        0.026771541950113283
135        0.16937358276643985
136        0.0012755102040816273
137        0.000989229024943308
138        0.0016383219954648448
139        0.0011933106575963673
140        0.0009920634920634892
141        0.0011819727891156406
142        0.0010090702947845773
143        0.0012046485260770914
144        0.0026502267573696153
145        0.0038662131519274453
146        0.02840136054421758
147        0.1677069160997731
148        0.0010941043083900186
149        0.0010034013605442146
150        0.0017857142857142774
151        0.001162131519274371
152        0.0010175736961451217
153        0.0012188208616779979
154        0.0009948979591836702
155        0.001170634920634915
156        0.0023185941043083833
157        0.004648526077097514
158        0.024183673469387656
159        0.16233560090702948
160        0.0012216553287981808
161        0.0009807256235827638
162        0.0017460317460317395
163        0.001669501133786833
164        0.0010090702947845778
165        0.0011337868480725578
166        0.0009948979591836709
167        0.0012981859410430775
168        0.0030583900226757305
169        0.004294217687074838
170        0.031686507936507825
171        0.16651643990929707
172        0.0011394557823129197
173        0.0009835600907029446
174        0.0016439909297052096
175        0.0020804988662131573
176        0.0009750566893424011
177        0.0011422902494331018
178        0.0010459183673469357
179        0.0012925170068027137
180        0.0018735827664398993
181        0.0016354875283446613
182        0.018083900226757276
183        0.16592687074829937
184        0.0012273242630385427
185        0.0009977324263038523
186        0.0016865079365079312
187        0.0011337868480725587
188        0.0010119047619047586
189        0.0012329931972789054
190        0.0009778911564625827
191        0.0012131519274376347
192        0.0036621315192743816
193        0.007962018140589557
194        0.022570861678004404
195        0.15872448979591822
196        0.007505668934240357
197        0.0010345804988662098
198        0.032137188208616684
199        0.011062925170067977
200        0.009234693877551006
201        0.010895691609977307
202        0.01479875283446708
203        0.012015306122448947
204        0.002695578231292512
205        0.006646825396825417
206        0.00107709750566893
207        0.015997732426303837
208        0.003072562358276651
209        0.0010147392290249403
210        0.004455782312925188
211        0.002344104308390026
212        0.0032284580498866187
213        0.0012443310657596295
214        0.0018452380952380864
215        0.002250566893424033
216        0.0016666666666666616
217        0.0020549886621315226
218        0.0010034013605442148
219        0.006833900226757377
220        0.004413265306122459
221        0.0028117913832199515
222        0.0015759637188208513
223        0.00827380952380951
224        0.0028146258503401406
225        0.03787981859410417
226        0.010898526077097459
227        0.008279478458049857
228        0.009435941043083877
229        0.006476757369614521
230        0.015201247165532795
231        0.003350340136054418
232        0.004203514739229033
233        0.0010345804988662098
234        0.02124716553287979
235        0.0013321995464852532
236        0.0009835600907029452
237        0.00198696145124717
238        0.00219387755102041
239        0.002800453514739224
240        0.0012216553287981808
241        0.004189342403628123
242        0.0011933106575963653
243        0.0011564625850340087
244        0.002202380952380957
245        0.0010005668934240342
246        0.008177437641723325
247        0.007400793650793636
248        0.0018849206349206256
249        0.0015221088435374052
250        0.004821428571428574
251        0.001615646258503392
252        0.0010147392290249398
253        0.004435941043083903
254        0.0019784580498866163
255        0.0021995464852607688
256        0.002185374149659859
257        0.0028911564625850247
258        0.0017885487528344587
259        0.0120719954648526
260        0.0019132653061224433
261        0.001522108843537407
262        0.0009580498866213132
263        0.010513038548752823
264        0.0015844671201813987
265        0.001490929705215409
266        0.0009608843537414944
267        0.0013180272108843445
268        0.0014342403628117822
269        0.0013718820861677928
270        0.0013435374149659784
271        0.0013151927437641663
272        0.00130668934240362
273        0.0010685941043083855
274        0.0012613378684807187
275        0.0010742630385487488
276        0.0014172335600906943
277        0.0017630385487528255
278        0.001621315192743754
279        0.0013321995464852547
280        0.0040419501133786805
281        0.0014880952380952296
282        0.0009665532879818566
283        0.004971655328798192
284        0.002225056689342401
285        0.002967687074829934
286        0.001626984126984117
287        0.002502834467120174
288        0.001414399092970513
289        0.012987528344671193
290        0.001938775510204075
291        0.0017176870748299212
292        0.0011422902494331018
293        0.009756235827664396
294        0.0020776643990929665
295        0.0014937641723355931
296        0.0009608843537414943
297        0.0012471655328798105
298        0.0014172335600906923
299        0.0012755102040816258
300        0.0014115646258503326
301        0.0013180272108843467
302        0.001298185941043077
303        0.0011422902494331007
304        0.0012216553287981804
305        0.0010147392290249398
306        0.001717687074829923
307        0.0016950113378684712
308        0.0014115646258503333
309        0.0012046485260770916
310        0.004206349206349207
311        0.0016496598639455684
312        0.0011366213151927386
313        0.004742063492063496
314        0.002585034013605444
315        0.0028854875283446713
316        0.0016354875283446616
317        0.002616213151927429
318        0.001862244897959178
319        0.012488662131519272
320        0.0019586167800453433
321        0.001865079365079357
322        0.000997732426303852
323        0.009569160997732418
324        0.00132653061224489
325        0.0015391156462584944
326        0.001003401360544215
327        0.0012103174603174537
328        0.0015051020408163173
329        0.0013151927437641663
330        0.0012074829931972744
331        0.0012981859410430752
332        0.0012414965986394496
333        0.0010572562358276603
334        0.0012103174603174552
335        0.0009920634920634892
336        0.001561791383219945
337        0.0018339002267573601
338        0.0013321995464852516
339        0.0012528344671201735
340        0.005204081632653061
341        0.0019416099773242553
342        0.0011451247165532807
343        0.004036281179138325
344        0.0018140589569160918
345        0.002664399092970528
346        0.0016921768707482887
347        0.0026643990929705137
348        0.0014087301587301514
349        0.012230725623582768
350        0.001992630385487521
351        0.0015136054421768619
352        0.001023242630385484
353        0.010643424036281173
354        0.0015476190476190381
355        0.001210317460317455
356        0.0010459183673469342
357        0.0012556689342403554
358        0.0013633786848072477
359        0.0013718820861677943
360        0.0013520408163265232
361        0.0014625850340135962
362        0.0011904761904761858
363        0.0010685941043083855
364        0.0011933106575963664
365        0.0010090702947845769
366        0.0016043083900226642
367        0.0014909297052154115
368        0.0013775510204081566
369        0.0012585034013605381
370        0.004489795918367346
371        0.0013860544217687008
372        0.001062925170068022
373        0.0050283446712018195
374        0.0019047619047618976
375        0.0027834467120181464
376        0.0015929705215419396
377        0.002684240362811785
378        0.0017063492063491984
379        0.012539682539682536
380        0.0019444444444444368
381        0.001794217687074822
382        0.0011026077097505624
383        0.010691609977324261
384        0.0014909297052154108
385        0.001360544217687066
386        0.0010204081632653023
387        0.0012585034013605377
388        0.0014569160997732343
389        0.001360544217687066
390        0.001278344671201806
391        0.0013775510204081553
392        0.001323696145124709
393        0.0013066893424036198
394        0.001284013605442171
395        0.0010600907029478422
396        0.0016411564625850225
397        0.0015136054421768638
398        0.0012471655328798118
399        0.0013605442176870674
400        0.004620181405895695
401        0.0016411564625850232
402        0.0010572562358276603
403        0.005181405895691613
404        0.0017970521541950054
405        0.00272108843537415
406        0.0016298185941042965
407        0.0023611111111111033
408        0.002001133786848071
409        0.01259637188208617
410        0.001969954648526071
411        0.0014654195011337772
412        0.0010317460317460297
413        0.009702380952380952
414        0.0015958049886621224
415        0.0013492063492063417
416        0.0009778911564625819
417        0.0011422902494330998
418        0.001323696145124709
419        0.0013662131519274303
420        0.0012953514739228967
421        0.0014370748299319643
422        0.0012471655328798112
423        0.0010941043083900173
424        0.001249999999999994
425        0.00101473922902494
426        0.0016553287981859318
427        0.002026643990929704
428        0.0012556689342403558
429        0.0012471655328798114
430        0.029433106575963642
431        0.0034665532879818556
432        0.0019019274376417292
433        0.036017573696145014
434        0.010524376417233524
435        0.009574829931972749
436        0.004968820861678013
437        0.007414965986394562
438        0.005680272108843554
439        0.004033446712018138
440        0.0052692743764172325
441        0.0009608843537414946
442        0.0315816326530612
443        0.007346938775510177
444        0.002151360544217684
445        0.0010005668934240336
446        0.0011734693877550964
447        0.002548185941043084
448        0.002735260770975062
449        0.0012329931972789058
450        0.0021513605442176837
451        0.0012670068027210832
452        0.0011366213151927376
453        0.0012273242630385435
454        0.0009863945578231267
455        0.007100340136054433
456        0.006896258503401375
457        0.001371882086167794
458        0.0012528344671201765
459        0.03265589569160985
460        0.003750000000000005
461        0.0029336734693877604
462        0.03714569160997723
463        0.007596371882086177
464        0.008469387755102037
465        0.007772108843537415
466        0.003483560090702938
467        0.006986961451247178
468        0.0022619047619047566
469        0.0055839002267573865
470        0.0015476190476190433
471        0.028205782312925132
472        0.0056349206349206515
473        0.0017545351473922837
474        0.0010289115646258465
475        0.0010685941043083852
476        0.0013123582766439823
477        0.0021768707482993136
478        0.001482426303854864
479        0.0029988662131519247
480        0.0012386621315192696
481        0.001119614512471649
482        0.0012811791383219888
483        0.000989229024943308
484        0.005527210884353759
485        0.009081632653061222
486        0.0015277777777777674
487        0.0027777777777777835
488        0.0031887755102040696
489        0.0017743764172335505
490        0.0010260770975056655
491        0.003477891156462578
492        0.0014370748299319636
493        0.003497732426303868
494        0.0014852607709750492
495        0.0024518140589569084
496        0.0015873015873015784
497        0.0010969387755101984
498        0.0020124716553287917
499        0.0014399092970521466
500        0.0010487528344671163
501        0.013752834467120173
502        0.0012556689342403564
503        0.0012471655328798125
504        0.000992063492063489
505        0.0012103174603174526
506        0.0014484126984126895
507        0.0012018140589569089
508        0.0012783446712018064
509        0.001414399092970513
510        0.0012329931972789054
511        0.001235827664399084
512        0.0011451247165532828
513        0.0012046485260770916
514        0.0009977324263038515
515        0.002276077097505664
516        0.00200396825396825
517        0.0013605442176870671
518        0.0012471655328798116
519        0.0024914965986394485
520        0.0012471655328798134
521        0.0010260770975056648
522        0.004963151927437643
523        0.0025311791383219964
524        0.002210884353741493
525        0.001445578231292509
526        0.0030640589569160925
527        0.0013407029478457967
528        0.0011196145124716494
529        0.00213151927437641
530        0.0012981859410430784
531        0.000989229024943308
532        0.019518140589569154
533        0.002273242630385481
534        0.001232993197278905
535        0.0010884353741496557
536        0.0011621315192743712
537        0.0013917233560090626
538        0.0013633786848072488
539        0.0012018140589569097
540        0.0013407029478457973
541        0.0013095238095238038
542        0.0012301587301587226
543        0.0010856009070294745
544        0.0012556689342403577
545        0.001026077097505665
546        0.0013832199546485189
547        0.0013718820861677943
548        0.001272675736961445
549        0.0013605442176870663
550        0.03415816326530603
551        0.004447278911564639
552        0.001975623582766425
553        0.03439625850340129
554        0.013109410430838927
555        0.008339002267573678
556        0.0035175736961451294
557        0.006215986394557832
558        0.003721655328798197
559        0.002539682539682529
560        0.00563492063492065
561        0.0027380952380952474
562        0.019640022675736928
563        0.005467687074829956
564        0.002414965986394559
565        0.001045918367346934
566        0.0031207482993197287
567        0.002066326530612241
568        0.0012528344671201759
569        0.0013236961451247088
570        0.003069727891156463
571        0.001258503401360538
572        0.0010941043083900171
573        0.0012528344671201746
574        0.000977891156462582
575        0.006218820861678012
576        0.005065192743764187
577        0.0012726757369614457
578        0.0018565759637188166
579        0.03917233560090692
580        0.005915532879818603
581        0.0009778911564625827
582        0.03547902494331054
583        0.007888321995464836
584        0.007332766439909289
585        0.0031689342403628073
586        0.00932256235827663
587        0.03876984126984115
588        0.006853741496598656
589        0.0018424036281179071
590        0.009982993197278894
591        0.0010005668934240331
592        0.02471371882086167
593        0.003350340136054411
594        0.0009580498866213131
595        0.0020663265306122376
596        0.001411564625850332
597        0.0021485260770975037
598        0.00120181405895691
599        0.001417233560090695
600        0.001278344671201808
601        0.0011054421768707436
602        0.0021060090702947807
603        0.0009948979591836698
604        0.010558390022675708
605        0.006811224489795918
606        0.0013180272108843458
607        0.0012386621315192685
608        0.03274092970521532
609        0.00428004535147393
610        0.0015759637188208578
611        0.03285997732426294
612        0.008333333333333316
613        0.013171768707482934
614        0.004710884353741504
615        0.006663832199546495
616        0.005598072562358286
617        0.0032057823129251635
618        0.006187641723356021
619        0.002769274376417236
620        0.025498866213151918
621        0.007655895691609958
622        0.0021513605442176884
623        0.001017573696145121
624        0.002590702947845803
625        0.0013832199546485186
626        0.002329931972789108
627        0.0012556689342403564
628        0.0012329931972789052
629        0.0012641723356009013
630        0.0010714285714285658
631        0.001187641723356003
632        0.0010034013605442144
633        0.006357709750566907
634        0.005943877551020425
635        0.0012414965986394498
636        0.00206065759637188
637        0.028713151927437498
638        0.0046258503401360755
639        0.048934240362811694
640        0.023370181405895588
641        0.022933673469387694
642        0.03141439909297041
643        0.024713718820861638
644        0.020085034013605355
645        0.02023242630385477
646        0.0027551020408163184
647        0.008849206349206305
648        0.0011961451247165516
649        0.03281746031746031
650        0.03217687074829919
651        0.0068197278911564605
652        0.0009693877551020393
653        0.00267573696145125
654        0.004764739229024947
655        0.004152494331065763
656        0.002930839002267572
657        0.006916099773242634
658        0.0016751700680271956
659        0.0010941043083900171
660        0.0012726757369614452
661        0.000992063492063489
662        0.026952947845804858
663        0.009798752834467047
664        0.007290249433106582
665        0.0020521541950113313
666        0.015087868480725615
667        0.01684807256235826
668        0.016215986394557805
669        0.017210884353741462
670        0.017777777777777743
671        0.018849206349206334
672        0.014192176870748273
673        0.0197845804988662
674        0.021113945578231264
675        0.02856292517006802
676        0.024997165532879808
677        0.02255102040816324
678        0.02652494331065759
679        0.026128117913832176
680        0.025413832199546467
681        0.022392290249433074
682        0.029260204081632626
683        0.030150226757369586
684        0.010019841269841262
685        0.009957482993197283
686        0.010289115646258496
687        0.010218253968253958
688        0.010110544217687074
689        0.009302721088435367
690        0.009450113378684798
691        0.009773242630385476
692        0.1719869614512469
693        0.15566609977324258
694        0.16737528344671188
695        0.15842120181405883
696        0.16072278911564616
697        0.16095804988662127
698        0.1523129251700678
699        0.15835317460317447
700        0.16241780045351453
701        0.18823979591836723
702        0.1635402494331065
703        0.17918934240362808
704        0.018928571428571316
705        0.0029506802721088504
706        0.0190561224489795
707        0.005325963718820883
708        0.022327097505668834
709        0.0025226757369614518
710        0.025600907029478336
711        0.004438775510204099
712        0.025039682539682393
713        0.0034438775510204135
714        0.023710317460317307
715        0.0037726757369614637
716        0.13160147392290225
717        0.13186507936507913
718        0.13759637188208595
719        0.13003684807256224
720        0.13625283446712005
721        0.12760204081632645
722        0.12839852607709742
723        0.13125566893424032
724        0.012879818594104298
725        0.013032879818594096
726        0.01218253968253968
727        0.013276643990929687
728        0.01386337868480726
729        0.012777777777777772
730        0.012928004535147393
731        0.01467687074829931
732        0.11391723356009052
733        0.11812925170068016
734        0.1167545351473922
735        0.1157879818594103
736        0.12573696145124708
737        0.12381519274376404
738        0.11774943310657589
739        0.1193168934240362
740        0.17218820861678
741        0.1768622448979592
742        0.16609410430839006
743        0.17363662131519272
744        0.17005668934240367
745        0.17486961451247177
746        0.17481575963718823
747        0.17488662131519273
748        0.17592120181405896
749        0.17441043083900218
750        0.17717120181405888
751        0.16514739229024933
752        0.18416099773242636
753        0.17562641723355998
754        0.1851417233560091
755        0.16528061224489793
756        0.17066326530612244
757        0.08342120181405878
758        0.08757369614512459
759        0.0891156462585033
760        0.08385770975056679
761        0.18696995464852612
762        0.15581916099773246
763        0.16541950113378676
764        0.16917517006802718
765        0.16008219954648525
766        0.16486111111111112
767        0.15722505668934234
768        0.15789965986394555
769        0.15682539682539673
770        0.16006235827664403
771        0.161641156462585
772        0.16628968253968254
773        0.19607993197278906
774        0.07234693877551006
775        0.1868027210884354
776        0.05970521541950101
777        0.06285997732426289
778        0.18747732426303854
779        0.06029195011337855
780        0.19329931972789124
781        0.06493480725623568
782        0.060107709750566736
783        0.186797052154195
784        0.19102891156462573
785        0.18330782312925178
786        0.19134070294784572
787        0.18734977324263044
788        0.18700680272108847
789        0.18508503401360546
790        0.19160714285714284
791        0.1886451247165532
792        0.18200680272108827
793        0.18732709750566887
794        0.1887159863945579
795        0.030011337868480606
796        0.03215702947845793
797        0.024807256235827534
798        0.19063775510204078
799        0.19376984126984115
800        0.18981292517006818
801        0.18340986394557834
802        0.19471371882086166
803        0.18654195011337868
804        0.18485544217687078
805        0.18629535147392293
806        0.19065759637188204
807        0.1857511337868479
808        0.19499716553287977
809        0.1939342403628118
810        0.18600623582766437
811        0.19092403628117913
812        0.18474206349206335
813        0.18691043083900225
814        0.1837244897959184
815        0.08324829931972777
816        0.18923185941043083
817        0.033384353741496474
818        0.039186507936507825
819        0.06045918367346927
820        0.1921286848072561
821        0.08179988662131508
822        0.18549603174603163
823        0.18348072562358286
824        0.08265589569160986
825        0.18721938775510216
826        0.18906746031746036
827        0.18526643990929703
828        0.1837131519274377
829        0.013041383219954565
830        0.016267006802720994
831        0.0030017006802721003
832        0.0019472789115646317
833        0.017698412698412568
834        0.00899943310657591
835        0.002346938775510188
836        0.0020691609977324275
837        0.01615929705215409
838        0.0009892290249433077
839        0.1854931972789116
840        0.18430555555555567
841        0.1887613378684809
842        0.18506519274376398
843        0.18215702947845802
844        0.19276360544217694
845        0.07685657596371871
846        0.013092403628117836
847        0.002857142857142856
848        0.18714285714285706
849        0.18801303854875273
850        0.18495464852607704
851        0.18534297052154203
852        0.18915532879818592
853        0.17988378684807263
854        0.1895408163265306
855        0.18442176870748295
856        0.036899092970521415
857        0.035819160997732316
858        0.002372448979591833
859        0.001337868480725616
860        0.002755102040816327
861        0.0015589569160997644
862        0.00468253968253969
863        0.0013520408163265247
864        0.0023072562358276627
865        0.002165532879818596
866        0.007525510204081627
867        0.003185941043083898
868        0.005079365079365075
869        0.0023667800453514728
870        0.03281462585034004
871        0.03312358276643979
872        0.03185941043083889
873        0.00717687074829933
874        0.006215986394557831
875        0.021743197278911476
876        0.015416666666666589
877        0.04036564625850327
878        0.036505102040816195
879        0.009209183673469375
880        0.008120748299319728
881        0.008758503401360538
882        0.008837868480725614
883        0.04936224489795909
884        0.15205782312925126
885        0.06019557823129247
886        0.05621031746031738
887        0.059061791383219875
888        0.05258503401360538
889        0.05859126984126976
890        0.061374716553287835
891        0.06245748299319717
892        0.13359977324263017
893        0.0777352607709749
894        0.1317205215419498
895        0.07038265306122435
896        0.12753117913832174
897        0.0751303854875282
898        0.16400793650793602
899        0.07899659863945573
900        0.16381802721088412
901        0.07072278911564614
902        0.009231859410430802
903        0.0025566893424036337
904        0.0011649659863945535
905        0.0016269841269841154
906        0.008679138321995423
907        0.004268707482993207
908        0.001176303854875278
909        0.005507369614512485
910        0.008732993197278896
911        0.003310657596371877
912        0.010677437641723304
913        0.012729591836734638
914        0.003353174603174606
915        0.003404195011337877
916        0.007959183673469355
917        0.008931405895691597
918        0.0017630385487528255
919        0.006201814058956932
920        0.011746031746031702
921        0.002709750566893419
922        0.009747732426303833
923        0.009623015873015867
924        0.002273242630385487
925        0.16350907029478423
926        0.13112811791383194
927        0.133049886621315
928        0.168551587301587
929        0.12179705215419484
930        0.12718253968253942
931        0.15691893424036255
932        0.12643707482993194
933        0.13108843537414946
934        0.11945861678004514
935        0.1260515873015871
936        0.16994614512471623
937        0.1574121315192741
938        0.15892857142857109
939        0.1510770975056686
940        0.1659807256235824
941        0.1515787981859407
942        0.15926020408163227
943        0.17288265306122427
944        0.15824263038548725
945        0.15471938775510174
946        0.16879535147392272
947        0.16063208616780014
948        0.15611961451247136
949        0.15388321995464835
950        0.15610827664399055
951        0.15446145124716534
952        0.15503684807256193
953        0.16131802721088406
954        0.1569019274376414
955        0.0027154195011337826
956        0.0032738095238095174
957        0.0038010204081632692
958        0.003653628117913837
959        0.014441609977324195
960        0.003789682539682538
961        0.0015504535147392213
962        0.0016241496598639374
963        0.001643990929705208
964        0.0012755102040816263
965        0.0015617913832199474
966        0.0017205215419501068
967        0.0019104308390022605
968        0.001862244897959178
969        0.0017942176870748231
970        0.0015419501133786776
971        0.0012868480725623528
972        0.0015873015873015804
973        0.001700680272108837
974        0.0016071428571428489
975        0.0012698412698412638
976        0.0015079365079365007
977        0.0017743764172335542
978        0.0015674603174603103
979        0.0012471655328798138
980        0.0016893424036281098
981        0.0018027210884353677
982        0.0018083900226757287
983        0.001584467120181398
984        0.0011678004535147339
985        0.0016326530612244812
986        0.001873582766439901
987        0.002009637188208612
988        0.0017602040816326432
989        0.00192743764172335
990        0.0015334467120181332
991        0.0012103174603174556
992        0.01539682539682534
993        0.015530045351473858
994        0.002814625850340132
995        0.0016156462585033933
996        0.0017148526077097432
997        0.0016496598639455704
998        0.0012528344671201746
999        0.001564625850340128
1000        0.0018140589569160903
1001        0.001763038548752828
1002        0.001856575963718814
1003        0.001774376417233553
1004        0.0016553287981859331
1005        0.0012414965986394487
1006        0.001601473922902486
1007        0.0018424036281179065
1008        0.00166950113378684
1009        0.0012159863945578175
1010        0.0016156462585033928
1011        0.0017148526077097426
1012        0.0016666666666666598
1013        0.0012499999999999942
1014        0.0017091836734693798
1015        0.0018480725623582705
1016        0.0018112244897959106
1017        0.0016383219954648435
1018        0.0012301587301587246
1019        0.0015702947845804914
1020        0.0019501133786848006
1021        0.001893424036281173
1022        0.0019104308390022599
1023        0.0018282312925169985
1024        0.0015958049886621252
1025        0.0012159863945578173
1026        0.16311224489795906
1027        0.16316326530612224
1028        0.1603061224489794
1029        0.16988378684807232
1030        0.15855158730158683
1031        0.1720153061224487
1032        0.16151360544217652
1033        0.1677182539682536
1034        0.15933956916099737
1035        0.16025510204081594
1036        0.15879251700680252
1037        0.15293934240362791
1038        0.1607369614512469
1039        0.16846938775510167
1040        0.1717346938775507
1041        0.16874716553287944
1042        0.15744331065759604
1043        0.16272392290249413
1044        0.15932256235827638
1045        0.16879251700680228
1046        0.1650453514739227
1047        0.1581604308390018
1048        0.16475340136054387
1049        0.15665816326530577
1050        0.16526077097505643
1051        0.16189342403628096
1052        0.03524659863945569
1053        0.16069160997732382
1054        0.16186507936507905
1055        0.17014455782312893
1056        0.1666439909297048
1057        0.16353174603174572
1058        0.16609977324263
1059        0.16743764172335582
1060        0.1583191609977322
1061        0.16693027210884334
1062        0.1618225623582765
1063        0.15880102040816282
1064        0.16199829931972767
1065        0.16031462585033981
1066        0.16028911564625806
1067        0.16161564625850283
1068        0.16348639455782282
1069        0.16188775510204045
1070        0.169725056689342
1071        0.16077947845804966
1072        0.16490929705215387
1073        0.16367063492063444
1074        0.16614512471655302
1075        0.1599886621315189
1076        0.16483276643990905
1077        0.16717403628117877
1078        0.16651360544217655
1079        0.16629818594104273
1080        0.16736111111111082
1081        0.1711167800453512
1082        0.16207482993197259
1083        0.16577380952380918
1084        0.16081349206349163
1085        0.1608531746031743
1086        0.16734410430838975
1087        0.16881235827664373
1088        0.16617346938775476
1089        0.16058106575963682
1090        0.16328231292516968
1091        0.16273809523809496
1092        0.16848922902494295
1093        0.16591836734693843
1094        0.16625850340136025
1095        0.001349206349206338
1096        0.01739795918367338
1097        0.08509637188208612
1098        0.006204648526077112
1099        0.0026615646258503303
1100        0.0035034013605442205
1101        0.002341269841269841
1102        0.0011507936507936453
1103        0.0009778911564625825
1104        0.02963435374149649
1105        0.03123015873015864
1106        0.03197562358276633
1107        0.16976473922902446
1108        0.16293083900226718
1109        0.1671967120181402
1110        0.16676870748299277
1111        0.004906462585034017
1112        0.016142290249433054
1113        0.012154195011337831
1114        0.03018140589569148
1115        0.16233843537414927
1116        0.16505952380952355
1117        0.05478741496598628
1118        0.017928004535147295
1119        0.012947845804988568
1120        0.0228656462585033
1121        0.008599773242630374
1122        0.04376133786848059
1123        0.02823412698412689
1124        0.02546485260770964
1125        0.02544501133786836
1126        0.0020578231292517055
1127        0.002077664399092964
1128        0.0011139455782312876
1129        0.001318027210884347
1130        0.0012726757369614446
1131        0.0013038548752834403
1132        0.0012018140589569104
1133        0.0011394557823129197
1134        0.0010459183673469342
1135        0.0012074829931972726
1136        0.0012216553287981808
1137        0.0012811791383219879
1138        0.0009665532879818574
1139        0.022619047619047535
1140        0.03575963718820851
1141        0.028299319727891036
1142        0.029274376417233464
1143        0.028860544217687033
1144        0.039625850340135924
1145        0.02520124716553277
1146        0.028395691609977205
1147        0.03355442176870734
1148        0.042488662131519146
1149        0.02826530612244886
1150        0.03715986394557815
1151        0.04257653061224477
1152        0.035144557823129155
1153        0.04333616780045339
1154        0.04175453514739214
1155        0.005856009070294796
1156        0.01769274376417223
1157        0.004331065759637201
1158        0.00719954648526078
1159        0.010657596371882029
1160        0.0034778911564625845
1161        0.0009722222222222199
1162        0.008531746031745986
1163        0.037219387755101925
1164        0.04293367346938763
1165        0.03495464852607698
1166        0.0067006802721088525
1167        0.006204648526077117
1168        0.001578798185941032
1169        0.0012585034013605383
1170        0.0010119047619047575
1171        0.0011111111111111063
1172        0.0009807256235827636
1173        0.10153344671201804
1174        0.03247165532879806
1175        0.08598356009070285
1176        0.09428287981859404
