1        0.36102607709750584
2        0.15882653061224475
3        0.42019274376417276
4        0.4246541950113377
5        0.4243565759637186
6        0.4244104308390023
7        0.42289682539682566
8        0.4189710884353745
9        0.4261961451247169
10        0.41919784580498864
11        0.4179109977324264
12        0.421998299319728
13        0.4166411564625851
14        0.42343537414966
15        0.41841269841269846
16        0.4173214285714287
17        0.42730442176870764
18        0.4224461451247166
19        0.4234637188208619
20        0.42809807256235816
21        0.41885770975056713
22        0.4210317460317462
23        0.4148781179138325
24        0.4208106575963722
25        0.4227522675736964
26        0.4185941043083902
27        0.42578514739229034
28        0.42178004535147406
29        0.42174036281179184
30        0.42076247165532926
31        0.4230668934240362
32        0.4184580498866215
33        0.42521825396825436
34        0.4180187074829934
35        0.41648809523809505
36        0.4232681405895692
37        0.42284297052154196
38        0.41542800453514755
39        0.4234098639455784
40        0.423061224489796
41        0.4234325396825397
42        0.4272902494331065
43        0.4199489795918366
44        0.4259750566893424
45        0.41515589569161
46        0.4203146258503405
47        0.4160572562358277
48        0.4190136054421768
49        0.42749149659863955
50        0.4209863945578232
51        0.42077664399092984
52        0.4180583900226756
53        0.42553287981859444
54        0.029827097505668844
55        0.007247732426303835
56        0.02784013605442178
57        0.012672902494331036
58        0.005428004535147406
59        0.01968537414965977
60        0.007335600907029487
61        0.021284013605442156
62        0.050532879818594056
63        0.07244331065759617
64        0.17827097505668918
65        0.4248781179138324
66        0.012865646258503389
67        0.007896825396825367
68        0.03012188208616782
69        0.0314654195011337
70        0.009980158730158699
71        0.017791950113378592
72        0.017412131519274253
73        0.024424603174603127
74        0.05933956916099772
75        0.07749149659863919
76        0.1611054421768705
77        0.38734126984127015
78        0.014390589569160955
79        0.008798185941043053
80        0.04343820861678004
81        0.01178004535147388
82        0.01116213151927434
83        0.009829931972789112
84        0.00762471655328795
85        0.027692743764172273
86        0.04149659863945577
87        0.06866496598639447
88        0.1526105442176868
89        0.38408446712018146
90        0.01501984126984125
91        0.007936507936507936
92        0.03275793650793653
93        0.019486961451247117
94        0.007825963718820874
95        0.01364512471655326
96        0.0034268707482993177
97        0.03592120181405892
98        0.046530612244897934
99        0.05353174603174602
100        0.13701814058956896
101        0.017876984126984078
102        0.004798752834467126
103        0.0447930839002268
104        0.019603174603174532
105        0.011692176870748293
106        0.017480158730158676
107        0.0048922902494331144
108        0.028038548752834427
109        0.03969671201814058
110        0.07271825396825377
111        0.1595124716553286
112        0.02226473922902487
113        0.007375283446712023
114        0.055175736961451206
115        0.024940476190476134
116        0.006867913832199552
117        0.018911564625850304
118        0.006227324263038564
119        0.024889455782312882
120        0.05281462585034011
121        0.07660997732426279
122        0.20445294784580476
123        0.426105442176871
124        0.023435374149659804
125        0.009056122448979572
126        0.04781179138321996
127        0.01829365079365073
128        0.005765306122448988
129        0.014589002267573686
130        0.010153061224489763
131        0.025192743764172264
132        0.04869897959183671
133        0.0884325396825394
134        0.19480725623582748
135        0.42260487528344676
136        0.017037981859410398
137        0.00768990929705212
138        0.041269841269841276
139        0.023775510204081553
140        0.01166666666666662
141        0.013424036281179129
142        0.012295918367346883
143        0.03751984126984121
144        0.053928571428571374
145        0.08255102040816302
146        0.16921768707482981
147        0.4256916099773247
148        0.01789682539682535
149        0.004036281179138322
150        0.05585884353741491
151        0.017046485260770936
152        0.009994331065759638
153        0.022429138321995383
154        0.012525510204081613
155        0.035751133786847994
156        0.042811791383219916
157        0.0797108843537413
158        0.1824518140589568
159        0.42271541950113395
160        0.021578798185940985
161        0.008078231292517024
162        0.05751417233560088
163        0.01648242630385484
164        0.008514739229024917
165        0.016947278911564553
166        0.010541383219954606
167        0.029934807256235818
168        0.04071995464852604
169        0.07237244897959164
170        0.18611678004535123
171        0.41935941043083924
172        0.019875283446711994
173        0.007437641723356026
174        0.05090702947845805
175        0.01755102040816322
176        0.008971088435374102
177        0.02508503401360537
178        0.00643140589569163
179        0.04550170068027207
180        0.05515589569160992
181        0.06288265306122433
182        0.18966553287981835
183        0.41513605442176865
184        0.01623015873015866
185        0.0032057823129251696
186        0.04600056689342403
187        0.025918367346938663
188        0.009810090702947808
189        0.020660430839002205
190        0.011638321995464837
191        0.03293650793650788
192        0.04423469387755099
193        0.0755470521541948
194        0.1909948979591835
195        0.4255187074829932
196        0.14861394557823113
197        0.06548752834467103
198        0.338622448979592
199        0.2466326530612244
200        0.24746598639455775
201        0.2223894557823128
202        0.1725651927437637
203        0.23646258503401352
204        0.10668083900226724
205        0.1482086167800451
206        0.049566326530612104
207        0.3296768707482992
208        0.08764739229024929
209        0.02811791383219941
210        0.07783446712018126
211        0.09766439909297032
212        0.09740646258503388
213        0.08876700680272084
214        0.09262755102040801
215        0.08498299319727871
216        0.05483560090702941
217        0.05286281179138309
218        0.029444444444444298
219        0.19535147392290245
220        0.1551842403628116
221        0.09421201814058944
222        0.08558673469387743
223        0.14699829931972766
224        0.0640561224489794
225        0.3411309523809525
226        0.22908163265306095
227        0.2281490929705215
228        0.19239229024943288
229        0.20085317460317428
230        0.2246201814058956
231        0.14130102040816303
232        0.1354450113378683
233        0.05379535147392274
234        0.32799319727891135
235        0.08999149659863931
236        0.027817460317460192
237        0.07785997732426293
238        0.13041099773242606
239        0.09775226757369601
240        0.08811791383219941
241        0.1063123582766438
242        0.07729875283446698
243        0.06042233560090686
244        0.05884637188208604
245        0.02984410430838991
246        0.2096060090702947
247        0.1914172335600904
248        0.09799319727891131
249        0.07782029478458034
250        0.1391383219954646
251        0.07487244897959174
252        0.023404195011337753
253        0.13681122448979569
254        0.11179138321995451
255        0.13442460317460309
256        0.07210600907029477
257        0.0765532879818594
258        0.06769274376417218
259        0.19615362811791384
260        0.04107709750566892
261        0.07034013605442163
262        0.030235260770974926
263        0.17592403628117917
264        0.06937925170068016
265        0.03081916099773228
266        0.012423469387755067
267        0.030651927437641658
268        0.05394841269841263
269        0.03275226757369605
270        0.03592687074829922
271        0.06033446712018132
272        0.030700113378684724
273        0.02232426303854866
274        0.031020408163265227
275        0.006978458049886623
276        0.07331916099773235
277        0.07577947845804975
278        0.0272165532879818
279        0.02049319727891151
280        0.13153344671201797
281        0.05238662131519263
282        0.031592970521541794
283        0.14733843537414948
284        0.0941298185941042
285        0.09833616780045341
286        0.07350340136054412
287        0.07925170068027204
288        0.08992346938775501
289        0.21062925170068034
290        0.06237528344671194
291        0.06731575963718804
292        0.02694160997732414
293        0.19572845804988662
294        0.06429138321995455
295        0.02573979591836724
296        0.012077664399092934
297        0.03389455782312915
298        0.052840136054421734
299        0.03173185941043074
300        0.03513321995464844
301        0.036315192743764095
302        0.03622732426303846
303        0.025172902494330972
304        0.023072562358276587
305        0.01352891156462578
306        0.07970238095238087
307        0.07309240362811781
308        0.04307256235827653
309        0.027596371882086117
310        0.1477721088435372
311        0.055090702947845675
312        0.024815759637188125
313        0.16168367346938764
314        0.08128684807256228
315        0.1106292517006802
316        0.07828231292516999
317        0.09854591836734682
318        0.08338435374149646
319        0.18264455782312936
320        0.0463605442176871
321        0.07093537414965968
322        0.020680272108843416
323        0.17535430839002258
324        0.08461167800453502
325        0.03690476190476182
326        0.013690476190476126
327        0.039461451247165436
328        0.052536848072562335
329        0.039974489795918305
330        0.034498299319727796
331        0.037063492063492
332        0.02461167800453508
333        0.02599773242630375
334        0.024336734693877475
335        0.011142290249433064
336        0.07922619047619035
337        0.08958333333333322
338        0.036468253968253886
339        0.027366780045351393
340        0.14108560090702932
341        0.06428004535147376
342        0.02261904761904747
343        0.14875850340136046
344        0.0936394557823128
345        0.10295634920634915
346        0.053523242630385444
347        0.07950963718820853
348        0.0845691609977323
349        0.20759920634920642
350        0.058837868480725565
351        0.05678287981859396
352        0.023429705215419403
353        0.17209467120181407
354        0.07514455782312914
355        0.043253968253968135
356        0.012803287981859384
357        0.031595804988662025
358        0.03714569160997728
359        0.03153344671201805
360        0.02879535147392282
361        0.03708049886621307
362        0.025668934240362748
363        0.024407596371881998
364        0.017227891156462546
365        0.01196145124716551
366        0.07843253968253956
367        0.08515022675736947
368        0.03913265306122439
369        0.02085884353741491
370        0.1578117913832199
371        0.061264172335600775
372        0.02145691609977315
373        0.14652210884353714
374        0.09436791383219945
375        0.09694727891156454
376        0.07725907029478453
377        0.07026927437641718
378        0.0747959183673468
379        0.1861422902494331
380        0.04903344671201815
381        0.06787981859410419
382        0.025240929705215305
383        0.16742346938775512
384        0.07196995464852594
385        0.038421201814058836
386        0.018460884353741394
387        0.02198412698412689
388        0.03488378684807251
389        0.03513321995464844
390        0.031581632653061145
391        0.04486111111111106
392        0.03927437641723349
393        0.01571145124716546
394        0.019172335600906965
395        0.01208616780045349
396        0.06970521541950103
397        0.06987528344671184
398        0.0423214285714285
399        0.026113945578231212
400        0.15159580498866207
401        0.04030045351473914
402        0.022097505668934127
403        0.15113662131519262
404        0.10063492063492054
405        0.12360827664399086
406        0.09771541950113372
407        0.07565759637188207
408        0.06310941043083884
409        0.2153826530612247
410        0.04986678004535145
411        0.05829365079365065
412        0.025606575963718674
413        0.17357426303854864
414        0.07580498866213138
415        0.032451814058956814
416        0.011918934240362757
417        0.03371882086167791
418        0.04509637188208607
419        0.03714852607709743
420        0.03893707482993189
421        0.03395408163265301
422        0.03128401360544208
423        0.025348639455782227
424        0.021034580498866137
425        0.010331632653061158
426        0.09082766439909283
427        0.08718253968253951
428        0.040524376417233464
429        0.030564058956916038
430        0.29136054421768676
431        0.11441893424036259
432        0.04477040816326514
433        0.29257369614512463
434        0.21217403628117884
435        0.22942743764172305
436        0.15113095238095217
437        0.1700538548752831
438        0.15223922902494313
439        0.10471088435374133
440        0.10143990929705199
441        0.05338151927437625
442        0.37573696145124713
443        0.15065759637188186
444        0.06250850340136041
445        0.025272108843537262
446        0.07041099773242619
447        0.1026643990929704
448        0.07555555555555543
449        0.045260770975056645
450        0.07889455782312911
451        0.07048752834467106
452        0.046224489795918255
453        0.0500311791383219
454        0.011003401360544148
455        0.15782879818594087
456        0.15542517006802695
457        0.08704931972789101
458        0.04782029478458039
459        0.2864569160997729
460        0.1326700680272107
461        0.07227607709750551
462        0.3121513605442175
463        0.21302721088435367
464        0.23624149659863936
465        0.15413548752834458
466        0.1576332199546482
467        0.1566808390022674
468        0.07466269841269828
469        0.1333900226757368
470        0.05339852607709735
471        0.3736848072562355
472        0.14812641723355985
473        0.05529761904761896
474        0.028217120181405764
475        0.053086734693877466
476        0.08192460317460297
477        0.08617063492063479
478        0.06197562358276632
479        0.06946428571428559
480        0.056978458049886514
481        0.05876417233560081
482        0.03704081632653051
483        0.013914399092970414
484        0.16317460317460297
485        0.13391156462585022
486        0.07696145124716541
487        0.07331632653061212
488        0.13191893424036266
489        0.05357142857142847
490        0.015354308390022565
491        0.15778061224489776
492        0.08689625850340123
493        0.15537981859410419
494        0.07682256235827661
495        0.07091269841269841
496        0.09258503401360534
497        0.0453514739229024
498        0.03517006802721087
499        0.05949546485260757
500        0.04027777777777762
501        0.31856292517006807
502        0.06819727891156448
503        0.031037414965986332
504        0.01573979591836733
505        0.028225623582766368
506        0.025359977324262983
507        0.03808106575963712
508        0.027735260770974973
509        0.03732993197278905
510        0.020898526077097457
511        0.07965702947845794
512        0.023154761904761817
513        0.01628968253968248
514        0.011394557823129235
515        0.06413265306122441
516        0.07806972789115635
517        0.03472505668934236
518        0.02400510204081626
519        0.10649943310657589
520        0.04852891156462576
521        0.026935941043083767
522        0.14942743764172306
523        0.09127551020408156
524        0.16092970521541933
525        0.08523809523809515
526        0.06370181405895682
527        0.08871315192743753
528        0.052188208616779974
529        0.038282312925170064
530        0.05818594104308374
531        0.021816893424036206
532        0.31391439909297036
533        0.062137188208616696
534        0.03243480725623572
535        0.01604875283446704
536        0.028132086167800392
537        0.04276927437641723
538        0.04471655328798175
539        0.0323526077097505
540        0.038965419501133705
541        0.024010770975056633
542        0.06652210884353728
543        0.024033446712018087
544        0.021757369614512367
545        0.01456632653061218
546        0.06625283446712006
547        0.07018424036281164
548        0.034640022675736876
549        0.03705215419501127
550        0.3008645124716551
551        0.13798752834467098
552        0.04753968253968236
553        0.3046797052154194
554        0.1919897959183672
555        0.20269557823129253
556        0.13948696145124695
557        0.14457482993197243
558        0.15923185941043072
559        0.10791950113378668
560        0.1239937641723354
561        0.04439909297052139
562        0.31399376417233554
563        0.16499433106575942
564        0.08005102040816313
565        0.034954648526076944
566        0.07253401360544208
567        0.09119331065759621
568        0.06916383219954635
569        0.06226190476190467
570        0.07712868480725607
571        0.05208333333333326
572        0.04513605442176858
573        0.04462301587301574
574        0.01999433106575953
575        0.15626700680272093
576        0.13847505668934226
577        0.0822448979591836
578        0.07191893424036268
579        0.3077040816326526
580        0.11986961451247143
581        0.04557256235827649
582        0.3374348072562357
583        0.2331179138321994
584        0.24000283446712004
585        0.1396485260770974
586        0.18225056689342356
587        0.2259580498866212
588        0.12889739229024935
589        0.10987528344671185
590        0.1243197278911563
591        0.050994897959183494
592        0.385090702947846
593        0.06952097505668921
594        0.029047619047618902
595        0.07541383219954638
596        0.09222505668934225
597        0.09321995464852598
598        0.06804138321995452
599        0.09087868480725608
600        0.05934807256235816
601        0.04979024943310649
602        0.039248866213151865
603        0.026162131519274247
604        0.1633560090702946
605        0.17591836734693855
606        0.08157879818594092
607        0.05996031746031735
608        0.3023809523809523
609        0.12590136054421752
610        0.04918934240362797
611        0.30268990929705214
612        0.20442460317460298
613        0.20036848072562344
614        0.1660685941043082
615        0.1729931972789112
616        0.1783815192743762
617        0.10676020408163242
618        0.1311734693877549
619        0.05299319727891138
620        0.3742261904761905
621        0.18437074829931957
622        0.057910997732426125
623        0.03354875283446696
624        0.07773526077097492
625        0.07301303854875264
626        0.06338718820861666
627        0.07222505668934226
628        0.06156179138321979
629        0.06355158730158715
630        0.05019841269841259
631        0.04253968253968239
632        0.014019274376417201
633        0.16303004535147367
634        0.14371598639455765
635        0.07361111111111102
636        0.06238095238095228
637        0.1815532879818593
638        0.08197845804988646
639        0.35404761904761917
640        0.27014455782312924
641        0.26534863945578213
642        0.2215702947845803
643        0.20592403628117867
644        0.18348072562358259
645        0.15496598639455766
646        0.14391439909297024
647        0.1421825396825395
648        0.047032312925169927
649        0.3597420634920633
650        0.19168934240362792
651        0.08696712018140577
652        0.0305130385487527
653        0.10095804988662116
654        0.1299433106575961
655        0.11004251700680256
656        0.08137471655328779
657        0.1043679138321994
658        0.09945578231292498
659        0.06466836734693869
660        0.06556122448979577
661        0.01973072562358271
662        0.21313492063492048
663        0.1960515873015871
664        0.12183106575963704
665        0.0901303854875282
666        0.32507369614512477
667        0.3309126984126986
668        0.32416666666666694
669        0.31122448979591816
670        0.3063775510204079
671        0.3291298185941045
672        0.31060374149659853
673        0.31787131519274364
674        0.3125481859410431
675        0.3620691609977323
676        0.3673015873015872
677        0.3715164399092969
678        0.377389455782313
679        0.3672222222222223
680        0.3615221088435374
681        0.3768225623582767
682        0.37202097505668985
683        0.37174886621315195
684        0.19417517006802731
685        0.19530895691609979
686        0.18009070294784588
687        0.18210884353741508
688        0.19874716553287974
689        0.1817715419501134
690        0.1893764172335603
691        0.1726303854875285
692        0.4206065759637188
693        0.416218820861678
694        0.42166099773242627
695        0.4163123582766443
696        0.42495181405895716
697        0.42037131519274384
698        0.4183276643990928
699        0.4200907029478459
700        0.4192176870748299
701        0.42323979591836736
702        0.42651077097505674
703        0.4220918367346939
704        0.19552721088435368
705        0.09556122448979577
706        0.17326530612244878
707        0.0842431972789114
708        0.1720379818594103
709        0.07857993197278891
710        0.18051303854875272
711        0.06745748299319715
712        0.1783673469387753
713        0.0744982993197277
714        0.16108276643990915
715        0.0707227891156461
716        0.4221513605442178
717        0.4262103174603174
718        0.4208985260770977
719        0.4217517006802724
720        0.427406462585034
721        0.41870181405895723
722        0.41854875283446735
723        0.41671485260770985
724        0.194231859410431
725        0.19972222222222216
726        0.1933645124716553
727        0.21088718820861668
728        0.18850623582766443
729        0.20511054421768712
730        0.21469671201814056
731        0.19438208616780048
732        0.41804988662131515
733        0.41720521541950106
734        0.42348639455782355
735        0.4241014739229028
736        0.41526360544217694
737        0.42447845804988654
738        0.42479308390022696
739        0.41201814058956965
740        0.41862811791383214
741        0.42238095238095236
742        0.4231774376417233
743        0.4120521541950115
744        0.423656462585034
745        0.42091553287981837
746        0.4282879818594105
747        0.42132086167800464
748        0.41390873015873014
749        0.421465419501134
750        0.4174404761904764
751        0.4204535147392288
752        0.4286167800453518
753        0.4192800453514739
754        0.4287471655328797
755        0.42009920634920656
756        0.42342403628117886
757        0.40791950113378694
758        0.4122420634920636
759        0.39898809523809536
760        0.403341836734694
761        0.42605725623582763
762        0.420479024943311
763        0.4235430839002269
764        0.41942176870748316
765        0.4211026077097507
766        0.42300736961451263
767        0.4226530612244899
768        0.4258815192743767
769        0.4188378684807259
770        0.4199263038548758
771        0.4220890022675739
772        0.4208163265306123
773        0.42429421768707487
774        0.3687443310657597
775        0.418341836734694
776        0.381326530612245
777        0.38434240362811795
778        0.42212301587301576
779        0.36776927437641715
780        0.4227834467120185
781        0.3741695011337871
782        0.3837670068027211
783        0.4236337868480728
784        0.42499716553288003
785        0.42506519274376464
786        0.4183956916099774
787        0.42245748299319713
788        0.41488378684807276
789        0.42265022675736974
790        0.42015306122448975
791        0.423888888888889
792        0.42042233560090747
793        0.4217488662131521
794        0.418636621315193
795        0.15234977324263024
796        0.15876417233560086
797        0.1763435374149659
798        0.42324829931972835
799        0.4213747165532884
800        0.42134353741496594
801        0.42312358276643997
802        0.41666383219954656
803        0.41992630385487545
804        0.4152097505668939
805        0.42461451247165544
806        0.4212811791383221
807        0.4139880952380952
808        0.4172562358276641
809        0.4234070294784582
810        0.4195181405895689
811        0.4189710884353744
812        0.422828798185941
813        0.4228939909297052
814        0.42113095238095266
815        0.38803287981859447
816        0.4268707482993195
817        0.24973639455782323
818        0.2850028344671201
819        0.2975028344671204
820        0.4202437641723358
821        0.3911536281179135
822        0.42312358276643974
823        0.4200680272108843
824        0.3829109977324261
825        0.4221258503401361
826        0.4261224489795921
827        0.4243480725623584
828        0.42420068027210917
829        0.14014739229024928
830        0.14074263038548726
831        0.07759920634920615
832        0.07251417233560073
833        0.15652210884353723
834        0.17054421768707467
835        0.07515022675736942
836        0.05732709750566877
837        0.1672420634920633
838        0.06756519274376398
839        0.42291383219954637
840        0.4261507936507938
841        0.4184665532879817
842        0.4244104308390026
843        0.41414965986394586
844        0.4186706349206354
845        0.32867346938775505
846        0.15987528344671176
847        0.06266723356009053
848        0.4199206349206351
849        0.4225481859410431
850        0.4203344671201816
851        0.42368764172335616
852        0.4227040816326532
853        0.41649943310657633
854        0.42087018140589566
855        0.42575113378684815
856        0.3350198412698412
857        0.32990646258503403
858        0.09928004535147374
859        0.07696712018140572
860        0.11237811791383204
861        0.08137471655328782
862        0.16077097505668905
863        0.09563208616780021
864        0.10554988662131488
865        0.1014682539682537
866        0.2529790249433104
867        0.18147108843537385
868        0.2249461451247162
869        0.20251700680272086
870        0.37490646258503413
871        0.36558390022675746
872        0.33615362811791366
873        0.26779761904761873
874        0.23394557823129222
875        0.2932738095238096
876        0.3106972789115647
877        0.31887755102040827
878        0.321502267573696
879        0.20722505668934238
880        0.18699263038548763
881        0.19301303854875287
882        0.196734693877551
883        0.4063151927437638
884        0.41620464852607714
885        0.41096371882086175
886        0.4094586167800451
887        0.4065051020408163
888        0.3998809523809528
889        0.3918424036281181
890        0.40435090702947835
891        0.3729223356009071
892        0.4110912698412698
893        0.39773526077097526
894        0.41911281179138343
895        0.3963321995464854
896        0.41478174603174633
897        0.3796201814058956
898        0.41356292517006815
899        0.3884665532879818
900        0.4122250566893421
901        0.38106859410430866
902        0.2687216553287979
903        0.15700396825396798
904        0.10384353741496571
905        0.12753684807256213
906        0.16860260770975036
907        0.20087585034013591
908        0.11314058956916079
909        0.1382766439909295
910        0.1714909297052152
911        0.1532114512471654
912        0.2332794784580496
913        0.23109977324263017
914        0.14862528344671178
915        0.14487811791383215
916        0.2299206349206348
917        0.24005102040816315
918        0.14981859410430826
919        0.21816043083900208
920        0.22266439909297028
921        0.1729109977324262
922        0.20890589569160994
923        0.24219387755102023
924        0.13596655328798166
925        0.41085317460317455
926        0.4140787981859415
927        0.41070011337868495
928        0.40697562358276645
929        0.41807539682539707
930        0.40847222222222207
931        0.41321995464852623
932        0.41761054421768723
933        0.4139625850340137
934        0.41147675736961414
935        0.4153004535147392
936        0.41193877551020414
937        0.4215617913832198
938        0.41399659863945565
939        0.4117913832199547
940        0.41547619047619017
941        0.41511054421768684
942        0.41913265306122466
943        0.41261054421768734
944        0.412562358276644
945        0.41435090702947885
946        0.4095890022675737
947        0.412060657596372
948        0.4103798185941044
949        0.40947562358276646
950        0.41560090702947844
951        0.41094387755102035
952        0.4172108843537416
953        0.40694727891156485
954        0.41924886621315177
955        0.23282596371882056
956        0.21856292517006765
957        0.2308786848072556
958        0.22802154195011298
959        0.26625283446712006
960        0.12714002267573676
961        0.07520975056689326
962        0.04115646258503407
963        0.054665532879818596
964        0.022905328798185885
965        0.014149659863945565
966        0.02729591836734692
967        0.019900793650793634
968        0.01851473922902494
969        0.012984693877551004
970        0.01824263038548752
971        0.005827664399092975
972        0.010158730158730154
973        0.0069869614512471576
974        0.008458049886621305
975        0.005592403628117917
976        0.006848072562358272
977        0.0072307256235827535
978        0.006697845804988658
979        0.005524376417233564
980        0.007256235827664394
981        0.008373015873015864
982        0.007820294784580496
983        0.00728458049886621
984        0.006000566893424041
985        0.007678571428571426
986        0.008455215419501125
987        0.008860544217687071
988        0.00819727891156462
989        0.008217120181405902
990        0.007140022675736962
991        0.004960317460317465
992        0.2626048752834466
993        0.25758786848072535
994        0.12928287981859388
995        0.07868197278911548
996        0.04721655328798188
997        0.05653911564625847
998        0.020484693877550964
999        0.01666383219954647
1000        0.013993764172335596
1001        0.021133786848072548
1002        0.019532312925170072
1003        0.014861111111111117
1004        0.015255102040816305
1005        0.009815759637188181
1006        0.0067630385487528364
1007        0.008211451247165533
1008        0.00698412698412698
1009        0.005507369614512477
1010        0.00628968253968253
1011        0.006683673469387741
1012        0.0076162131519274335
1013        0.005535714285714294
1014        0.007636054421768707
1015        0.007854308390022671
1016        0.00811224489795917
1017        0.007752267573696147
1018        0.005904195011337879
1019        0.0078344671201814
1020        0.008163265306122445
1021        0.008047052154195006
1022        0.008506235827664393
1023        0.007735260770975052
1024        0.007029478458049874
1025        0.004863945578231298
1026        0.40701530612244885
1027        0.410215419501134
1028        0.41051870748299335
1029        0.4175765306122446
1030        0.4191666666666668
1031        0.4161819727891158
1032        0.4106717687074833
1033        0.41688775510204096
1034        0.40144274376417205
1035        0.4189087301587299
1036        0.4091354875283448
1037        0.4145549886621315
1038        0.40853174603174636
1039        0.41655612244897977
1040        0.41734693877551016
1041        0.4185487528344669
1042        0.4140164399092969
1043        0.42176870748299317
1044        0.41825680272108867
1045        0.4195238095238095
1046        0.40223072562358286
1047        0.4127579365079365
1048        0.4071116780045353
1049        0.4092687074829929
1050        0.41598922902494306
1051        0.41085600907029457
1052        0.2744444444444441
1053        0.41491780045351484
1054        0.40788265306122473
1055        0.40581632653061217
1056        0.4124206349206349
1057        0.40916950113378686
1058        0.39890873015873024
1059        0.41033446712018135
1060        0.4100651927437643
1061        0.40818027210884394
1062        0.4111337868480726
1063        0.41032029478458093
1064        0.41265589569160976
1065        0.41695294784580494
1066        0.4102891156462583
1067        0.41435374149659854
1068        0.4193735827664401
1069        0.412369614512472
1070        0.4055130385487529
1071        0.41362528344671207
1072        0.40488945578231306
1073        0.4075226757369617
1074        0.42007369614512474
1075        0.4126048752834468
1076        0.4169331065759638
1077        0.4138038548752835
1078        0.40967120181405875
1079        0.4136224489795915
1080        0.40954648526077075
1081        0.40893990929705215
1082        0.4115476190476189
1083        0.4065561224489796
1084        0.42022392290249405
1085        0.40861678004535135
1086        0.42322845804988685
1087        0.404778911564626
1088        0.4197448979591836
1089        0.40606575963718844
1090        0.40568877551020405
1091        0.41374433106575975
1092        0.42023526077097495
1093        0.4044246031746031
1094        0.4172675736961453
1095        0.07723072562358255
1096        0.16126417233560084
1097        0.3784892290249434
1098        0.17181122448979572
1099        0.1577465986394557
1100        0.14433673469387728
1101        0.13568594104308362
1102        0.07128401360544202
1103        0.026587301587301482
1104        0.27433956916099755
1105        0.26443310657596353
1106        0.26789399092970506
1107        0.41183673469387777
1108        0.4131632653061226
1109        0.4128401360544217
1110        0.4132312925170068
1111        0.0837783446712016
1112        0.22466269841269815
1113        0.2014484126984124
1114        0.22904478458049862
1115        0.4084268707482993
1116        0.4119784580498866
1117        0.3441524943310656
1118        0.17422335600907018
1119        0.13302154195011323
1120        0.18151360544217682
1121        0.14117063492063467
1122        0.2688888888888888
1123        0.17714002267573695
1124        0.18197278911564616
1125        0.18755102040816313
1126        0.03471655328798181
1127        0.023568594104308414
1128        0.005992063492063498
1129        0.006493764172335606
1130        0.009447278911564607
1131        0.00926870748299318
1132        0.011221655328798178
1133        0.0058163265306122505
1134        0.010875850340136028
1135        0.011156462585033975
1136        0.005918367346938782
1137        0.007916666666666662
1138        0.0012273242630385444
1139        0.27192460317460304
1140        0.31759920634920613
1141        0.2748639455782313
1142        0.3107001133786847
1143        0.3184693877551021
1144        0.29409297052154193
1145        0.3058361678004533
1146        0.28234126984126995
1147        0.2937613378684808
1148        0.3357993197278911
1149        0.3499461451247165
1150        0.34099773242630393
1151        0.3407171201814057
1152        0.330827664399093
1153        0.35219387755102066
1154        0.33628684807256226
1155        0.2019926303854873
1156        0.24137755102040803
1157        0.17445578231292502
1158        0.21283446712018125
1159        0.26704931972789103
1160        0.1860685941043082
1161        0.0012585034013605407
1162        0.1611649659863944
1163        0.3601502267573694
1164        0.3447704081632652
1165        0.2825935374149658
1166        0.1266581632653059
1167        0.15276927437641702
1168        0.0659637188208615
1169        0.035425170068027076
1170        0.015034013605442122
1171        0.023492063492063446
1172        0.009452947845804957
1173        0.4077210884353741
1174        0.29015306122448986
1175        0.3997250566893428
1176        0.39529195011337864
