1        0.2592290249433103
2        0.08036564625850326
3        0.35022675736961467
4        0.3469246031746033
5        0.3491071428571429
6        0.348219954648526
7        0.35091836734693893
8        0.34901360544217713
9        0.3518565759637187
10        0.34677721088435387
11        0.34663265306122476
12        0.3530357142857144
13        0.3526162131519276
14        0.3530215419501137
15        0.3500510204081631
16        0.34721088435374176
17        0.34100340136054447
18        0.3512726757369615
19        0.3532964852607713
20        0.3533730158730163
21        0.34405045351473956
22        0.3481292517006804
23        0.3470294784580499
24        0.35191893424036313
25        0.3498015873015876
26        0.34860827664399097
27        0.3470436507936511
28        0.3515532879818598
29        0.3488151927437641
30        0.34994047619047625
31        0.3548299319727891
32        0.34989229024943314
33        0.34779478458049873
34        0.34928854875283455
35        0.35395691609977337
36        0.3448015873015875
37        0.34675170068027206
38        0.35750566893424046
39        0.3492176870748301
40        0.3481519274376419
41        0.35416666666666646
42        0.35386337868480716
43        0.350799319727891
44        0.3452891156462587
45        0.34817743764172354
46        0.34867913832199565
47        0.35567460317460287
48        0.3539597505668934
49        0.3515958049886622
50        0.3475170068027213
51        0.3501417233560091
52        0.35386904761904764
53        0.3534126984126982
54        0.009778911564625825
55        0.0014058956916099712
56        0.016462585034013606
57        0.0033871882086167746
58        0.0036791383219954704
59        0.01098639455782308
60        0.006601473922902513
61        0.010187074829931959
62        0.014197845804988628
63        0.04392857142857137
64        0.1309410430839001
65        0.34999433106575983
66        0.005827664399092968
67        0.010150226757369585
68        0.021626984126984123
69        0.005711451247165538
70        0.004285714285714294
71        0.007196712018140581
72        0.004444444444444456
73        0.011434240362811765
74        0.0156519274376417
75        0.030348639455782256
76        0.09655045351473907
77        0.27687925170068034
78        0.00594387755102042
79        0.003588435374149668
80        0.016791383219954645
81        0.010053854875283416
82        0.004846938775510207
83        0.004580498866213159
84        0.002250566893424029
85        0.01088435374149658
86        0.0103486394557823
87        0.03329081632653053
88        0.09350907029478438
89        0.2831349206349205
90        0.006043083900226764
91        0.003840702947845807
92        0.01540532879818594
93        0.007789115646258506
94        0.0028486394557823117
95        0.005873015873015876
96        0.0036649659863945677
97        0.006819727891156465
98        0.02604591836734688
99        0.03835317460317455
100        0.09206065759637168
101        0.005867346938775516
102        0.0022250566893423987
103        0.016340702947845783
104        0.008055555555555538
105        0.001584467120181398
106        0.008384353741496596
107        0.0025198412698412714
108        0.008815192743764157
109        0.022168367346938708
110        0.04808673469387744
111        0.11734977324263021
112        0.0078202947845805
113        0.005989229024943327
114        0.025960884353741494
115        0.0059126984126984215
116        0.002655895691609974
117        0.0058871882086167894
118        0.0014427437641723287
119        0.012499999999999957
120        0.016882086167800407
121        0.05515022675736953
122        0.11234410430838987
123        0.3517431972789117
124        0.009600340136054404
125        0.0014569160997732352
126        0.01804138321995464
127        0.006726190476190479
128        0.0013888888888888807
129        0.011329365079365035
130        0.002763605442176864
131        0.009940476190476158
132        0.02080782312925166
133        0.036286848072562286
134        0.1172307256235826
135        0.3513095238095242
136        0.00499433106575964
137        0.003942743764172347
138        0.026332199546485247
139        0.012324263038548701
140        0.0014058956916099706
141        0.0033078231292516954
142        0.0014909297052154112
143        0.021371882086167752
144        0.025513038548752785
145        0.04101190476190467
146        0.11980442176870738
147        0.34732709750566904
148        0.009702380952380914
149        0.0039965986394557874
150        0.022811791383219954
151        0.01092403628117913
152        0.0019671201814058896
153        0.005884353741496611
154        0.0044529478458049864
155        0.010847505668934207
156        0.01521825396825394
157        0.03369047619047612
158        0.11564342403628108
159        0.3556547619047618
160        0.008982426303854863
161        0.004926303854875291
162        0.018727324263038556
163        0.0044132653061224455
164        0.004787414965986408
165        0.007905328798185922
166        0.002709750566893426
167        0.013480725623582721
168        0.022344104308389953
169        0.03673469387755093
170        0.09699263038548739
171        0.35105158730158736
172        0.009087301587301548
173        0.001414399092970515
174        0.019866780045351463
175        0.006003401360544226
176        0.004991496598639464
177        0.010779478458049878
178        0.005430839002267588
179        0.012517006802721036
180        0.01988378684807252
181        0.03564058956916093
182        0.11081632653061206
183        0.3483758503401363
184        0.014019274376417172
185        0.004129818594104321
186        0.02197562358276643
187        0.00322278911564626
188        0.003594104308390031
189        0.007749433106575959
190        0.00267006802721089
191        0.01159863945578227
192        0.023622448979591766
193        0.0491468253968253
194        0.12339285714285696
195        0.3450113378684807
196        0.08507086167800434
197        0.026488095238095172
198        0.20831916099773234
199        0.13257936507936496
200        0.1460090702947845
201        0.12702097505668924
202        0.10289965986394528
203        0.14405895691609963
204        0.06193594104308377
205        0.0860345804988661
206        0.021454081632652944
207        0.1890107709750568
208        0.03956349206349199
209        0.012687074829931946
210        0.035765306122448874
211        0.04208333333333327
212        0.05204648526077085
213        0.030932539682539596
214        0.04752551020408155
215        0.026941609977324154
216        0.011264172335600833
217        0.018801020408163206
218        0.0094501133786848
219        0.10016439909297045
220        0.08412131519274361
221        0.043245464852607635
222        0.027738095238095176
223        0.11131519274376402
224        0.03659863945578218
225        0.2275283446712018
226        0.13896541950113367
227        0.13274943310657586
228        0.12714002267573685
229        0.10403628117913803
230        0.13839285714285704
231        0.059994331065759535
232        0.07076247165532862
233        0.020924036281179028
234        0.194467120181406
235        0.033693310657596245
236        0.016269841269841163
237        0.03439625850340126
238        0.05850907029478452
239        0.05123299319727879
240        0.027205215419501095
241        0.047423469387755
242        0.041567460317460225
243        0.02085317460317453
244        0.024787414965986316
245        0.007684240362811802
246        0.10149376417233548
247        0.0944075963718819
248        0.04655612244897954
249        0.036947278911564525
250        0.05519841269841271
251        0.017893990929705166
252        0.008832199546485254
253        0.07740079365079353
254        0.04049036281179132
255        0.030586734693877477
256        0.018732993197278874
257        0.031408730158730164
258        0.025039682539682435
259        0.1092942176870749
260        0.017191043083900234
261        0.02682823129251692
262        0.016343537414965914
263        0.08272108843537417
264        0.023625283446711918
265        0.009631519274376414
266        0.00274092970521542
267        0.01136904761904756
268        0.01714852607709747
269        0.011037414965986361
270        0.005734126984126994
271        0.016442743764172266
272        0.00790249433106575
273        0.010958049886621267
274        0.004229024943310655
275        0.004390589569160999
276        0.029716553287981777
277        0.03023242630385479
278        0.0091439909297052
279        0.012006802721088396
280        0.060824829931972746
281        0.02451814058956909
282        0.006204648526077106
283        0.06885487528344666
284        0.03262755102040809
285        0.039469954648526005
286        0.02376984126984121
287        0.028030045351473916
288        0.026298185941042978
289        0.08251984126984133
290        0.017267573696145115
291        0.02538265306122441
292        0.00793367346938776
293        0.08485544217687074
294        0.024861111111111046
295        0.007261904761904765
296        0.005362811791383232
297        0.016541950113378633
298        0.013435374149659831
299        0.012599206349206322
300        0.008449546485260763
301        0.01587585034013599
302        0.00784580498866212
303        0.006743197278911568
304        0.005640589569161001
305        0.0017913832199546406
306        0.02633786848072553
307        0.03005102040816318
308        0.014869614512471626
309        0.010578231292516995
310        0.0646400226757369
311        0.02555839002267564
312        0.007196712018140587
313        0.05293934240362807
314        0.029781746031745975
315        0.04427154195011334
316        0.031113945578231227
317        0.02870464852607712
318        0.025496031746031655
319        0.10751417233560089
320        0.015073696145124708
321        0.02144557823129243
322        0.005603741496598642
323        0.09369331065759638
324        0.028792517006802628
325        0.009254535147392268
326        0.003840702947845812
327        0.00947845804988659
328        0.005847505668934242
329        0.010124716553287935
330        0.008480725623582739
331        0.012976190476190454
332        0.009138321995464842
333        0.003588435374149667
334        0.004030612244897966
335        0.006933106575963715
336        0.03543934240362804
337        0.028557256235827583
338        0.01291099773242627
339        0.006700680272108853
340        0.060751133786848044
341        0.018287981859410343
342        0.006026077097505684
343        0.06056689342403626
344        0.04087018140589559
345        0.04184240362811787
346        0.025561224489795874
347        0.03426587301587303
348        0.028560090702947724
349        0.1061933106575964
350        0.015918367346938758
351        0.024129818594104225
352        0.012174036281179072
353        0.08867913832199543
354        0.023103741496598555
355        0.012979024943310623
356        0.0056547619047619116
357        0.010240929705215328
358        0.014750566893423989
359        0.010428004535147363
360        0.012607709750566874
361        0.012817460317460285
362        0.008356009070294776
363        0.005980725623582769
364        0.010575396825396807
365        0.0024178004535147382
366        0.016096938775510137
367        0.02578231292516998
368        0.010666099773242621
369        0.006998299319727891
370        0.06106292517006794
371        0.024900793650793583
372        0.004492630385487545
373        0.06397959183673461
374        0.04075396825396819
375        0.04098639455782304
376        0.024937641723355945
377        0.031646825396825375
378        0.03236961451247156
379        0.1194075963718821
380        0.017225056689342398
381        0.028724489795918243
382        0.011329365079365075
383        0.08447845804988668
384        0.028200113378684676
385        0.012791950113378657
386        0.003251133786848069
387        0.013424036281179061
388        0.013662131519274338
389        0.014597505668934186
390        0.008769841269841238
391        0.01342403628117909
392        0.005943877551020419
393        0.002460317460317461
394        0.007100340136054424
395        0.003426870748299314
396        0.029333900226757283
397        0.03822562358276632
398        0.00862528344671199
399        0.007295918367346938
400        0.06231292517006795
401        0.02250850340136044
402        0.01271541950113373
403        0.06148809523809509
404        0.03854308390022666
405        0.037678571428571374
406        0.029424603174603135
407        0.02822278911564624
408        0.02164115646258494
409        0.10151643990929705
410        0.017086167800453505
411        0.019798752834467047
412        0.0054535147392290335
413        0.08998866213151924
414        0.023698979591836675
415        0.014693877551020371
416        0.00379818594104309
417        0.012627551020408143
418        0.0194416099773242
419        0.017576530612244838
420        0.008426870748299313
421        0.012363945578231275
422        0.01159297052154193
423        0.004492630385487532
424        0.006729024943310666
425        0.003869047619047618
426        0.02995464852607703
427        0.03287131519274366
428        0.00969671201814058
429        0.007434807256235819
430        0.1933758503401358
431        0.06436791383219942
432        0.03047619047619035
433        0.20537981859410415
434        0.1277182539682538
435        0.137267573696145
436        0.0869614512471654
437        0.08028061224489778
438        0.07219387755102027
439        0.04307539682539684
440        0.0691354875283445
441        0.021323696145124617
442        0.249484126984127
443        0.07525226757369602
444        0.018633786848072504
445        0.010238095238095197
446        0.028769841269841164
447        0.027840136054421732
448        0.03424036281179132
449        0.0254563492063491
450        0.02244897959183665
451        0.0153089569160997
452        0.012335600907029417
453        0.01693310657596367
454        0.009878117913832135
455        0.07916383219954629
456        0.09759070294784564
457        0.022916666666666575
458        0.02085600907029471
459        0.2145748299319726
460        0.04927721088435361
461        0.019175170068027134
462        0.21558673469387726
463        0.11137471655328786
464        0.13227324263038542
465        0.08476473922902478
466        0.08608560090702921
467        0.08933106575963701
468        0.04727324263038541
469        0.07128401360544198
470        0.020445011337868375
471        0.24589002267573684
472        0.08500566893424018
473        0.02763605442176861
474        0.012307256235827608
475        0.022375283446711955
476        0.03625850340136047
477        0.03641723356009061
478        0.02886337868480717
479        0.03311791383219948
480        0.013214285714285677
481        0.015459183673469313
482        0.009798752834467097
483        0.010257936507936459
484        0.08001133786848054
485        0.07708616780045337
486        0.03046485260770966
487        0.02838435374149653
488        0.05772675736961444
489        0.01778061224489789
490        0.0070691609977324476
491        0.0936054421768706
492        0.044152494331065696
493        0.08686507936507923
494        0.03475056689342398
495        0.03346938775510202
496        0.03494897959183664
497        0.03745181405895682
498        0.014781746031746023
499        0.030691609977324136
500        0.007293083900226729
501        0.19149943310657597
502        0.024336734693877468
503        0.00881235827664398
504        0.005294784580498869
505        0.0069614512471655255
506        0.010969387755102002
507        0.008358843537414971
508        0.012772108843537393
509        0.007760770975056691
510        0.009764739229024913
511        0.03289399092970509
512        0.0035657596371882158
513        0.009489795918367334
514        0.0031434240362811835
515        0.03138605442176862
516        0.02537981859410423
517        0.0160912698412698
518        0.00762471655328798
519        0.056315192743764064
520        0.012556689342403567
521        0.003092403628117919
522        0.07513321995464838
523        0.036244331065759576
524        0.07515022675736951
525        0.021884920634920587
526        0.025765306122448994
527        0.04305272108843528
528        0.019846938775510144
529        0.01254535147392289
530        0.016788548752834403
531        0.007018140589569155
532        0.19752834467120192
533        0.018628117913832124
534        0.007865646258503393
535        0.0032426303854875232
536        0.006825396825396831
537        0.013066893424036248
538        0.01398809523809522
539        0.006930272108843541
540        0.012610544217687042
541        0.007726757369614525
542        0.022140022675736882
543        0.004923469387755102
544        0.009909297052154169
545        0.0032908163265306157
546        0.022071995464852487
547        0.03102040816326521
548        0.008874716553287974
549        0.006275510204081638
550        0.1877692743764171
551        0.05083049886621302
552        0.031731859410430684
553        0.18166383219954635
554        0.10467970521541932
555        0.12009637188208605
556        0.06897392290249424
557        0.08185657596371865
558        0.09648526077097487
559        0.034554988662131504
560        0.06413832199546467
561        0.021522108843537342
562        0.2110459183673469
563        0.09225340136054401
564        0.02787414965986386
565        0.012094671201814011
566        0.017525510204081593
567        0.03691609977324259
568        0.031173469387755056
569        0.025881519274376333
570        0.029291383219954562
571        0.020104875283446667
572        0.016417233560090626
573        0.018200113378684768
574        0.001740362811791375
575        0.07278061224489783
576        0.08672619047619037
577        0.028917233560090624
578        0.023713151927437545
579        0.18890873015872994
580        0.06890306122448962
581        0.025215419501133624
582        0.21364795918367316
583        0.12121882086167789
584        0.14682539682539675
585        0.09160147392290235
586        0.08375566893424018
587        0.16168934240362798
588        0.07622448979591823
589        0.04342687074829926
590        0.07474489795918353
591        0.018032879818594034
592        0.25158163265306116
593        0.032259070294784475
594        0.01213151927437636
595        0.04092403628117902
596        0.025342970521541885
597        0.03543367346938768
598        0.024053287981859364
599        0.03371882086167792
600        0.024175170068027142
601        0.014265873015872925
602        0.015850340136054346
603        0.005530045351473928
604        0.07946145124716535
605        0.07802437641723342
606        0.026641156462584952
607        0.038704648526077017
608        0.18162981859410404
609        0.0492942176870747
610        0.015592403628117821
611        0.2107114512471654
612        0.1253854875283445
613        0.12915532879818584
614        0.08737244897959168
615        0.07685090702947824
616        0.08945578231292499
617        0.04556122448979585
618        0.07581065759637169
619        0.024350907029478355
620        0.24355725623582772
621        0.07844671201814041
622        0.025289115646258412
623        0.017043650793650698
624        0.03459750566893415
625        0.04135204081632649
626        0.02774943310657589
627        0.013914399092970457
628        0.0388888888888888
629        0.02168650793650786
630        0.015243764172335507
631        0.015651927437641662
632        0.009002267573696137
633        0.06860827664399075
634        0.07835034013605426
635        0.034532312925169964
636        0.019920634920634867
637        0.10659863945578217
638        0.03788548752834455
639        0.2552040816326531
640        0.18249433106575955
641        0.17178854875283447
642        0.15866213151927414
643        0.14175453514739197
644        0.11472505668934223
645        0.12023242630385471
646        0.08816326530612222
647        0.08267573696145107
648        0.02362811791383205
649        0.2682794784580498
650        0.13137755102040807
651        0.06844387755102023
652        0.017128684807256156
653        0.0577125850340135
654        0.06236394557823118
655        0.06251700680272097
656        0.05045918367346929
657        0.05689909297052142
658        0.045739795918367236
659        0.0176360544217686
660        0.0219841269841269
661        0.007655895691609998
662        0.12749716553287968
663        0.11446145124716538
664        0.059365079365079225
665        0.034316893424036175
666        0.2139994331065761
667        0.19921768707483015
668        0.1879393424036282
669        0.2130725623582767
670        0.20243197278911582
671        0.2031405895691611
672        0.20473639455782314
673        0.20407879818594113
674        0.1962868480725625
675        0.24092120181405874
676        0.2661763038548752
677        0.2624206349206347
678        0.23455215419501121
679        0.2606972789115645
680        0.262003968253968
681        0.24132369614512475
682        0.2791723356009069
683        0.2628032879818593
684        0.08046768707482999
685        0.07762471655328805
686        0.09222222222222215
687        0.09035430839002265
688        0.08625566893424036
689        0.08355158730158731
690        0.09019841269841264
691        0.0944869614512472
692        0.3502210884353742
693        0.3523412698412696
694        0.3469189342403627
695        0.34566893424036277
696        0.3434467120181404
697        0.3481179138321998
698        0.3480385487528347
699        0.346734693877551
700        0.3494246031746031
701        0.34847789115646266
702        0.3524886621315196
703        0.3427721088435376
704        0.1148667800453513
705        0.051116780045351286
706        0.09435090702947835
707        0.03728458049886605
708        0.13237244897959172
709        0.048302154195011174
710        0.1198951247165532
711        0.04660430839002249
712        0.12379251700680265
713        0.04287981859410416
714        0.10706065759637175
715        0.03418934240362797
716        0.35008786848072565
717        0.34882936507936524
718        0.35080498866213194
719        0.34924886621315193
720        0.33562358276644016
721        0.34649659863945625
722        0.3478996598639459
723        0.35119614512471686
724        0.11255668934240366
725        0.09389455782312929
726        0.10571428571428576
727        0.09084750566893426
728        0.10114795918367347
729        0.1009297052154195
730        0.10403061224489794
731        0.10702664399092969
732        0.3434268707482995
733        0.34493197278911614
734        0.3492828798185941
735        0.33849773242630404
736        0.3449263038548756
737        0.34465419501133804
738        0.34386621315192745
739        0.35152210884353785
740        0.34700963718820893
741        0.3476247165532883
742        0.35058390022675745
743        0.3513151927437642
744        0.3478259637188209
745        0.35696712018140614
746        0.3461649659863945
747        0.3477437641723357
748        0.35097789115646266
749        0.346479591836735
750        0.3475566893424037
751        0.3459750566893425
752        0.35261337868480735
753        0.3493990929705215
754        0.3516128117913836
755        0.35034297052154184
756        0.34548752834467117
757        0.3386366213151929
758        0.3267885487528343
759        0.3106349206349207
760        0.31695578231292504
761        0.3522080498866214
762        0.35080782312925185
763        0.3527040816326532
764        0.34818310657596374
765        0.34867063492063494
766        0.3452125850340136
767        0.3459438775510204
768        0.3450510204081636
769        0.3485487528344671
770        0.35066326530612213
771        0.3511394557823129
772        0.35382369614512477
773        0.3489172335600908
774        0.27872732426303853
775        0.35255668934240336
776        0.2771173469387756
777        0.2819104308390022
778        0.3531519274376417
779        0.29022959183673464
780        0.3482879818594105
781        0.27368197278911555
782        0.27992063492063507
783        0.3532199546485259
784        0.35004818594104314
785        0.34773242630385476
786        0.35276927437641725
787        0.34342970521541966
788        0.3495719954648529
789        0.34869331065759646
790        0.3539597505668937
791        0.35145975056689366
792        0.35014172335600935
793        0.34730442176870757
794        0.3490617913832202
795        0.11604024943310648
796        0.1180782312925169
797        0.11855442176870731
798        0.34568027210884383
799        0.35129818594104295
800        0.34949263038548756
801        0.34885770975056685
802        0.35141156462585066
803        0.348809523809524
804        0.34851473922902493
805        0.35446145124716555
806        0.351952947845805
807        0.35139172335600893
808        0.35282312925170095
809        0.3482653061224487
810        0.33998582766439944
811        0.3515787981859414
812        0.34740362811791403
813        0.34667233560090727
814        0.3556179138321993
815        0.3102947845804987
816        0.34761621315192776
817        0.1431320861678003
818        0.19672335600907018
819        0.20403061224489794
820        0.3495096371882084
821        0.29021258503401354
822        0.35676587301587315
823        0.3532908163265307
824        0.29848072562358285
825        0.35453514739229053
826        0.3492573696145124
827        0.35024092970521575
828        0.35150793650793655
829        0.1031887755102039
830        0.1118140589569159
831        0.04522108843537398
832        0.028854875283446595
833        0.11747448979591821
834        0.09070294784580483
835        0.03155045351473906
836        0.037896825396825234
837        0.10465702947845788
838        0.04072278911564613
839        0.3458078231292517
840        0.3498157596371885
841        0.3499206349206351
842        0.3521740362811794
843        0.3470068027210885
844        0.347545351473923
845        0.24979875283446693
846        0.08429421768707465
847        0.03327380952380935
848        0.34600623582766465
849        0.34713718820861683
850        0.3493594104308391
851        0.352511337868481
852        0.35262471655328803
853        0.35283446712018135
854        0.3441014739229026
855        0.3471825396825402
856        0.2383701814058955
857        0.2537018140589568
858        0.032738095238095156
859        0.03311507936507931
860        0.05591269841269834
861        0.025753968253968206
862        0.07701247165532862
863        0.04123015873015864
864        0.07023242630385465
865        0.04037414965986383
866        0.12340136054421737
867        0.08538265306122432
868        0.13912981859410395
869        0.09306405895691598
870        0.27509637188208597
871        0.2593140589569158
872        0.24380668934240357
873        0.15119614512471646
874        0.14384353741496567
875        0.19168934240362803
876        0.19890022675736937
877        0.22907312925170056
878        0.24784580498866216
879        0.09730442176870747
880        0.10429705215419498
881        0.09977607709750563
882        0.09826247165532886
883        0.3016978458049885
884        0.3366638321995466
885        0.3043509070294782
886        0.30956632653061217
887        0.3044586167800453
888        0.31308673469387766
889        0.2962868480725623
890        0.3035856009070292
891        0.29032879818594104
892        0.33626700680272126
893        0.2898441043083901
894        0.3383701814058955
895        0.2889682539682537
896        0.331797052154195
897        0.27887755102040807
898        0.33428854875283454
899        0.2986394557823128
900        0.34096655328798203
901        0.304827097505669
902        0.16871031746031734
903        0.07593820861677988
904        0.05234693877551001
905        0.06830215419501114
906        0.1022874149659862
907        0.10557256235827644
908        0.04325963718820842
909        0.06827097505668914
910        0.10848922902494314
911        0.08010770975056673
912        0.12689342403628093
913        0.12705782312925148
914        0.0736337868480724
915        0.06182539682539674
916        0.11840419501133778
917        0.1261252834467119
918        0.07157596371882072
919        0.1324036281179137
920        0.1434155328798184
921        0.06835034013605432
922        0.11857709750566879
923        0.12766156462585015
924        0.06091553287981841
925        0.33803004535147424
926        0.3306009070294785
927        0.33452947845805
928        0.3320294784580498
929        0.3403146258503403
930        0.33693877551020374
931        0.3405924036281178
932        0.3400765306122452
933        0.31866213151927425
934        0.3280442176870749
935        0.3433786848072563
936        0.3336422902494332
937        0.32721088435374157
938        0.33920918367346925
939        0.32939342403628125
940        0.33988662131519265
941        0.3337670068027212
942        0.3364512471655331
943        0.33500850340136046
944        0.33826247165532874
945        0.3285600907029477
946        0.34344671201814037
947        0.33605442176870753
948        0.3360289115646259
949        0.3283645124716554
950        0.33402777777777765
951        0.33655328798185935
952        0.3320436507936508
953        0.3362216553287984
954        0.33277494331065766
955        0.10623015873015862
956        0.11698129251700659
957        0.10940759637188198
958        0.13458900226757342
959        0.15405328798185913
960        0.04960600907029469
961        0.03626700680272108
962        0.020252267573696123
963        0.01605158730158729
964        0.0071201814058956875
965        0.005725623582766439
966        0.00998015873015872
967        0.007366780045351473
968        0.005989229024943306
969        0.006658163265306123
970        0.0055243764172335594
971        0.004503968253968256
972        0.0046031746031745995
973        0.004767573696145118
974        0.004682539682539674
975        0.003418367346938775
976        0.004540816326530609
977        0.004784580498866208
978        0.0043395691609977305
979        0.003251133786848073
980        0.004444444444444446
981        0.005181405895691602
982        0.005291950113378683
983        0.0048299319727891175
984        0.0034325396825396815
985        0.0050453514739229
986        0.005858843537414965
987        0.005802154195011335
988        0.005904195011337872
989        0.005124716553287983
990        0.004554988662131513
991        0.0027947845804988645
992        0.14561224489795896
993        0.16965702947845776
994        0.043775510204081554
995        0.035558390022675704
996        0.022293083900226756
997        0.009288548752834445
998        0.013837868480725582
999        0.009518140589569148
1000        0.0067687074829931885
1001        0.007928004535147389
1002        0.007446145124716551
1003        0.006499433106575962
1004        0.004747732426303852
1005        0.004478458049886626
1006        0.0044075963718820865
1007        0.00619614512471655
1008        0.004314058956916094
1009        0.0034353741496598636
1010        0.004379251700680267
1011        0.004912131519274373
1012        0.004940476190476186
1013        0.003086734693877545
1014        0.004441609977324266
1015        0.005306122448979591
1016        0.005541383219954649
1017        0.005260770975056691
1018        0.003543083900226757
1019        0.005107709750566891
1020        0.0058219954648526025
1021        0.006074263038548748
1022        0.005873015873015871
1023        0.005365646258503395
1024        0.004739229024943307
1025        0.0028883219954648487
1026        0.34173469387755095
1027        0.33230442176870756
1028        0.32864512471655305
1029        0.33390589569161
1030        0.32741496598639475
1031        0.3369217687074832
1032        0.33553287981859425
1033        0.3266213151927439
1034        0.33965136054421763
1035        0.33364512471655344
1036        0.3280272108843539
1037        0.3268877551020407
1038        0.33453514739229046
1039        0.34254818594104286
1040        0.34323412698412703
1041        0.3493934240362811
1042        0.33776643990929706
1043        0.338922902494331
1044        0.3350850340136055
1045        0.33657029478458056
1046        0.3349914965986392
1047        0.3357142857142856
1048        0.3314087301587303
1049        0.3324319727891158
1050        0.33943877551020407
1051        0.3241978458049887
1052        0.18905612244897946
1053        0.3300992063492064
1054        0.34160714285714283
1055        0.32581632653061204
1056        0.33535714285714285
1057        0.3394982993197277
1058        0.34011621315192747
1059        0.3394246031746031
1060        0.3332341269841271
1061        0.3363718820861681
1062        0.3389512471655331
1063        0.34599489795918376
1064        0.33844671201814064
1065        0.33967687074829916
1066        0.3367120181405895
1067        0.34020124716553274
1068        0.33829365079365076
1069        0.33283446712018133
1070        0.348687641723356
1071        0.33502267573696154
1072        0.3292800453514739
1073        0.33109126984126974
1074        0.3402721088435372
1075        0.3288066893424036
1076        0.3355328798185942
1077        0.32691609977324254
1078        0.33787131519274394
1079        0.326343537414966
1080        0.3270209750566894
1081        0.3384353741496597
1082        0.33922902494331064
1083        0.3325481859410429
1084        0.3320408163265308
1085        0.33218820861678
1086        0.3297732426303854
1087        0.33993197278911597
1088        0.33424319727891144
1089        0.33561507936507917
1090        0.3365051020408163
1091        0.3332851473922906
1092        0.34408446712018126
1093        0.33787698412698397
1094        0.34443594104308406
1095        0.03159013605442162
1096        0.09890873015872996
1097        0.29999716553288
1098        0.09268140589569135
1099        0.09335884353741473
1100        0.05439909297052148
1101        0.059058956916099574
1102        0.020646258503401297
1103        0.008339002267573682
1104        0.18273242630385467
1105        0.1678486394557821
1106        0.16451814058956907
1107        0.3445266439909295
1108        0.33757369614512456
1109        0.331748866213152
1110        0.3275992063492064
1111        0.036411564625850205
1112        0.12058106575963698
1113        0.13060657596371855
1114        0.13915249433106552
1115        0.3352295918367348
1116        0.3317602040816326
1117        0.2341496598639453
1118        0.12526643990929695
1119        0.06973639455782298
1120        0.11742630385487515
1121        0.06242630385487511
1122        0.18899943310657583
1123        0.11912414965986386
1124        0.14017857142857135
1125        0.10794217687074813
1126        0.013613945578231259
1127        0.009158163265306106
1128        0.0021768707482993158
1129        0.003937074829931973
1130        0.00729024943310656
1131        0.0039682539682539646
1132        0.0030895691609977315
1133        0.0020068027210884275
1134        0.0033645124716553424
1135        0.0032227891156462554
1136        0.00475340136054422
1137        0.006164965986394557
1138        0.0011337868480725574
1139        0.1848072562358274
1140        0.19778628117913824
1141        0.17399376417233534
1142        0.20048752834467098
1143        0.23263605442176857
1144        0.1977465986394556
1145        0.19711734693877528
1146        0.2061961451247164
1147        0.1500793650793649
1148        0.23684807256235815
1149        0.24541383219954635
1150        0.2506887755102038
1151        0.22051303854875257
1152        0.23564342403628113
1153        0.2378854875283444
1154        0.2324291383219952
1155        0.11134920634920614
1156        0.13564625850340115
1157        0.09309523809523795
1158        0.10237528344671185
1159        0.13162698412698395
1160        0.10807256235827649
1161        0.0011366213151927402
1162        0.08125283446712005
1163        0.2370379818594103
1164        0.24609410430838982
1165        0.20865079365079345
1166        0.07732426303854856
1167        0.09857709750566872
1168        0.04482709750566882
1169        0.009399092970521555
1170        0.005136054421768715
1171        0.0020691609977324197
1172        0.005481859410430849
1173        0.322641723356009
1174        0.17789115646258502
1175        0.29521825396825396
1176        0.2979620181405898
