1        0.23029478458049876
2        0.08817176870748286
3        0.33295918367346933
4        0.3277465986394562
5        0.3313945578231291
6        0.3330810657596374
7        0.32943027210884357
8        0.3295691609977325
9        0.3332653061224492
10        0.3395691609977322
11        0.33570011337868494
12        0.339906462585034
13        0.33272959183673506
14        0.3331490929705215
15        0.32845521541950123
16        0.33044501133786874
17        0.3340589569160997
18        0.32751984126984124
19        0.3321598639455783
20        0.32850623582766453
21        0.3275538548752837
22        0.3314399092970519
23        0.33267006802721066
24        0.33819727891156476
25        0.33362528344671233
26        0.32806972789115674
27        0.3370351473922901
28        0.3355498866213155
29        0.33891723356009085
30        0.3337641723356011
31        0.33316326530612267
32        0.33336167800453526
33        0.3342091836734693
34        0.3340532879818598
35        0.3337670068027209
36        0.3431916099773243
37        0.33193027210884374
38        0.3379620181405898
39        0.33712018140589567
40        0.3351445578231294
41        0.3292460317460314
42        0.33164682539682516
43        0.33946428571428605
44        0.3283163265306126
45        0.3323979591836735
46        0.330405328798186
47        0.3284892290249435
48        0.33365929705215425
49        0.33838718820861646
50        0.32927437641723356
51        0.3339994331065762
52        0.33139739229024945
53        0.3322420634920637
54        0.0072732426303854765
55        0.004940476190476202
56        0.02109977324263037
57        0.005527210884353744
58        0.002655895691609985
59        0.004308390022675739
60        0.002587868480725627
61        0.01214852607709744
62        0.013429705215419476
63        0.032882653061224405
64        0.10795068027210868
65        0.3342261904761906
66        0.0029960317460317413
67        0.002485827664399095
68        0.014107142857142848
69        0.006009070294784591
70        0.002630385487528345
71        0.0053287981859410465
72        0.002590702947845804
73        0.008891723356009048
74        0.011462585034013584
75        0.031162131519274324
76        0.09036281179138302
77        0.27558106575963714
78        0.006431405895691617
79        0.001437074829931965
80        0.01104591836734693
81        0.003089569160997727
82        0.0015504535147392205
83        0.005005668934240362
84        0.0036082766439909353
85        0.008730158730158692
86        0.010249433106575955
87        0.02950113378684801
88        0.09761337868480705
89        0.2507284580498865
90        0.0031972789115646233
91        0.0013577097505668868
92        0.015819160997732423
93        0.0055810657596371905
94        0.0027749433106576023
95        0.005410997732426308
96        0.0014172335600906956
97        0.008013038548752835
98        0.01368764172335598
99        0.033857709750566845
100        0.08032879818594087
101        0.006695011337868487
102        0.002585034013605445
103        0.016757369614512463
104        0.006391723356009081
105        0.002582199546485263
106        0.003248299319727889
107        0.002678571428571433
108        0.009214852607709743
109        0.015549886621315151
110        0.04240929705215409
111        0.061493764172335465
112        0.004478458049886629
113        0.0014455782312925102
114        0.018466553287981836
115        0.0075538548752834495
116        0.005127551020408183
117        0.00575680272108844
118        0.0014625850340135988
119        0.010425170068027182
120        0.01683106575963715
121        0.03865646258503389
122        0.10183956916099754
123        0.3354846938775513
124        0.005422335600907031
125        0.002500000000000003
126        0.016227324263038544
127        0.004957482993197289
128        0.0026445578231292523
129        0.002857142857142855
130        0.0024858276643990986
131        0.008276643990929691
132        0.021570294784580443
133        0.039027777777777696
134        0.12668367346938753
135        0.3341836734693878
136        0.004693877551020411
137        0.0026729024943310652
138        0.011635487528344661
139        0.008455215419501099
140        0.0013407029478457978
141        0.0055045351473923
142        0.002474489795918364
143        0.002848639455782311
144        0.014841269841269806
145        0.041193310657596245
146        0.09926870748299305
147        0.3298497732426302
148        0.007531179138321981
149        0.0038236961451247236
150        0.018752834467120172
151        0.0038690476190476157
152        0.0026870748299319745
153        0.003095238095238092
154        0.003956916099773258
155        0.01482426303854871
156        0.011808390022675721
157        0.03636621315192738
158        0.10914682539682515
159        0.3329988662131517
160        0.005796485260770983
161        0.001431405895691603
162        0.025096371882086174
163        0.011136621315192706
164        0.002576530612244902
165        0.004195011337868489
166        0.0036536281179138305
167        0.013965419501133738
168        0.013486394557823113
169        0.04092687074829921
170        0.10434807256235815
171        0.3286451247165533
172        0.011831065759637159
173        0.0024574829931972857
174        0.023630952380952384
175        0.004427437641723356
176        0.002440476190476196
177        0.010405328798185917
178        0.0012755102040816271
179        0.01145408163265302
180        0.013801020408163257
181        0.0314058956916099
182        0.1057397959183671
183        0.33493764172335616
184        0.009212018140589532
185        0.002531179138321999
186        0.016989795918367308
187        0.003988095238095233
188        0.0013662131519274307
189        0.008985260770975036
190        0.002678571428571423
191        0.00892290249433102
192        0.008341836734693863
193        0.023585600907029405
194        0.10149659863945562
195        0.33457482993197263
196        0.08689625850340126
197        0.030496031746031608
198        0.19511337868480708
199        0.10895124716553277
200        0.12556972789115642
201        0.09009353741496584
202        0.09866496598639439
203        0.10299036281179129
204        0.05374433106575958
205        0.06413548752834447
206        0.0165901360544217
207        0.18281462585034028
208        0.025609410430838916
209        0.013934240362811729
210        0.0361592970521541
211        0.04001700680272101
212        0.024869614512471595
213        0.02241213151927432
214        0.030065192743764062
215        0.024257369614512372
216        0.016533446712018052
217        0.010762471655328773
218        0.003463718820861678
219        0.08776077097505651
220        0.08374149659863932
221        0.037128684807256125
222        0.024019274376417155
223        0.08250283446712002
224        0.0256519274376416
225        0.1951870748299319
226        0.11235544217687062
227        0.12114512471655321
228        0.09699546485260761
229        0.10492913832199521
230        0.1169784580498865
231        0.0421995464852607
232        0.05650226757369596
233        0.029917800453514626
234        0.17803287981859428
235        0.027868480725623465
236        0.00862244897959178
237        0.033219954648526014
238        0.04651360544217681
239        0.029308390022675653
240        0.021043083900226658
241        0.03668650793650785
242        0.019472789115646177
243        0.01559523809523802
244        0.01775510204081628
245        0.0067942176870748276
246        0.08716836734693865
247        0.0916184807256235
248        0.02396258503401354
249        0.023392857142857076
250        0.04018990929705213
251        0.012080498866213112
252        0.00638888888888891
253        0.05498866213151924
254        0.030864512471655267
255        0.03562074829931968
256        0.01661564625850332
257        0.024855442176870756
258        0.020260770975056606
259        0.07100623582766444
260        0.007465986394557819
261        0.017579365079365007
262        0.006094104308390045
263        0.068562925170068
264        0.02542233560090697
265        0.007709750566893416
266        0.0022052154195011334
267        0.0071513605442176924
268        0.009203514739229018
269        0.006040249433106587
270        0.005136054421768713
271        0.0063803854875283525
272        0.010751133786848045
273        0.003514739229024942
274        0.0034552154195011298
275        0.0014654195011337796
276        0.019126984126984072
277        0.020660430839002212
278        0.006581632653061233
279        0.007857142857142842
280        0.0464342403628118
281        0.013843537414965945
282        0.0031944444444444472
283        0.05276927437641717
284        0.020374149659863883
285        0.038857709750566814
286        0.016831065759637158
287        0.025121882086167814
288        0.020663265306122357
289        0.0887414965986394
290        0.010017006802721082
291        0.016298185941043025
292        0.006335034013605463
293        0.06818027210884345
294        0.01679421768707476
295        0.00711734693877551
296        0.0030980725623582766
297        0.006428571428571433
298        0.010042517006802677
299        0.00867063492063492
300        0.003897392290249432
301        0.008698979591836716
302        0.008358843537414961
303        0.003650793650793656
304        0.0042375283446712065
305        0.003211451247165528
306        0.022273242630385406
307        0.02248582766439901
308        0.00831065759637187
309        0.007491496598639453
310        0.048866213151927414
311        0.025691609977324163
312        0.008630952380952376
313        0.05166099773242627
314        0.02477040816326525
315        0.027641723356009028
316        0.019314058956916052
317        0.019214852607709762
318        0.027043650793650703
319        0.07629818594104304
320        0.012987528344671196
321        0.016077097505668873
322        0.009750566893424033
323        0.05964002267573701
324        0.022993197278911498
325        0.006862244897959188
326        0.0020634920634920594
327        0.010113378684807198
328        0.00892006802721086
329        0.010076530612244889
330        0.0070323129251700705
331        0.009617346938775485
332        0.003123582766439906
333        0.0057284580498866205
334        0.005206916099773241
335        0.0019501133786848006
336        0.01698129251700676
337        0.011014739229024923
338        0.008630952380952382
339        0.0067545351473922936
340        0.04934807256235828
341        0.017990362811791304
342        0.00604024943310658
343        0.04792517006802719
344        0.028630952380952302
345        0.026420068027210815
346        0.018100907029478377
347        0.020578231292517013
348        0.027735260770974945
349        0.0809438775510204
350        0.010691609977324245
351        0.011306689342403592
352        0.00909580498866213
353        0.06359126984126984
354        0.021972789115646187
355        0.006147959183673481
356        0.0033078231292516936
357        0.006119614512471664
358        0.009027777777777773
359        0.014248866213151879
360        0.006405895691609984
361        0.011465419501133734
362        0.006028911564625865
363        0.005632086167800464
364        0.004985827664399094
365        0.0015589569160997657
366        0.01891439909297044
367        0.02238378684807249
368        0.006944444444444449
369        0.004781746031746034
370        0.05257369614512472
371        0.014433106575963679
372        0.006536281179138342
373        0.052797619047618996
374        0.030408163265306046
375        0.03156462585034007
376        0.018857709750566855
377        0.01808106575963719
378        0.024563492063491996
379        0.09570011337868482
380        0.009478458049886613
381        0.021479591836734587
382        0.010102040816326503
383        0.06254818594104312
384        0.019503968253968173
385        0.005844671201814072
386        0.005192743764172342
387        0.009523809523809514
388        0.008698979591836726
389        0.01083333333333331
390        0.006496598639455793
391        0.006621315192743769
392        0.004373582766439915
393        0.005521541950113388
394        0.006057256235827675
395        0.002111678004535136
396        0.01701247165532876
397        0.020467687074829856
398        0.008523242630385477
399        0.005459183673469393
400        0.044135487528344675
401        0.015405328798185881
402        0.0070209750566893525
403        0.049835600907029404
404        0.02032879818594097
405        0.026335034013605364
406        0.018789682539682485
407        0.02131802721088435
408        0.02199829931972781
409        0.0878231292517007
410        0.00961451247165532
411        0.0124971655328798
412        0.004180839002267579
413        0.07430839002267572
414        0.022627551020408112
415        0.006635487528344685
416        0.004600340136054447
417        0.009705215419501116
418        0.006454081632653067
419        0.011329365079365048
420        0.0064455782312925185
421        0.008591269841269816
422        0.003319160997732424
423        0.00385204081632654
424        0.006278344671201823
425        0.0018990929705215342
426        0.01556405895691604
427        0.026513605442176815
428        0.0069019274376417306
429        0.006986961451247164
430        0.1662868480725623
431        0.06837868480725612
432        0.015249433106575871
433        0.18329365079365065
434        0.08959183673469379
435        0.13539682539682527
436        0.03622732426303846
437        0.06927437641723339
438        0.07793083900226742
439        0.022276077097505655
440        0.06039399092970506
441        0.020946712018140478
442        0.20949546485260767
443        0.07384070294784563
444        0.02067176870748288
445        0.006961451247165534
446        0.0184183673469387
447        0.01861678004535144
448        0.026626984126984037
449        0.013908730158730105
450        0.022786281179138237
451        0.009999999999999969
452        0.005975056689342412
453        0.01316609977324261
454        0.007905328798185922
455        0.062431972789115484
456        0.054070294784580364
457        0.02007369614512464
458        0.01698129251700672
459        0.1721626984126982
460        0.053234126984126856
461        0.01901643990929691
462        0.1717091836734693
463        0.09287981859410416
464        0.12467970521541943
465        0.08219387755102026
466        0.071235827664399
467        0.06639739229024927
468        0.029722222222222237
469        0.05518990929705198
470        0.010884353741496539
471        0.21797335600907056
472        0.07097789115646247
473        0.030671768707482876
474        0.007361111111111118
475        0.017103174603174492
476        0.015637755102040737
477        0.0302919501133786
478        0.02109126984126975
479        0.031573129251700596
480        0.01668367346938769
481        0.010138888888888843
482        0.008197278911564616
483        0.003973922902494338
484        0.07126417233560074
485        0.07484693877551003
486        0.01643990929705208
487        0.024560657596371775
488        0.03993197278911563
489        0.014393424036281112
490        0.0024234693877551003
491        0.06774943310657579
492        0.031587301587301525
493        0.04532312925170059
494        0.02081916099773239
495        0.021040249433106572
496        0.021204648526077032
497        0.018993764172335486
498        0.012477324263038537
499        0.022276077097505613
500        0.007363945578231277
501        0.18587585034013615
502        0.015901360544217612
503        0.007647392290249443
504        0.0030243764172335603
505        0.003747165532879819
506        0.009390589569160978
507        0.007593537414965978
508        0.004322562358276648
509        0.008724489795918328
510        0.005425170068027218
511        0.022250566893423973
512        0.003353174603174599
513        0.004863945578231288
514        0.0017205215419501044
515        0.01725056689342399
516        0.027131519274376348
517        0.009152494331065717
518        0.008163265306122457
519        0.056400226757369595
520        0.011720521541950068
521        0.003324829931972797
522        0.0594104308390021
523        0.030082199546485208
524        0.057789115646258424
525        0.023268140589569133
526        0.021865079365079376
527        0.02208333333333325
528        0.015215419501133762
529        0.009053287981859401
530        0.020586734693877482
531        0.008701814058956906
532        0.1741723356009071
533        0.012239229024943269
534        0.009863945578231274
535        0.001969954648526073
536        0.005297619047619059
537        0.0119444444444444
538        0.008032879818594092
539        0.007012471655328807
540        0.008441043083900207
541        0.004271541950113383
542        0.015096371882086087
543        0.005799319727891173
544        0.0037301587301587333
545        0.0016156462585033933
546        0.0182114512471655
547        0.025986394557823048
548        0.012519841269841238
549        0.007902494331065742
550        0.159705215419501
551        0.04866213151927424
552        0.01380385487528344
553        0.17958616780045336
554        0.09689342403628101
555        0.08952947845804979
556        0.07385770975056677
557        0.06306972789115636
558        0.06060090702947831
559        0.03332482993197277
560        0.045498866213151794
561        0.01666383219954639
562        0.17733276643990944
563        0.056927437641723234
564        0.01976757369614503
565        0.009761904761904718
566        0.020549886621315114
567        0.03016156462585027
568        0.02990929705215411
569        0.01676870748299315
570        0.024829931972789054
571        0.015751133786848007
572        0.010447845804988639
573        0.012488662131519251
574        0.004886621315192754
575        0.06356859410430826
576        0.06782879818594091
577        0.023137755102040747
578        0.01507936507936502
579        0.17268424036281163
580        0.0626558956916098
581        0.02041099773242621
582        0.21174036281179126
583        0.10803287981859398
584        0.12276360544217671
585        0.05594104308390014
586        0.07850340136054393
587        0.15330215419501123
588        0.0401218820861677
589        0.022760770975056688
590        0.07233843537414951
591        0.020637755102040693
592        0.22845804988662144
593        0.021947278911564533
594        0.014396258503401305
595        0.019481292517006737
596        0.0245975056689342
597        0.029152494331065662
598        0.015039682539682483
599        0.027429138321995398
600        0.015272108843537356
601        0.009682539682539638
602        0.017919501133786746
603        0.0034155328798185984
604        0.06612528344671185
605        0.08342970521541936
606        0.02736961451247158
607        0.023506235827664326
608        0.1570351473922901
609        0.06372732426303841
610        0.01200113378684803
611        0.17374999999999982
612        0.09068310657596357
613        0.10738095238095224
614        0.05471088435374142
615        0.07056972789115633
616        0.06905328798185928
617        0.02352324263038547
618        0.06340136054421751
619        0.013528911564625814
620        0.2225255102040814
621        0.07877834467120166
622        0.020507369614512425
623        0.00936791383219953
624        0.0225963718820861
625        0.02544784580498861
626        0.035068027210884235
627        0.014010770975056633
628        0.02385204081632644
629        0.015819160997732357
630        0.02013605442176863
631        0.013185941043083887
632        0.002114512471655322
633        0.08704648526077077
634        0.06884637188208599
635        0.029294217687074752
636        0.014781746031746005
637        0.1048526077097504
638        0.03372448979591822
639        0.22546201814058955
640        0.1661054421768707
641        0.1618650793650793
642        0.13566893424036258
643        0.15258786848072523
644        0.07772675736961436
645        0.11000283446712009
646        0.06443310657596363
647        0.0759665532879817
648        0.02651077097505655
649        0.22322845804988645
650        0.10887188208616766
651        0.04001133786848062
652        0.012919501133786794
653        0.046907596371881966
654        0.04226473922902488
655        0.05742346938775498
656        0.025263605442176776
657        0.0428202947845804
658        0.0354903628117913
659        0.022131519274376326
660        0.018806689342403538
661        0.005138888888888886
662        0.1357312925170067
663        0.09635487528344656
664        0.04709183673469377
665        0.04282879818594094
666        0.16875283446712025
667        0.17889455782312932
668        0.17405895691609988
669        0.16879535147392297
670        0.16744897959183683
671        0.17774659863945586
672        0.1532653061224491
673        0.1729875283446713
674        0.1738520408163266
675        0.21733843537414965
676        0.2392573696145124
677        0.23056405895691598
678        0.22950396825396813
679        0.23590136054421734
680        0.22501417233560067
681        0.22838151927437628
682        0.24235827664399087
683        0.2145663265306121
684        0.06583049886621312
685        0.06695578231292516
686        0.06838151927437643
687        0.06548469387755099
688        0.0687074829931973
689        0.06636337868480727
690        0.06314342403628122
691        0.06362244897959182
692        0.3334750566893426
693        0.33295634920634926
694        0.33469104308390063
695        0.33376417233560124
696        0.33145124716553287
697        0.33376417233560124
698        0.3360799319727889
699        0.3336196145124719
700        0.3389795918367348
701        0.33347789115646276
702        0.33319444444444457
703        0.3268622448979593
704        0.10824263038548738
705        0.04141156462585018
706        0.10093253968253954
707        0.03924886621315178
708        0.11231575963718811
709        0.05511621315192727
710        0.09060657596371867
711        0.044339569160997586
712        0.09977040816326516
713        0.029053287981859296
714        0.09398242630385475
715        0.036607142857142706
716        0.3272023809523811
717        0.3320776643990933
718        0.3260345804988666
719        0.32229875283446735
720        0.32450396825396804
721        0.3273554421768709
722        0.33040816326530625
723        0.3269075963718824
724        0.0877692743764172
725        0.07599773242630391
726        0.08751700680272106
727        0.08115929705215418
728        0.06773526077097501
729        0.08021258503401363
730        0.08652210884353745
731        0.09978741496598642
732        0.32877267573696123
733        0.32500283446712047
734        0.3242403628117916
735        0.32813775510204074
736        0.3350396825396825
737        0.32554138321995446
738        0.33197278911564626
739        0.3350680272108844
740        0.33771825396825406
741        0.33465136054421807
742        0.328761337868481
743        0.3308900226757373
744        0.3379733560090703
745        0.34082482993197305
746        0.33249716553287956
747        0.3392006802721088
748        0.33670918367346997
749        0.33286848072562364
750        0.3301530612244897
751        0.33378684807256237
752        0.3356632653061228
753        0.3340702947845806
754        0.3321513605442176
755        0.3292687074829932
756        0.32958616780045347
757        0.31456632653061234
758        0.30597789115646257
759        0.29689058956916087
760        0.2916184807256237
761        0.33906746031746043
762        0.3320124716553286
763        0.33276077097505646
764        0.3327494331065761
765        0.33452947845805
766        0.3318424036281181
767        0.337451814058957
768        0.3357681405895692
769        0.3297052154195013
770        0.33619897959183676
771        0.3358304988662134
772        0.33713435374149664
773        0.3303231292517009
774        0.2723979591836735
775        0.33371598639455763
776        0.25042800453514746
777        0.25425453514739227
778        0.33528628117913833
779        0.25612811791383205
780        0.3364965986394561
781        0.2495804988662132
782        0.26897392290249406
783        0.3308248299319731
784        0.3334807256235829
785        0.3340277777777773
786        0.3377579365079362
787        0.3323015873015875
788        0.3295634920634923
789        0.32999433106575965
790        0.33066893424036264
791        0.337465986394558
792        0.3334608843537418
793        0.33533446712018145
794        0.3345011337868485
795        0.11622165532879812
796        0.10839285714285704
797        0.10999149659863927
798        0.33422335600907044
799        0.33426587301587307
800        0.3331632653061226
801        0.3350056689342404
802        0.3321088435374151
803        0.33842687074829947
804        0.3329506802721088
805        0.3315192743764172
806        0.332672902494331
807        0.33273809523809544
808        0.3345153061224491
809        0.33656179138321995
810        0.33092687074829946
811        0.33028911564625857
812        0.33475056689342403
813        0.33059523809523805
814        0.33271825396825416
815        0.2756179138321995
816        0.3337329931972789
817        0.14264172335600891
818        0.16211167800453505
819        0.19313775510204073
820        0.33481575963718824
821        0.2598157596371882
822        0.33232426303854884
823        0.3306065759637186
824        0.2801303854875284
825        0.33582482993197327
826        0.33168934240362813
827        0.32386904761904756
828        0.3343594104308392
829        0.0912726757369613
830        0.10648526077097491
831        0.03095804988662118
832        0.03172902494331053
833        0.08704931972789103
834        0.09128401360544199
835        0.02696145124716539
836        0.028387188208616642
837        0.07390873015872995
838        0.026493764172335448
839        0.3369812925170071
840        0.3332511337868479
841        0.33968253968253975
842        0.33128684807256237
843        0.32863095238095236
844        0.33425736961451263
845        0.23216553287981853
846        0.06969954648526058
847        0.02797619047619033
848        0.33549603174603176
849        0.33123866213151965
850        0.3300651927437643
851        0.3335770975056693
852        0.33225623582766467
853        0.3311989795918369
854        0.3320691609977325
855        0.33071712018140603
856        0.20757936507936497
857        0.20943027210884346
858        0.020153061224489753
859        0.025379818594104257
860        0.03448129251700671
861        0.019243197278911543
862        0.07259920634920619
863        0.027678571428571375
864        0.03314909297052146
865        0.03933956916099761
866        0.09892857142857146
867        0.07975907029478443
868        0.10048469387755093
869        0.065688775510204
870        0.2404166666666666
871        0.235671768707483
872        0.23429138321995466
873        0.12006235827664376
874        0.10507086167800445
875        0.16415532879818576
876        0.15397108843537402
877        0.21132653061224474
878        0.20569160997732416
879        0.09128968253968262
880        0.08407312925170067
881        0.08206916099773244
882        0.07757086167800448
883        0.28520124716553286
884        0.3063747165532879
885        0.2889002267573696
886        0.2792318594104306
887        0.2822675736961451
888        0.2863718820861679
889        0.2679280045351473
890        0.2936451247165532
891        0.25239512471655323
892        0.3248327664399092
893        0.2806292517006801
894        0.31748866213151905
895        0.27627834467120155
896        0.3143905895691611
897        0.2595351473922903
898        0.31635770975056693
899        0.2707738095238096
900        0.3254166666666666
901        0.27505102040816315
902        0.14550736961451227
903        0.0903089569160996
904        0.04276643990929695
905        0.044370748299319515
906        0.09399659863945557
907        0.07663832199546472
908        0.046417233560090525
909        0.05573412698412678
910        0.09297902494331046
911        0.06901927437641701
912        0.09615929705215404
913        0.11688775510204055
914        0.053021541950113237
915        0.05567176870748287
916        0.1251473922902493
917        0.1130980725623581
918        0.0751360544217686
919        0.11500283446712
920        0.1236961451247164
921        0.07657029478458031
922        0.10354591836734685
923        0.12113662131519258
924        0.04765022675736946
925        0.32901927437641726
926        0.31352607709750585
927        0.3194501133786847
928        0.3221485260770978
929        0.3186933106575963
930        0.3177324263038552
931        0.3090504535147391
932        0.30856575963718863
933        0.3066014739229027
934        0.3149263038548755
935        0.32364512471655354
936        0.31941326530612263
937        0.3104648526077096
938        0.3124433106575964
939        0.3122874149659865
940        0.30600623582766445
941        0.31298469387755107
942        0.3098242630385488
943        0.31613095238095235
944        0.30943877551020377
945        0.3164597505668934
946        0.3189625850340138
947        0.3157624716553285
948        0.3088236961451246
949        0.3102097505668933
950        0.3290221088435378
951        0.3196853741496598
952        0.31417233560090707
953        0.31267006802721103
954        0.3115702947845806
955        0.07478174603174599
956        0.09441893424036267
957        0.09401643990929698
958        0.08177154195011332
959        0.1568792517006801
960        0.04746882086167794
961        0.022928004535147352
962        0.019010770975056678
963        0.019767573696145097
964        0.006720521541950113
965        0.00676303854875283
966        0.006743197278911561
967        0.006629818594104306
968        0.005272108843537412
969        0.005362811791383217
970        0.004288548752834464
971        0.0031632653061224435
972        0.0039427437641723325
973        0.0041241496598639375
974        0.003747165532879814
975        0.002967687074829929
976        0.003860544217687073
977        0.004246031746031739
978        0.003925736961451242
979        0.0033985260770975066
980        0.004713718820861676
981        0.004804421768707477
982        0.00482993197278911
983        0.004379251700680269
984        0.0034722222222222203
985        0.004467120181405894
986        0.005348639455782312
987        0.005218253968253964
988        0.005167233560090698
989        0.005124716553287977
990        0.004095804988662128
991        0.0026417233560090663
992        0.12597789115646243
993        0.14217687074829907
994        0.049263038548752705
995        0.016026077097505653
996        0.020175736961451227
997        0.01669217687074828
998        0.003049886621315189
999        0.008049886621315186
1000        0.006873582766439903
1001        0.007590702947845796
1002        0.00577380952380952
1003        0.005317460317460314
1004        0.004662698412698408
1005        0.003239795918367344
1006        0.003937074829931967
1007        0.004090136054421759
1008        0.003990929705215415
1009        0.0034155328798185923
1010        0.0041468253968253875
1011        0.0042460317460317355
1012        0.004149659863945574
1013        0.0027919501133786798
1014        0.004362244897959182
1015        0.004685374149659857
1016        0.004489795918367339
1017        0.004115646258503398
1018        0.003168934240362809
1019        0.004418934240362806
1020        0.0050226757369614475
1021        0.005600907029478455
1022        0.005252267573696142
1023        0.004965986394557821
1024        0.0043395691609977305
1025        0.0026133786848072543
1026        0.3122108843537416
1027        0.319518140589569
1028        0.3239682539682539
1029        0.3175340136054425
1030        0.30677437641723376
1031        0.3119869614512474
1032        0.32008786848072557
1033        0.3096428571428573
1034        0.3209410430839001
1035        0.31248582766439936
1036        0.3134892290249435
1037        0.32378684807256247
1038        0.31828231292516995
1039        0.31814342403628115
1040        0.3091241496598641
1041        0.3118480725623583
1042        0.31904478458049873
1043        0.31967687074829937
1044        0.3156916099773243
1045        0.3215787981859411
1046        0.3160657596371879
1047        0.32027494331065753
1048        0.3272789115646259
1049        0.3168197278911564
1050        0.3170804988662129
1051        0.32156462585034074
1052        0.16754251700680253
1053        0.3108163265306125
1054        0.3222278911564626
1055        0.3082369614512474
1056        0.32274943310657617
1057        0.32068310657596355
1058        0.3166808390022676
1059        0.3113973922902493
1060        0.3185969387755101
1061        0.3194132653061225
1062        0.32030895691609995
1063        0.3134778911564628
1064        0.321187641723356
1065        0.3167318594104308
1066        0.3285997732426304
1067        0.3154251700680272
1068        0.31480442176870754
1069        0.3141071428571426
1070        0.3139370748299321
1071        0.3042687074829931
1072        0.31455782312925146
1073        0.31472505668934225
1074        0.31724489795918376
1075        0.31451247165532886
1076        0.3160487528344672
1077        0.3108333333333331
1078        0.32194160997732446
1079        0.3210119047619047
1080        0.31774092970521534
1081        0.3081575963718822
1082        0.31973639455782293
1083        0.3221343537414965
1084        0.3069246031746033
1085        0.32000566893424026
1086        0.3156094104308388
1087        0.3140221088435376
1088        0.3154676870748301
1089        0.31712868480725626
1090        0.318625283446712
1091        0.30573696145124724
1092        0.31941043083900217
1093        0.3155130385487528
1094        0.3173157596371883
1095        0.032548185941042966
1096        0.08077097505668915
1097        0.25297335600906995
1098        0.08630385487528326
1099        0.08404478458049866
1100        0.058001700680271974
1101        0.050464852607709644
1102        0.017959183673469294
1103        0.007157029478458036
1104        0.16318594104308373
1105        0.15206065759637177
1106        0.14917517006802702
1107        0.31556972789115645
1108        0.31800736961451276
1109        0.31204648526077106
1110        0.3154109977324262
1111        0.030252267573696076
1112        0.12713151927437621
1113        0.11361111111111093
1114        0.10401360544217664
1115        0.31372165532879837
1116        0.31811791383219956
1117        0.22985544217687073
1118        0.10692743764172323
1119        0.07339569160997719
1120        0.10754251700680262
1121        0.05627551020408146
1122        0.17657596371882073
1123        0.11798469387755091
1124        0.09149659863945563
1125        0.10831632653061209
1126        0.015240929705215366
1127        0.006405895691609958
1128        0.003319160997732425
1129        0.0023469387755101993
1130        0.0029195011337868463
1131        0.0047590702947845846
1132        0.003837868480725626
1133        0.003330498866213147
1134        0.0020068027210884297
1135        0.0035289115646258496
1136        0.004685374149659857
1137        0.004931972789115657
1138        0.0010912698412698367
1139        0.15817460317460302
1140        0.1856547619047617
1141        0.14969671201814044
1142        0.18685657596371874
1143        0.20961734693877523
1144        0.15740079365079343
1145        0.1638973922902492
1146        0.15838435374149643
1147        0.1594217687074829
1148        0.20901927437641712
1149        0.2223894557823127
1150        0.2068679138321995
1151        0.22161564625850333
1152        0.21751700680272099
1153        0.19687925170068019
1154        0.2024801587301585
1155        0.07477040816326515
1156        0.13772392290249416
1157        0.07845238095238077
1158        0.09296485260770959
1159        0.11911564625850316
1160        0.09285147392290231
1161        0.0011082766439909262
1162        0.05948412698412689
1163        0.21458333333333318
1164        0.19477040816326507
1165        0.19010487528344655
1166        0.05390589569160981
1167        0.0771712018140588
1168        0.02384070294784573
1169        0.0073072562358276714
1170        0.0051218820861678145
1171        0.006867913832199551
1172        0.0012811791383219905
1173        0.29199829931972787
1174        0.17192176870748302
1175        0.2831831065759637
1176        0.2788803854875284
