1        0.105451807229
2        0.104412650602
3        0.0865813253012
4        0.192740963855
5        0.0922740963855
6        0.106927710843
7        0.111129518072
8        0.419322289157
9        0.0460391566265
10        0.0278765060241
11        0.0167771084337
12        0.0218825301205
13        0.116490963855
14        0.0208885542169
15        0.0152259036145
16        0.0856475903614
17        0.0363855421687
18        0.0181626506024
19        0.0380572289157
20        0.0281475903614
21        0.00981927710843
22        0.0655271084337
23        0.0872590361446
24        0.100421686747
25        0.0609939759036
26        0.199126506024
27        0.0868373493976
28        0.0782680722892
29        0.153162650602
30        0.0912198795181
31        0.0659036144578
32        0.03625
33        0.134939759036
34        0.0873644578313
35        0.0872439759036
36        0.121265060241
37        0.0969277108434
38        0.104804216867
39        0.243960843373
40        0.269668674699
41        0.202454819277
42        0.101009036145
43        0.0943975903614
44        0.0775753012048
45        0.486927710843
46        0.36921686747
47        0.530948795181
48        0.1875
49        0.215301204819
50        0.393102409639
51        0.263674698795
52        0.108358433735
53        0.277439759036
54        0.33031626506
55        0.342740963855
56        0.306837349398
57        0.181280120482
58        0.351415662651
59        0.378418674699
60        0.293027108434
61        0.282003012048
62        0.395858433735
63        0.349578313253
64        0.155707831325
65        0.523313253012
66        0.17313253012
67        0.532484939759
68        0.359819277108
69        0.213298192771
70        0.18593373494
71        0.320753012048
72        0.405587349398
73        0.263629518072
74        0.262228915663
75        0.331280120482
76        0.325436746988
77        0.289352409639
78        0.214864457831
79        0.164819277108
80        0.435090361446
81        0.307605421687
82        0.411521084337
83        0.466686746988
84        0.186295180723
85        0.250406626506
86        0.225542168675
87        0.140225903614
88        0.0955873493976
89        0.0989457831325
90        0.426355421687
91        0.513253012048
92        0.517846385542
93        0.262831325301
94        0.528524096386
95        0.507861445783
96        0.347560240964
97        0.13765060241
98        0.118945783133
99        0.410722891566
100        0.35156626506
101        0.49093373494
102        0.250240963855
103        0.12203313253
104        0.189081325301
105        0.230993975904
106        0.322228915663
107        0.117304216867
108        0.25421686747
109        0.528403614458
110        0.12968373494
111        0.354036144578
112        0.527334337349
113        0.157846385542
114        0.0755120481928
115        0.0974246987952
116        0.238614457831
117        0.11031626506
118        0.526490963855
119        0.522409638554
120        0.391280120482
121        0.0731927710843
122        0.0297138554217
123        0.52140060241
124        0.15015060241
125        0.487424698795
126        0.393087349398
127        0.260361445783
128        0.432093373494
129        0.349713855422
130        0.365858433735
131        0.528072289157
132        0.322575301205
133        0.487048192771
134        0.133509036145
135        0.0605120481928
136        0.284503012048
137        0.393463855422
138        0.200210843373
139        0.387725903614
140        0.332168674699
141        0.122665662651
142        0.483810240964
143        0.485722891566
144        0.527123493976
145        0.255045180723
146        0.527846385542
147        0.52656626506
148        0.276460843373
149        0.380090361446
150        0.52953313253
151        0.237831325301
152        0.528554216867
153        0.420045180723
154        0.215045180723
155        0.0901054216867
156        0.087936746988
157        0.425662650602
158        0.283734939759
159        0.528569277108
160        0.143403614458
161        0.524457831325
162        0.528885542169
163        0.265602409639
164        0.153042168675
165        0.104909638554
166        0.531370481928
167        0.532319277108
168        0.381475903614
169        0.493463855422
170        0.342108433735
171        0.0701054216867
172        0.525828313253
173        0.276641566265
174        0.52921686747
175        0.0873493975904
176        0.52984939759
177        0.526265060241
178        0.101144578313
179        0.528373493976
180        0.11563253012
181        0.37593373494
182        0.529804216867
183        0.518990963855
184        0.246912650602
185        0.095436746988
186        0.275512048193
187        0.0905271084337
188        0.0799096385542
189        0.512756024096
190        0.252213855422
191        0.283463855422
192        0.428042168675
193        0.100542168675
194        0.0922439759036
195        0.125858433735
196        0.0786897590361
197        0.508072289157
198        0.46313253012
199        0.154081325301
200        0.0663855421687
201        0.529021084337
202        0.505737951807
203        0.527243975904
204        0.366009036145
205        0.129472891566
206        0.321957831325
207        0.102906626506
208        0.090406626506
209        0.158674698795
210        0.114111445783
211        0.0773042168675
212        0.515888554217
213        0.480753012048
214        0.182786144578
215        0.229457831325
216        0.510240963855
217        0.52796686747
218        0.489352409639
219        0.529834337349
220        0.175075301205
221        0.53296686747
222        0.438990963855
223        0.174698795181
224        0.262786144578
225        0.490015060241
226        0.172454819277
227        0.105481927711
228        0.0939156626506
229        0.378192771084
230        0.529201807229
231        0.0962951807229
232        0.530376506024
233        0.520888554217
234        0.192439759036
235        0.192515060241
236        0.0951355421687
237        0.292259036145
238        0.0932379518072
239        0.43375
240        0.402876506024
241        0.0902710843373
242        0.359051204819
243        0.24515060241
244        0.110135542169
245        0.495587349398
246        0.515903614458
247        0.104864457831
248        0.529879518072
249        0.408102409639
250        0.482289156627
251        0.338855421687
252        0.296084337349
253        0.520045180723
254        0.354442771084
255        0.530843373494
256        0.477710843373
257        0.0985692771084
258        0.529789156627
259        0.274713855422
260        0.469081325301
261        0.530391566265
262        0.465210843373
263        0.528358433735
264        0.0987048192771
265        0.112018072289
266        0.352680722892
267        0.337409638554
268        0.0803915662651
269        0.0815361445783
270        0.142605421687
271        0.381536144578
272        0.275707831325
273        0.508087349398
274        0.474563253012
275        0.358343373494
276        0.49859939759
277        0.0877409638554
278        0.0719578313253
279        0.0951807228916
280        0.0998493975904
281        0.423298192771
282        0.0890512048193
283        0.376355421687
284        0.516355421687
285        0.103162650602
286        0.442771084337
287        0.315015060241
288        0.504292168675
289        0.0950301204819
290        0.169337349398
291        0.0931475903614
292        0.528373493976
293        0.529352409639
294        0.0928915662651
295        0.177545180723
296        0.526957831325
297        0.519774096386
298        0.393659638554
299        0.529111445783
300        0.426069277108
301        0.528177710843
302        0.238524096386
303        0.229638554217
304        0.117259036145
305        0.509081325301
306        0.525798192771
307        0.5275
308        0.337590361446
309        0.18171686747
310        0.524743975904
311        0.528328313253
312        0.153072289157
313        0.496731927711
314        0.163870481928
315        0.164322289157
316        0.346897590361
317        0.152138554217
318        0.279051204819
319        0.131159638554
320        0.266280120482
321        0.503102409639
322        0.421355421687
323        0.0800451807229
324        0.254623493976
325        0.397981927711
326        0.0894126506024
327        0.0264909638554
328        0.0232228915663
329        0.0904819277108
330        0.028313253012
331        0.19453313253
332        0.0145331325301
