1        0.594141566265
2        0.573930722892
3        0.428253012048
4        0.686942771084
5        0.38938253012
6        0.560331325301
7        0.588207831325
8        0.793253012048
9        0.441460843373
10        0.34203313253
11        0.386912650602
12        0.311686746988
13        0.568825301205
14        0.21390060241
15        0.190045180723
16        0.403584337349
17        0.365873493976
18        0.199412650602
19        0.321069277108
20        0.350256024096
21        0.234352409639
22        0.367168674699
23        0.425
24        0.425527108434
25        0.261054216867
26        0.718975903614
27        0.302936746988
28        0.534653614458
29        0.612078313253
30        0.45186746988
31        0.47593373494
32        0.354021084337
33        0.609081325301
34        0.431521084337
35        0.506611445783
36        0.57343373494
37        0.46640060241
38        0.475888554217
39        0.630542168675
40        0.781641566265
41        0.607108433735
42        0.367515060241
43        0.333147590361
44        0.339939759036
45        0.793855421687
46        0.77796686747
47        0.791310240964
48        0.586129518072
49        0.66531626506
50        0.78328313253
51        0.729126506024
52        0.345436746988
53        0.735105421687
54        0.778057228916
55        0.788222891566
56        0.766551204819
57        0.708659638554
58        0.778012048193
59        0.78703313253
60        0.77046686747
61        0.749548192771
62        0.791129518072
63        0.789171686747
64        0.588057228916
65        0.792545180723
66        0.678629518072
67        0.793614457831
68        0.759548192771
69        0.68313253012
70        0.623313253012
71        0.775421686747
72        0.780421686747
73        0.736897590361
74        0.750165662651
75        0.776114457831
76        0.752665662651
77        0.721310240964
78        0.618162650602
79        0.642379518072
80        0.782048192771
81        0.736942771084
82        0.787710843373
83        0.785993975904
84        0.570918674699
85        0.719939759036
86        0.645165662651
87        0.653388554217
88        0.354081325301
89        0.271385542169
90        0.785602409639
91        0.790512048193
92        0.792454819277
93        0.702289156627
94        0.796024096386
95        0.789427710843
96        0.761144578313
97        0.611626506024
98        0.509096385542
99        0.78328313253
100        0.768087349398
101        0.790135542169
102        0.71078313253
103        0.465060240964
104        0.581204819277
105        0.648810240964
106        0.783373493976
107        0.518554216867
108        0.688253012048
109        0.792213855422
110        0.513945783133
111        0.777439759036
112        0.790301204819
113        0.530030120482
114        0.326807228916
115        0.433478915663
116        0.744352409639
117        0.263388554217
118        0.787876506024
119        0.789111445783
120        0.77609939759
121        0.374171686747
122        0.261189759036
123        0.793554216867
124        0.517771084337
125        0.790376506024
126        0.780903614458
127        0.723373493976
128        0.780256024096
129        0.721807228916
130        0.784743975904
131        0.789111445783
132        0.71313253012
133        0.786626506024
134        0.503042168675
135        0.327289156627
136        0.731912650602
137        0.790075301205
138        0.60921686747
139        0.76688253012
140        0.768885542169
141        0.542469879518
142        0.788659638554
143        0.78906626506
144        0.791551204819
145        0.706490963855
146        0.792364457831
147        0.789427710843
148        0.755512048193
149        0.768027108434
150        0.790647590361
151        0.721460843373
152        0.792876506024
153        0.777575301205
154        0.621340361446
155        0.455391566265
156        0.31578313253
157        0.78968373494
158        0.761445783133
159        0.78953313253
160        0.52375
161        0.790481927711
162        0.790271084337
163        0.652756024096
164        0.596746987952
165        0.335271084337
166        0.78906626506
167        0.792093373494
168        0.766596385542
169        0.791385542169
170        0.759894578313
171        0.528569277108
172        0.793012048193
173        0.689924698795
174        0.78906626506
175        0.318328313253
176        0.79171686747
177        0.792259036145
178        0.405677710843
179        0.794713855422
180        0.346385542169
181        0.771265060241
182        0.788584337349
183        0.78811746988
184        0.700376506024
185        0.361009036145
186        0.68125
187        0.396777108434
188        0.307906626506
189        0.791204819277
190        0.623268072289
191        0.736897590361
192        0.793463855422
193        0.342334337349
194        0.330346385542
195        0.449397590361
196        0.352545180723
197        0.789231927711
198        0.792740963855
199        0.590090361446
200        0.35796686747
201        0.788885542169
202        0.792198795181
203        0.790677710843
204        0.778087349398
205        0.574834337349
206        0.755120481928
207        0.446280120482
208        0.370481927711
209        0.544487951807
210        0.357003012048
211        0.379774096386
212        0.787936746988
213        0.783629518072
214        0.52593373494
215        0.670948795181
216        0.79046686747
217        0.79188253012
218        0.793268072289
219        0.790557228916
220        0.625843373494
221        0.791656626506
222        0.788734939759
223        0.567560240964
224        0.670391566265
225        0.789322289157
226        0.575542168675
227        0.358403614458
228        0.397063253012
229        0.77484939759
230        0.79171686747
231        0.405451807229
232        0.791581325301
233        0.79031626506
234        0.501234939759
235        0.58828313253
236        0.427635542169
237        0.732906626506
238        0.289021084337
239        0.784036144578
240        0.778795180723
241        0.360647590361
242        0.77484939759
243        0.682409638554
244        0.32218373494
245        0.792891566265
246        0.79203313253
247        0.347756024096
248        0.790843373494
249        0.790030120482
250        0.788945783133
251        0.778313253012
252        0.707786144578
253        0.791626506024
254        0.760045180723
255        0.789698795181
256        0.791987951807
257        0.377409638554
258        0.78875
259        0.700090361446
260        0.790165662651
261        0.788659638554
262        0.790120481928
263        0.789006024096
264        0.339337349398
265        0.369126506024
266        0.786521084337
267        0.761370481928
268        0.314277108434
269        0.446792168675
270        0.395376506024
271        0.787123493976
272        0.733915662651
273        0.789924698795
274        0.789864457831
275        0.772469879518
276        0.789759036145
277        0.389322289157
278        0.344021084337
279        0.38578313253
280        0.33561746988
281        0.788358433735
282        0.328644578313
283        0.794623493976
284        0.789307228916
285        0.326581325301
286        0.791521084337
287        0.753463855422
288        0.790798192771
289        0.336054216867
290        0.506746987952
291        0.331551204819
292        0.792364457831
293        0.787620481928
294        0.323478915663
295        0.550978915663
296        0.790436746988
297        0.79171686747
298        0.781114457831
299        0.790557228916
300        0.771430722892
301        0.791009036145
302        0.670677710843
303        0.644834337349
304        0.267831325301
305        0.789262048193
306        0.789021084337
307        0.792846385542
308        0.720903614458
309        0.582861445783
310        0.79109939759
311        0.791370481928
312        0.604653614458
313        0.791189759036
314        0.583493975904
315        0.579774096386
316        0.787891566265
317        0.684201807229
318        0.77156626506
319        0.661611445783
320        0.699111445783
321        0.789623493976
322        0.78015060241
323        0.351340361446
324        0.733539156627
325        0.788373493976
326        0.362876506024
327        0.209924698795
328        0.187891566265
329        0.287123493976
330        0.202786144578
331        0.540286144578
332        0.105542168675
