1        0.0177710843373
2        0.0217620481928
3        0.0117620481928
4        0.0389006024096
5        0.016234939759
6        0.0232078313253
7        0.0235542168675
8        0.145210843373
9        0.00417168674699
10        0.00614457831325
11        0.00504518072289
12        0.0040813253012
13        0.0159186746988
14        0.00475903614458
15        0.00338855421687
16        0.00977409638554
17        0.00402108433735
18        0.00344879518072
19        0.00390060240964
20        0.00539156626506
21        0.00331325301205
22        0.00504518072289
23        0.00844879518072
24        0.0132831325301
25        0.00475903614458
26        0.0268373493976
27        0.011265060241
28        0.0189457831325
29        0.0301807228916
30        0.0115813253012
31        0.00524096385542
32        0.00665662650602
33        0.0255572289157
34        0.0107228915663
35        0.0105421686747
36        0.017936746988
37        0.0183584337349
38        0.00864457831325
39        0.0511596385542
40        0.059563253012
41        0.0424397590361
42        0.0255572289157
43        0.0353012048193
44        0.0333584337349
45        0.146265060241
46        0.0747590361446
47        0.302575301205
48        0.0546837349398
49        0.030828313253
50        0.0942771084337
51        0.0629668674699
52        0.027484939759
53        0.0722289156627
54        0.0793524096386
55        0.0732078313253
56        0.0611897590361
57        0.0256927710843
58        0.08375
59        0.0807078313253
60        0.0756626506024
61        0.0370331325301
62        0.084563253012
63        0.0941415662651
64        0.0331475903614
65        0.261762048193
66        0.0308734939759
67        0.311701807229
68        0.0817469879518
69        0.0542018072289
70        0.0447289156627
71        0.0727409638554
72        0.111415662651
73        0.0533734939759
74        0.0514156626506
75        0.0885843373494
76        0.0794277108434
77        0.0465060240964
78        0.0440512048193
79        0.0507831325301
80        0.139171686747
81        0.0789759036145
82        0.109021084337
83        0.154954819277
84        0.0422289156627
85        0.0531927710843
86        0.0514608433735
87        0.0288554216867
88        0.0189759036145
89        0.0213554216867
90        0.134804216867
91        0.223674698795
92        0.245798192771
93        0.0444879518072
94        0.277108433735
95        0.245210843373
96        0.102108433735
97        0.0194277108434
98        0.0210843373494
99        0.160768072289
100        0.0747891566265
101        0.172334337349
102        0.0698192771084
103        0.0261295180723
104        0.0444578313253
105        0.0468975903614
106        0.088313253012
107        0.0309789156627
108        0.0524548192771
109        0.294051204819
110        0.0418674698795
111        0.105873493976
112        0.308463855422
113        0.0461295180723
114        0.0236445783133
115        0.0363102409639
116        0.0313704819277
117        0.0301957831325
118        0.318734939759
119        0.278915662651
120        0.115391566265
121        0.0157379518072
122        0.00777108433735
123        0.253885542169
124        0.0181325301205
125        0.186626506024
126        0.131069277108
127        0.0718072289157
128        0.15938253012
129        0.104186746988
130        0.0957680722892
131        0.287259036145
132        0.0759638554217
133        0.206972891566
134        0.0326355421687
135        0.00661144578313
136        0.0922289156627
137        0.113614457831
138        0.0369879518072
139        0.121460843373
140        0.0806777108434
141        0.0406626506024
142        0.158659638554
143        0.191551204819
144        0.307138554217
145        0.0598192771084
146        0.297831325301
147        0.301581325301
148        0.0587048192771
149        0.144231927711
150        0.301069277108
151        0.0428162650602
152        0.318177710843
153        0.131325301205
154        0.043734939759
155        0.0290060240964
156        0.0419578313253
157        0.137891566265
158        0.0680722891566
159        0.260120481928
160        0.0331024096386
161        0.268614457831
162        0.301641566265
163        0.0571837349398
164        0.0487951807229
165        0.0288403614458
166        0.305436746988
167        0.293087349398
168        0.131972891566
169        0.200677710843
170        0.0958885542169
171        0.0182680722892
172        0.282635542169
173        0.100753012048
174        0.302635542169
175        0.0117771084337
176        0.305707831325
177        0.296596385542
178        0.0139307228916
179        0.29046686747
180        0.0230572289157
181        0.130105421687
182        0.311852409639
183        0.217861445783
184        0.0803012048193
185        0.0171385542169
186        0.0630572289157
187        0.0261295180723
188        0.0138855421687
189        0.230135542169
190        0.0547891566265
191        0.110813253012
192        0.131641566265
193        0.0329819277108
194        0.0273493975904
195        0.0367469879518
196        0.0299096385542
197        0.193584337349
198        0.172153614458
199        0.0342018072289
200        0.0125753012048
201        0.308177710843
202        0.239472891566
203        0.24109939759
204        0.126445783133
205        0.0436144578313
206        0.0875451807229
207        0.0254969879518
208        0.0263855421687
209        0.0203012048193
210        0.021671686747
211        0.0279518072289
212        0.222334337349
213        0.160722891566
214        0.0568072289157
215        0.0643674698795
216        0.17828313253
217        0.305436746988
218        0.218734939759
219        0.290692771084
220        0.0497289156627
221        0.284819277108
222        0.169111445783
223        0.0440963855422
224        0.0588554216867
225        0.182981927711
226        0.0413704819277
227        0.0191265060241
228        0.0235692771084
229        0.0795331325301
230        0.308162650602
231        0.020015060241
232        0.286114457831
233        0.232108433735
234        0.0363704819277
235        0.0372138554217
236        0.026671686747
237        0.0901656626506
238        0.0235391566265
239        0.130662650602
240        0.140647590361
241        0.0270030120482
242        0.104578313253
243        0.04375
244        0.0210993975904
245        0.201837349398
246        0.24578313253
247        0.0184939759036
248        0.305692771084
249        0.135753012048
250        0.186897590361
251        0.102680722892
252        0.0739156626506
253        0.234909638554
254        0.085843373494
255        0.313057228916
256        0.202439759036
257        0.025828313253
258        0.292605421687
259        0.0602259036145
260        0.168719879518
261        0.315451807229
262        0.145120481928
263        0.287771084337
264        0.0281927710843
265        0.0240512048193
266        0.0768373493976
267        0.0846536144578
268        0.0317620481928
269        0.0187801204819
270        0.0294427710843
271        0.12031626506
272        0.0734036144578
273        0.197786144578
274        0.161295180723
275        0.0890963855422
276        0.208644578313
277        0.023313253012
278        0.0191415662651
279        0.0326506024096
280        0.0428313253012
281        0.122063253012
282        0.047921686747
283        0.110753012048
284        0.213192771084
285        0.0222138554217
286        0.14578313253
287        0.0551355421687
288        0.198012048193
289        0.0360993975904
290        0.049593373494
291        0.022484939759
292        0.286430722892
293        0.30031626506
294        0.0202560240964
295        0.0440060240964
296        0.249036144578
297        0.21436746988
298        0.120451807229
299        0.303072289157
300        0.118253012048
301        0.292454819277
302        0.0519277108434
303        0.0498945783133
304        0.0127409638554
305        0.238554216867
306        0.270737951807
307        0.262243975904
308        0.0706475903614
309        0.047093373494
310        0.287484939759
311        0.290647590361
312        0.0253765060241
313        0.20438253012
314        0.0239457831325
315        0.0224397590361
316        0.0819427710843
317        0.0195481927711
318        0.0644728915663
319        0.0356777108434
320        0.0465060240964
321        0.224713855422
322        0.137936746988
323        0.00941265060241
324        0.0623343373494
325        0.123614457831
326        0.0214156626506
327        0.00411144578313
328        0.00551204819277
329        0.0150753012048
330        0.00365963855422
331        0.0357680722892
332        0.00323795180723
