1        0.0940361445783
2        0.109021084337
3        0.0911295180723
4        0.178855421687
5        0.0643825301205
6        0.0868674698795
7        0.0828162650602
8        0.392695783133
9        0.0194427710843
10        0.016265060241
11        0.018765060241
12        0.0235090361446
13        0.0864307228916
14        0.0143072289157
15        0.0144126506024
16        0.0710391566265
17        0.0293674698795
18        0.0139307228916
19        0.0180572289157
20        0.015843373494
21        0.00917168674699
22        0.0478012048193
23        0.0638554216867
24        0.0521686746988
25        0.021265060241
26        0.172560240964
27        0.0736746987952
28        0.0802560240964
29        0.10421686747
30        0.0868373493976
31        0.0399698795181
32        0.0243975903614
33        0.101822289157
34        0.069156626506
35        0.0819427710843
36        0.0653463855422
37        0.0642771084337
38        0.0869578313253
39        0.203388554217
40        0.247680722892
41        0.177274096386
42        0.0804969879518
43        0.057515060241
44        0.0823493975904
45        0.433403614458
46        0.318524096386
47        0.498644578313
48        0.178463855422
49        0.115768072289
50        0.324427710843
51        0.219051204819
52        0.083313253012
53        0.246174698795
54        0.268674698795
55        0.290858433735
56        0.219638554217
57        0.118057228916
58        0.278539156627
59        0.322409638554
60        0.250301204819
61        0.210286144578
62        0.329141566265
63        0.318237951807
64        0.130271084337
65        0.49093373494
66        0.130361445783
67        0.4975
68        0.264322289157
69        0.169593373494
70        0.16311746988
71        0.303237951807
72        0.321024096386
73        0.20828313253
74        0.241536144578
75        0.26436746988
76        0.237078313253
77        0.227334337349
78        0.162846385542
79        0.157168674699
80        0.399307228916
81        0.264246987952
82        0.365421686747
83        0.393945783133
84        0.146415662651
85        0.189653614458
86        0.209036144578
87        0.0961897590361
88        0.0603313253012
89        0.0825753012048
90        0.375060240964
91        0.483162650602
92        0.471506024096
93        0.191792168675
94        0.489156626506
95        0.486340361446
96        0.327108433735
97        0.125331325301
98        0.103734939759
99        0.398253012048
100        0.29436746988
101        0.410271084337
102        0.202304216867
103        0.0827710843373
104        0.130753012048
105        0.194638554217
106        0.265240963855
107        0.107364457831
108        0.181746987952
109        0.495331325301
110        0.170496987952
111        0.274186746988
112        0.49686746988
113        0.137921686747
114        0.0805120481928
115        0.0990662650602
116        0.163388554217
117        0.0646084337349
118        0.499111445783
119        0.489006024096
120        0.304789156627
121        0.0553012048193
122        0.045015060241
123        0.485527108434
124        0.0953162650602
125        0.446641566265
126        0.357515060241
127        0.235030120482
128        0.384006024096
129        0.285858433735
130        0.322394578313
131        0.49688253012
132        0.242575301205
133        0.453012048193
134        0.101009036145
135        0.0600753012048
136        0.228207831325
137        0.378524096386
138        0.119653614458
139        0.267861445783
140        0.279939759036
141        0.099578313253
142        0.440737951807
143        0.452469879518
144        0.492620481928
145        0.181189759036
146        0.495647590361
147        0.492545180723
148        0.25593373494
149        0.309819277108
150        0.494487951807
151        0.197605421687
152        0.494051204819
153        0.377560240964
154        0.169728915663
155        0.0880120481928
156        0.0872138554217
157        0.346506024096
158        0.274804216867
159        0.49859939759
160        0.125391566265
161        0.48859939759
162        0.49656626506
163        0.161265060241
164        0.102590361446
165        0.0754518072289
166        0.495045180723
167        0.49578313253
168        0.321265060241
169        0.455692771084
170        0.28953313253
171        0.0787198795181
172        0.498448795181
173        0.239171686747
174        0.494141566265
175        0.08375
176        0.494081325301
177        0.49406626506
178        0.0786144578313
179        0.494969879518
180        0.0823493975904
181        0.348087349398
182        0.495843373494
183        0.482409638554
184        0.250753012048
185        0.0756777108434
186        0.245948795181
187        0.077078313253
188        0.0507078313253
189        0.481084337349
190        0.203659638554
191        0.285918674699
192        0.371551204819
193        0.0483734939759
194        0.0606024096386
195        0.0673945783133
196        0.0871234939759
197        0.468162650602
198        0.432289156627
199        0.131777108434
200        0.0672289156627
201        0.496506024096
202        0.451054216867
203        0.486385542169
204        0.324623493976
205        0.128629518072
206        0.277846385542
207        0.0783885542169
208        0.089984939759
209        0.0924397590361
210        0.0780873493976
211        0.0857680722892
212        0.477725903614
213        0.447545180723
214        0.156430722892
215        0.222259036145
216        0.431611445783
217        0.497560240964
218        0.469698795181
219        0.498930722892
220        0.158554216867
221        0.49359939759
222        0.399653614458
223        0.135677710843
224        0.242334337349
225        0.43156626506
226        0.155286144578
227        0.0828765060241
228        0.105677710843
229        0.3125
230        0.495210843373
231        0.0680421686747
232        0.495948795181
233        0.485828313253
234        0.13984939759
235        0.108268072289
236        0.0875451807229
237        0.267213855422
238        0.0526355421687
239        0.388237951807
240        0.354171686747
241        0.105135542169
242        0.336325301205
243        0.181189759036
244        0.0709036144578
245        0.461551204819
246        0.474653614458
247        0.0648042168675
248        0.495331325301
249        0.378659638554
250        0.46061746988
251        0.31609939759
252        0.247981927711
253        0.483358433735
254        0.296656626506
255        0.496792168675
256        0.442108433735
257        0.0719277108434
258        0.49640060241
259        0.235677710843
260        0.423719879518
261        0.494021084337
262        0.433734939759
263        0.49436746988
264        0.092063253012
265        0.0826054216867
266        0.299246987952
267        0.327906626506
268        0.0755572289157
269        0.119563253012
270        0.0798343373494
271        0.341777108434
272        0.258268072289
273        0.47968373494
274        0.432123493976
275        0.290722891566
276        0.434713855422
277        0.0571536144578
278        0.114277108434
279        0.0726506024096
280        0.0748644578313
281        0.374096385542
282        0.0705120481928
283        0.307243975904
284        0.464457831325
285        0.079593373494
286        0.366536144578
287        0.300963855422
288        0.46578313253
289        0.0857981927711
290        0.144638554217
291        0.0630572289157
292        0.496506024096
293        0.496506024096
294        0.0797289156627
295        0.13218373494
296        0.486219879518
297        0.467274096386
298        0.302801204819
299        0.494337349398
300        0.383990963855
301        0.495075301205
302        0.188915662651
303        0.199879518072
304        0.0830572289157
305        0.476310240964
306        0.492304216867
307        0.490015060241
308        0.244819277108
309        0.12734939759
310        0.496822289157
311        0.492394578313
312        0.136295180723
313        0.447469879518
314        0.123569277108
315        0.141460843373
316        0.278524096386
317        0.140256024096
318        0.23796686747
319        0.14186746988
320        0.21186746988
321        0.478403614458
322        0.387319277108
323        0.0799548192771
324        0.269804216867
325        0.347409638554
326        0.0869728915663
327        0.0230271084337
328        0.0174096385542
329        0.0892771084337
330        0.014156626506
331        0.11781626506
332        0.00344879518072
