1        0.706415662651
2        0.661671686747
3        0.570993975904
4        0.764713855422
5        0.504487951807
6        0.607364457831
7        0.660391566265
8        0.833554216867
9        0.560602409639
10        0.541039156627
11        0.553734939759
12        0.505045180723
13        0.637289156627
14        0.338298192771
15        0.274578313253
16        0.529879518072
17        0.441265060241
18        0.309909638554
19        0.474442771084
20        0.462304216867
21        0.353493975904
22        0.499277108434
23        0.554352409639
24        0.564563253012
25        0.388192771084
26        0.80484939759
27        0.448539156627
28        0.544743975904
29        0.737680722892
30        0.546942771084
31        0.599759036145
32        0.552605421687
33        0.712259036145
34        0.533418674699
35        0.657560240964
36        0.641536144578
37        0.528915662651
38        0.600090361446
39        0.751912650602
40        0.818162650602
41        0.72203313253
42        0.389021084337
43        0.428388554217
44        0.46078313253
45        0.834352409639
46        0.83375
47        0.835180722892
48        0.709713855422
49        0.720813253012
50        0.83359939759
51        0.770557228916
52        0.40078313253
53        0.8025
54        0.826506024096
55        0.834141566265
56        0.826536144578
57        0.760165662651
58        0.833870481928
59        0.828870481928
60        0.827304216867
61        0.812756024096
62        0.831310240964
63        0.835587349398
64        0.709819277108
65        0.834337349398
66        0.760737951807
67        0.834427710843
68        0.825030120482
69        0.744743975904
70        0.711024096386
71        0.831762048193
72        0.826415662651
73        0.812771084337
74        0.816551204819
75        0.828463855422
76        0.805481927711
77        0.780376506024
78        0.723313253012
79        0.69906626506
80        0.831009036145
81        0.814081325301
82        0.831611445783
83        0.834668674699
84        0.609021084337
85        0.785436746988
86        0.777319277108
87        0.717530120482
88        0.436837349398
89        0.444156626506
90        0.833765060241
91        0.83375
92        0.832439759036
93        0.770376506024
94        0.830948795181
95        0.834231927711
96        0.829698795181
97        0.676792168675
98        0.617259036145
99        0.831822289157
100        0.831234939759
101        0.836671686747
102        0.760527108434
103        0.477003012048
104        0.649171686747
105        0.725451807229
106        0.82484939759
107        0.606942771084
108        0.80063253012
109        0.833177710843
110        0.616942771084
111        0.83171686747
112        0.83281626506
113        0.634021084337
114        0.45218373494
115        0.482379518072
116        0.806204819277
117        0.455210843373
118        0.8325
119        0.832304216867
120        0.831792168675
121        0.438780120482
122        0.405376506024
123        0.834578313253
124        0.603569277108
125        0.833614457831
126        0.833915662651
127        0.783509036145
128        0.833810240964
129        0.789322289157
130        0.8275
131        0.834593373494
132        0.79203313253
133        0.833192771084
134        0.655572289157
135        0.443915662651
136        0.800240963855
137        0.835331325301
138        0.638659638554
139        0.822695783133
140        0.807424698795
141        0.638960843373
142        0.83311746988
143        0.836415662651
144        0.835075301205
145        0.798343373494
146        0.832710843373
147        0.833930722892
148        0.813358433735
149        0.825813253012
150        0.835331325301
151        0.806837349398
152        0.83171686747
153        0.834201807229
154        0.752786144578
155        0.627213855422
156        0.393328313253
157        0.830165662651
158        0.813072289157
159        0.833584337349
160        0.653192771084
161        0.828328313253
162        0.832243975904
163        0.701792168675
164        0.696762048193
165        0.407243975904
166        0.833975903614
167        0.837605421687
168        0.822093373494
169        0.832725903614
170        0.802454819277
171        0.611611445783
172        0.833945783133
173        0.796897590361
174        0.83438253012
175        0.444789156627
176        0.83390060241
177        0.831581325301
178        0.480858433735
179        0.834743975904
180        0.373192771084
181        0.81811746988
182        0.832846385542
183        0.830888554217
184        0.787530120482
185        0.405346385542
186        0.790557228916
187        0.447831325301
188        0.373509036145
189        0.832695783133
190        0.733509036145
191        0.810873493976
192        0.829804216867
193        0.366024096386
194        0.441927710843
195        0.52828313253
196        0.378237951807
197        0.833207831325
198        0.834141566265
199        0.666355421687
200        0.435918674699
201        0.834322289157
202        0.832063253012
203        0.833960843373
204        0.8275
205        0.586671686747
206        0.825557228916
207        0.529277108434
208        0.432515060241
209        0.612710843373
210        0.456611445783
211        0.433388554217
212        0.83625
213        0.833870481928
214        0.587394578313
215        0.709307228916
216        0.834397590361
217        0.835436746988
218        0.834623493976
219        0.83186746988
220        0.726295180723
221        0.833493975904
222        0.833840361446
223        0.621807228916
224        0.768795180723
225        0.835662650602
226        0.742093373494
227        0.377665662651
228        0.547906626506
229        0.832228915663
230        0.832123493976
231        0.443358433735
232        0.832394578313
233        0.836506024096
234        0.642695783133
235        0.640557228916
236        0.514006024096
237        0.806611445783
238        0.451219879518
239        0.830301204819
240        0.831340361446
241        0.397605421687
242        0.825015060241
243        0.733493975904
244        0.436114457831
245        0.83156626506
246        0.835978915663
247        0.431310240964
248        0.832168674699
249        0.833057228916
250        0.833493975904
251        0.82828313253
252        0.798554216867
253        0.833418674699
254        0.817560240964
255        0.834894578313
256        0.833810240964
257        0.454608433735
258        0.832409638554
259        0.778072289157
260        0.832756024096
261        0.83359939759
262        0.834472891566
263        0.836415662651
264        0.430587349398
265        0.445512048193
266        0.820647590361
267        0.82890060241
268        0.41063253012
269        0.566686746988
270        0.572454819277
271        0.834397590361
272        0.809111445783
273        0.835557228916
274        0.834337349398
275        0.826039156627
276        0.834307228916
277        0.469638554217
278        0.470165662651
279        0.397394578313
280        0.418222891566
281        0.830015060241
282        0.435722891566
283        0.827304216867
284        0.834924698795
285        0.360271084337
286        0.831084337349
287        0.80561746988
288        0.830978915663
289        0.416596385542
290        0.637274096386
291        0.394563253012
292        0.835030120482
293        0.836445783133
294        0.444006024096
295        0.627228915663
296        0.829171686747
297        0.834457831325
298        0.830557228916
299        0.836069277108
300        0.830090361446
301        0.835813253012
302        0.697590361446
303        0.709503012048
304        0.389879518072
305        0.835798192771
306        0.835873493976
307        0.832665662651
308        0.806475903614
309        0.614698795181
310        0.83436746988
311        0.832740963855
312        0.744804216867
313        0.835512048193
314        0.704623493976
315        0.710828313253
316        0.835301204819
317        0.762695783133
318        0.829231927711
319        0.706596385542
320        0.78218373494
321        0.832469879518
322        0.831897590361
323        0.448584337349
324        0.783569277108
325        0.832530120482
326        0.457003012048
327        0.31015060241
328        0.299427710843
329        0.430948795181
330        0.297530120482
331        0.60906626506
332        0.198960843373
