1        0.00319277108434
2        0.00313253012048
3        0.00310240963855
4        0.00332831325301
5        0.00326807228916
6        0.00323795180723
7        0.00332831325301
8        0.00728915662651
9        0.00331325301205
10        0.00322289156627
11        0.00335843373494
12        0.00319277108434
13        0.00364457831325
14        0.00311746987952
15        0.00310240963855
16        0.00326807228916
17        0.00322289156627
18        0.00305722891566
19        0.00325301204819
20        0.00329819277108
21        0.00302710843373
22        0.00319277108434
23        0.00326807228916
24        0.00338855421687
25        0.00313253012048
26        0.00371987951807
27        0.00322289156627
28        0.00328313253012
29        0.00367469879518
30        0.00316265060241
31        0.00322289156627
32        0.00316265060241
33        0.0040813253012
34        0.00344879518072
35        0.0034186746988
36        0.00313253012048
37        0.00316265060241
38        0.00325301204819
39        0.00388554216867
40        0.00356927710843
41        0.00420180722892
42        0.00328313253012
43        0.00310240963855
44        0.00368975903614
45        0.00612951807229
46        0.00373493975904
47        0.0154668674699
48        0.00439759036145
49        0.00356927710843
50        0.00430722891566
51        0.00438253012048
52        0.00373493975904
53        0.00403614457831
54        0.0039156626506
55        0.00367469879518
56        0.0034186746988
57        0.00352409638554
58        0.00421686746988
59        0.00450301204819
60        0.00405120481928
61        0.0033734939759
62        0.00530120481928
63        0.00385542168675
64        0.00314759036145
65        0.0113403614458
66        0.00338855421687
67        0.0164006024096
68        0.00421686746988
69        0.00359939759036
70        0.00349397590361
71        0.00453313253012
72        0.0051656626506
73        0.00427710843373
74        0.00368975903614
75        0.00409638554217
76        0.0035843373494
77        0.00396084337349
78        0.0039156626506
79        0.00387048192771
80        0.0060843373494
81        0.00512048192771
82        0.00471385542169
83        0.00644578313253
84        0.00457831325301
85        0.00338855421687
86        0.00375
87        0.00340361445783
88        0.00402108433735
89        0.00319277108434
90        0.00600903614458
91        0.00865963855422
92        0.00673192771084
93        0.00543674698795
94        0.0142771084337
95        0.00790662650602
96        0.00478915662651
97        0.00322289156627
98        0.0032078313253
99        0.00489457831325
100        0.00459337349398
101        0.00617469879518
102        0.00430722891566
103        0.00338855421687
104        0.00387048192771
105        0.00498493975904
106        0.00417168674699
107        0.00365963855422
108        0.00346385542169
109        0.0139608433735
110        0.00402108433735
111        0.00414156626506
112        0.0186746987952
113        0.00415662650602
114        0.00326807228916
115        0.00329819277108
116        0.00322289156627
117        0.00314759036145
118        0.0200903614458
119        0.0110391566265
120        0.00518072289157
121        0.00316265060241
122        0.00307228915663
123        0.00947289156627
124        0.00340361445783
125        0.00780120481928
126        0.00674698795181
127        0.00534638554217
128        0.00558734939759
129        0.0044578313253
130        0.00498493975904
131        0.0152710843373
132        0.00612951807229
133        0.00707831325301
134        0.00371987951807
135        0.0032078313253
136        0.00542168674699
137        0.00572289156627
138        0.00430722891566
139        0.00540662650602
140        0.00448795180723
141        0.00350903614458
142        0.00631024096386
143        0.00674698795181
144        0.0143975903614
145        0.00381024096386
146        0.0138253012048
147        0.0174698795181
148        0.00370481927711
149        0.00572289156627
150        0.0163253012048
151        0.00344879518072
152        0.0185843373494
153        0.00594879518072
154        0.00427710843373
155        0.00352409638554
156        0.00319277108434
157        0.00459337349398
158        0.00454819277108
159        0.0124548192771
160        0.00326807228916
161        0.00998493975904
162        0.0150451807229
163        0.00379518072289
164        0.00430722891566
165        0.00334337349398
166        0.0207379518072
167        0.0143674698795
168        0.00477409638554
169        0.00706325301205
170        0.00478915662651
171        0.0032078313253
172        0.0124698795181
173        0.00513554216867
174        0.0173945783133
175        0.00307228915663
176        0.0163704819277
177        0.0126656626506
178        0.00326807228916
179        0.0124096385542
180        0.00343373493976
181        0.0053765060241
182        0.0197138554217
183        0.00992469879518
184        0.00563253012048
185        0.00343373493976
186        0.00382530120482
187        0.0034186746988
188        0.00305722891566
189        0.00941265060241
190        0.00370481927711
191        0.00387048192771
192        0.00498493975904
193        0.00379518072289
194        0.00307228915663
195        0.00307228915663
196        0.00310240963855
197        0.00796686746988
198        0.00686746987952
199        0.00367469879518
200        0.00307228915663
201        0.0155421686747
202        0.00719879518072
203        0.00981927710843
204        0.00433734939759
205        0.00316265060241
206        0.00489457831325
207        0.00331325301205
208        0.00352409638554
209        0.00334337349398
210        0.00328313253012
211        0.00375
212        0.0083734939759
213        0.00649096385542
214        0.00376506024096
215        0.00362951807229
216        0.00718373493976
217        0.0148493975904
218        0.0084186746988
219        0.0154668674699
220        0.0041265060241
221        0.013765060241
222        0.00620481927711
223        0.00344879518072
224        0.00394578313253
225        0.0065813253012
226        0.00393072289157
227        0.00362951807229
228        0.00307228915663
229        0.00495481927711
230        0.0198493975904
231        0.00316265060241
232        0.0121987951807
233        0.00853915662651
234        0.0032078313253
235        0.00305722891566
236        0.00331325301205
237        0.00409638554217
238        0.00355421686747
239        0.00582831325301
240        0.00563253012048
241        0.00353915662651
242        0.00490963855422
243        0.00368975903614
244        0.0034186746988
245        0.0080421686747
246        0.00868975903614
247        0.00334337349398
248        0.013734939759
249        0.00534638554217
250        0.00900602409639
251        0.00423192771084
252        0.00471385542169
253        0.00689759036145
254        0.00418674698795
255        0.0218373493976
256        0.00664156626506
257        0.00329819277108
258        0.0147590361446
259        0.00420180722892
260        0.00551204819277
261        0.0199096385542
262        0.00423192771084
263        0.013343373494
264        0.00328313253012
265        0.00308734939759
266        0.00411144578313
267        0.00493975903614
268        0.00326807228916
269        0.00319277108434
270        0.0032078313253
271        0.00457831325301
272        0.00414156626506
273        0.00896084337349
274        0.0060843373494
275        0.00444277108434
276        0.00632530120482
277        0.00301204819277
278        0.00316265060241
279        0.00329819277108
280        0.00350903614458
281        0.00487951807229
282        0.00326807228916
283        0.00594879518072
284        0.00935240963855
285        0.00365963855422
286        0.00518072289157
287        0.0046686746988
288        0.00856927710843
289        0.00379518072289
290        0.00397590361446
291        0.0033734939759
292        0.0124246987952
293        0.0142921686747
294        0.00313253012048
295        0.00344879518072
296        0.00847891566265
297        0.00743975903614
298        0.00498493975904
299        0.0174698795181
300        0.00528614457831
301        0.0135692771084
302        0.00368975903614
303        0.00394578313253
304        0.00384036144578
305        0.00936746987952
306        0.0140963855422
307        0.0119879518072
308        0.00448795180723
309        0.00501506024096
310        0.0125
311        0.0139307228916
312        0.00331325301205
313        0.00953313253012
314        0.00326807228916
315        0.00400602409639
316        0.00507530120482
317        0.0032078313253
318        0.00415662650602
319        0.00325301204819
320        0.00371987951807
321        0.00751506024096
322        0.00433734939759
323        0.00325301204819
324        0.0044578313253
325        0.00549698795181
326        0.0030421686747
327        0.00317771084337
328        0.00316265060241
329        0.00349397590361
330        0.00311746987952
331        0.00364457831325
332        0.00310240963855
