1        0.654246987952
2        0.675391566265
3        0.478945783133
4        0.743343373494
5        0.510753012048
6        0.58984939759
7        0.623689759036
8        0.828509036145
9        0.522710843373
10        0.50578313253
11        0.511114457831
12        0.487575301205
13        0.605225903614
14        0.318478915663
15        0.272891566265
16        0.482439759036
17        0.442801204819
18        0.310421686747
19        0.467786144578
20        0.483780120482
21        0.247319277108
22        0.48468373494
23        0.470120481928
24        0.481415662651
25        0.396671686747
26        0.778298192771
27        0.403930722892
28        0.568960843373
29        0.683810240964
30        0.498780120482
31        0.602725903614
32        0.554894578313
33        0.706762048193
34        0.565421686747
35        0.586656626506
36        0.603373493976
37        0.560451807229
38        0.591777108434
39        0.734638554217
40        0.826656626506
41        0.727319277108
42        0.435165662651
43        0.362484939759
44        0.463689759036
45        0.826295180723
46        0.828027108434
47        0.825843373494
48        0.702334337349
49        0.745346385542
50        0.82688253012
51        0.770692771084
52        0.411340361446
53        0.786611445783
54        0.827018072289
55        0.831009036145
56        0.797138554217
57        0.752981927711
58        0.820346385542
59        0.829939759036
60        0.82313253012
61        0.806957831325
62        0.826295180723
63        0.829698795181
64        0.729442771084
65        0.828509036145
66        0.753674698795
67        0.827846385542
68        0.825662650602
69        0.749518072289
70        0.689909638554
71        0.822891566265
72        0.815240963855
73        0.793840361446
74        0.802996987952
75        0.82921686747
76        0.795256024096
77        0.77328313253
78        0.659789156627
79        0.70484939759
80        0.82125
81        0.799503012048
82        0.827364457831
83        0.825271084337
84        0.648659638554
85        0.790828313253
86        0.714081325301
87        0.674909638554
88        0.416340361446
89        0.385030120482
90        0.819548192771
91        0.83171686747
92        0.829668674699
93        0.760813253012
94        0.828012048193
95        0.825406626506
96        0.816957831325
97        0.701114457831
98        0.620768072289
99        0.823855421687
100        0.818222891566
101        0.826340361446
102        0.733192771084
103        0.549292168675
104        0.668855421687
105        0.705527108434
106        0.805647590361
107        0.547560240964
108        0.76453313253
109        0.828885542169
110        0.62125
111        0.818253012048
112        0.825
113        0.609819277108
114        0.402695783133
115        0.531445783133
116        0.812259036145
117        0.416069277108
118        0.827891566265
119        0.825903614458
120        0.819728915663
121        0.412635542169
122        0.327379518072
123        0.831551204819
124        0.565587349398
125        0.83063253012
126        0.824713855422
127        0.769472891566
128        0.820858433735
129        0.782334337349
130        0.82688253012
131        0.828629518072
132        0.772063253012
133        0.830858433735
134        0.618147590361
135        0.383418674699
136        0.783358433735
137        0.828057228916
138        0.649307228916
139        0.818207831325
140        0.816521084337
141        0.598915662651
142        0.826069277108
143        0.827334337349
144        0.829638554217
145        0.778478915663
146        0.827319277108
147        0.826942771084
148        0.823870481928
149        0.820722891566
150        0.828388554217
151        0.795768072289
152        0.829924698795
153        0.825
154        0.75109939759
155        0.564081325301
156        0.382921686747
157        0.827168674699
158        0.813930722892
159        0.831189759036
160        0.638990963855
161        0.829201807229
162        0.828253012048
163        0.688042168675
164        0.680512048193
165        0.436129518072
166        0.827334337349
167        0.82546686747
168        0.8075
169        0.823870481928
170        0.809186746988
171        0.634427710843
172        0.831626506024
173        0.782575301205
174        0.829759036145
175        0.411265060241
176        0.827876506024
177        0.828388554217
178        0.370075301205
179        0.829593373494
180        0.405496987952
181        0.826370481928
182        0.827484939759
183        0.829442771084
184        0.778493975904
185        0.366807228916
186        0.772575301205
187        0.45281626506
188        0.376731927711
189        0.827198795181
190        0.735542168675
191        0.799638554217
192        0.827921686747
193        0.358659638554
194        0.409819277108
195        0.494834337349
196        0.409728915663
197        0.830421686747
198        0.825737951807
199        0.576852409639
200        0.399593373494
201        0.828945783133
202        0.828539156627
203        0.827635542169
204        0.823689759036
205        0.581129518072
206        0.808719879518
207        0.492846385542
208        0.383343373494
209        0.619759036145
210        0.424653614458
211        0.390978915663
212        0.831475903614
213        0.829412650602
214        0.602228915663
215        0.734036144578
216        0.829623493976
217        0.827680722892
218        0.826310240964
219        0.827921686747
220        0.728719879518
221        0.826581325301
222        0.82656626506
223        0.614774096386
224        0.737093373494
225        0.827740963855
226        0.692394578313
227        0.436762048193
228        0.523509036145
229        0.825512048193
230        0.828358433735
231        0.450105421687
232        0.829006024096
233        0.827078313253
234        0.591009036145
235        0.637093373494
236        0.503644578313
237        0.802530120482
238        0.447906626506
239        0.826415662651
240        0.830481927711
241        0.414457831325
242        0.810421686747
243        0.715753012048
244        0.399021084337
245        0.829352409639
246        0.829156626506
247        0.403840361446
248        0.825301204819
249        0.81671686747
250        0.829171686747
251        0.813358433735
252        0.763298192771
253        0.828719879518
254        0.808539156627
255        0.831129518072
256        0.827153614458
257        0.375406626506
258        0.828975903614
259        0.794277108434
260        0.828960843373
261        0.828524096386
262        0.826731927711
263        0.824969879518
264        0.392003012048
265        0.404246987952
266        0.82718373494
267        0.825692771084
268        0.438629518072
269        0.5
270        0.522710843373
271        0.830542168675
272        0.770572289157
273        0.82734939759
274        0.829322289157
275        0.821852409639
276        0.82656626506
277        0.438569277108
278        0.416987951807
279        0.404774096386
280        0.39953313253
281        0.83
282        0.404126506024
283        0.828388554217
284        0.828343373494
285        0.378554216867
286        0.827846385542
287        0.80296686747
288        0.826385542169
289        0.44140060241
290        0.647620481928
291        0.352530120482
292        0.82656626506
293        0.829427710843
294        0.408373493976
295        0.579397590361
296        0.826671686747
297        0.822484939759
298        0.826641566265
299        0.827680722892
300        0.825256024096
301        0.826611445783
302        0.737469879518
303        0.695346385542
304        0.358569277108
305        0.827846385542
306        0.828719879518
307        0.829322289157
308        0.793524096386
309        0.616310240964
310        0.824698795181
311        0.826069277108
312        0.70188253012
313        0.826370481928
314        0.705888554217
315        0.660391566265
316        0.82906626506
317        0.756234939759
318        0.782936746988
319        0.700120481928
320        0.764186746988
321        0.827605421687
322        0.824864457831
323        0.40421686747
324        0.786777108434
325        0.82390060241
326        0.378584337349
327        0.303825301205
328        0.262334337349
329        0.395301204819
330        0.24281626506
331        0.619804216867
332        0.1225
