1        0.534774096386
2        0.451626506024
3        0.323403614458
4        0.610195783133
5        0.36468373494
6        0.418388554217
7        0.46140060241
8        0.741641566265
9        0.223524096386
10        0.250602409639
11        0.275572289157
12        0.214864457831
13        0.408990963855
14        0.130180722892
15        0.178313253012
16        0.30061746988
17        0.212590361446
18        0.146506024096
19        0.216234939759
20        0.22734939759
21        0.158704819277
22        0.285843373494
23        0.331942771084
24        0.304593373494
25        0.255496987952
26        0.613207831325
27        0.25968373494
28        0.386340361446
29        0.424593373494
30        0.262530120482
31        0.342274096386
32        0.251084337349
33        0.466792168675
34        0.349021084337
35        0.386912650602
36        0.404743975904
37        0.358087349398
38        0.318147590361
39        0.540105421687
40        0.717409638554
41        0.509804216867
42        0.309397590361
43        0.28875
44        0.29375
45        0.741731927711
46        0.717454819277
47        0.743629518072
48        0.494036144578
49        0.589021084337
50        0.72843373494
51        0.628057228916
52        0.190240963855
53        0.618719879518
54        0.698855421687
55        0.72313253012
56        0.689954819277
57        0.54561746988
58        0.702003012048
59        0.735873493976
60        0.719006024096
61        0.695301204819
62        0.734457831325
63        0.712680722892
64        0.523614457831
65        0.739503012048
66        0.535030120482
67        0.739623493976
68        0.668719879518
69        0.578855421687
70        0.505210843373
71        0.70313253012
72        0.709487951807
73        0.696792168675
74        0.653509036145
75        0.715993975904
76        0.674939759036
77        0.589698795181
78        0.510602409639
79        0.463418674699
80        0.730496987952
81        0.648448795181
82        0.720707831325
83        0.738418674699
84        0.426581325301
85        0.643253012048
86        0.572093373494
87        0.522756024096
88        0.267756024096
89        0.26531626506
90        0.714186746988
91        0.741415662651
92        0.737951807229
93        0.620421686747
94        0.739006024096
95        0.737123493976
96        0.702304216867
97        0.456626506024
98        0.409804216867
99        0.720331325301
100        0.714954819277
101        0.738945783133
102        0.56906626506
103        0.311536144578
104        0.446009036145
105        0.534759036145
106        0.679563253012
107        0.402545180723
108        0.567786144578
109        0.738780120482
110        0.43468373494
111        0.698162650602
112        0.738554216867
113        0.470030120482
114        0.273840361446
115        0.303448795181
116        0.620210843373
117        0.280692771084
118        0.739186746988
119        0.741219879518
120        0.724894578313
121        0.245858433735
122        0.224593373494
123        0.73953313253
124        0.364277108434
125        0.741054216867
126        0.723463855422
127        0.605045180723
128        0.72171686747
129        0.650873493976
130        0.722530120482
131        0.74281626506
132        0.620843373494
133        0.741144578313
134        0.383629518072
135        0.275978915663
136        0.600180722892
137        0.739472891566
138        0.454487951807
139        0.707334337349
140        0.69406626506
141        0.439186746988
142        0.739021084337
143        0.735557228916
144        0.741852409639
145        0.591731927711
146        0.739337349398
147        0.739939759036
148        0.662469879518
149        0.695602409639
150        0.739774096386
151        0.62311746988
152        0.739472891566
153        0.726355421687
154        0.583614457831
155        0.359081325301
156        0.257771084337
157        0.721460843373
158        0.646475903614
159        0.742153614458
160        0.424442771084
161        0.739638554217
162        0.743027108434
163        0.542876506024
164        0.499277108434
165        0.309051204819
166        0.740496987952
167        0.738780120482
168        0.705813253012
169        0.740105421687
170        0.672424698795
171        0.344924698795
172        0.73859939759
173        0.613102409639
174        0.74
175        0.285060240964
176        0.740451807229
177        0.741912650602
178        0.267740963855
179        0.739698795181
180        0.286762048193
181        0.696415662651
182        0.738448795181
183        0.740391566265
184        0.634864457831
185        0.302304216867
186        0.59890060241
187        0.283328313253
188        0.259201807229
189        0.737605421687
190        0.549472891566
191        0.656370481928
192        0.723885542169
193        0.259021084337
194        0.28703313253
195        0.349563253012
196        0.260090361446
197        0.740557228916
198        0.738192771084
199        0.459036144578
200        0.25938253012
201        0.743072289157
202        0.740662650602
203        0.740421686747
204        0.721189759036
205        0.412680722892
206        0.641746987952
207        0.368569277108
208        0.301626506024
209        0.424096385542
210        0.310481927711
211        0.290391566265
212        0.741219879518
213        0.731942771084
214        0.448825301205
215        0.568704819277
216        0.738870481928
217        0.738042168675
218        0.740843373494
219        0.7425
220        0.491807228916
221        0.739924698795
222        0.740692771084
223        0.431280120482
224        0.641460843373
225        0.73640060241
226        0.468027108434
227        0.258027108434
228        0.332123493976
229        0.712078313253
230        0.740105421687
231        0.296460843373
232        0.73875
233        0.739879518072
234        0.442048192771
235        0.450948795181
236        0.349939759036
237        0.651265060241
238        0.288960843373
239        0.717921686747
240        0.736159638554
241        0.279939759036
242        0.703734939759
243        0.550030120482
244        0.280858433735
245        0.740496987952
246        0.739638554217
247        0.232906626506
248        0.738885542169
249        0.733222891566
250        0.73859939759
251        0.731189759036
252        0.564472891566
253        0.738087349398
254        0.688087349398
255        0.74186746988
256        0.743328313253
257        0.270828313253
258        0.741159638554
259        0.625707831325
260        0.733328313253
261        0.737063253012
262        0.741310240964
263        0.738102409639
264        0.323102409639
265        0.253539156627
266        0.698313253012
267        0.688403614458
268        0.284277108434
269        0.316731927711
270        0.358855421687
271        0.721340361446
272        0.63703313253
273        0.736626506024
274        0.730768072289
275        0.687243975904
276        0.741611445783
277        0.287319277108
278        0.280512048193
279        0.32125
280        0.281219879518
281        0.717861445783
282        0.259939759036
283        0.724698795181
284        0.741521084337
285        0.209277108434
286        0.731385542169
287        0.658448795181
288        0.739412650602
289        0.307981927711
290        0.496671686747
291        0.259939759036
292        0.740421686747
293        0.740436746988
294        0.257289156627
295        0.44734939759
296        0.741295180723
297        0.741310240964
298        0.670737951807
299        0.741822289157
300        0.71811746988
301        0.738960843373
302        0.563780120482
303        0.554984939759
304        0.276009036145
305        0.739578313253
306        0.738388554217
307        0.742048192771
308        0.644503012048
309        0.427063253012
310        0.739126506024
311        0.742861445783
312        0.487560240964
313        0.739036144578
314        0.479277108434
315        0.509036144578
316        0.71811746988
317        0.550180722892
318        0.645135542169
319        0.510331325301
320        0.624909638554
321        0.740527108434
322        0.737515060241
323        0.265527108434
324        0.631024096386
325        0.720225903614
326        0.260948795181
327        0.149231927711
328        0.13515060241
329        0.264969879518
330        0.140391566265
331        0.414608433735
332        0.0717469879518
