1        0.544608433735
2        0.546310240964
3        0.321054216867
4        0.610963855422
5        0.435406626506
6        0.461927710843
7        0.458780120482
8        0.767243975904
9        0.359924698795
10        0.336445783133
11        0.362756024096
12        0.288343373494
13        0.465225903614
14        0.187108433735
15        0.18203313253
16        0.352409638554
17        0.27781626506
18        0.162439759036
19        0.280647590361
20        0.29656626506
21        0.180963855422
22        0.347605421687
23        0.402665662651
24        0.385557228916
25        0.311340361446
26        0.644879518072
27        0.290406626506
28        0.357951807229
29        0.565978915663
30        0.389171686747
31        0.464728915663
32        0.325768072289
33        0.534789156627
34        0.374939759036
35        0.485722891566
36        0.457635542169
37        0.396280120482
38        0.459487951807
39        0.599864457831
40        0.747936746988
41        0.614638554217
42        0.295406626506
43        0.305587349398
44        0.295481927711
45        0.769262048193
46        0.762861445783
47        0.768734939759
48        0.592259036145
49        0.658087349398
50        0.764231927711
51        0.681686746988
52        0.329563253012
53        0.728659638554
54        0.760873493976
55        0.750753012048
56        0.74125
57        0.649171686747
58        0.752635542169
59        0.762996987952
60        0.748057228916
61        0.734969879518
62        0.769668674699
63        0.77031626506
64        0.61234939759
65        0.772424698795
66        0.628087349398
67        0.77186746988
68        0.740602409639
69        0.636340361446
70        0.576114457831
71        0.750888554217
72        0.747620481928
73        0.729427710843
74        0.694201807229
75        0.742394578313
76        0.721039156627
77        0.662379518072
78        0.590030120482
79        0.572921686747
80        0.769909638554
81        0.685918674699
82        0.757876506024
83        0.770753012048
84        0.486189759036
85        0.66515060241
86        0.617319277108
87        0.526295180723
88        0.316039156627
89        0.352003012048
90        0.760768072289
91        0.767906626506
92        0.770843373494
93        0.648855421687
94        0.769728915663
95        0.76984939759
96        0.766506024096
97        0.563072289157
98        0.501415662651
99        0.766626506024
100        0.751731927711
101        0.770512048193
102        0.630843373494
103        0.399834337349
104        0.555918674699
105        0.61313253012
106        0.738569277108
107        0.398388554217
108        0.670361445783
109        0.771987951807
110        0.461009036145
111        0.742319277108
112        0.770436746988
113        0.495361445783
114        0.31765060241
115        0.43718373494
116        0.704518072289
117        0.325331325301
118        0.773569277108
119        0.771340361446
120        0.739804216867
121        0.281415662651
122        0.269457831325
123        0.772590361446
124        0.448780120482
125        0.767198795181
126        0.74186746988
127        0.660301204819
128        0.762620481928
129        0.698207831325
130        0.7425
131        0.771852409639
132        0.676325301205
133        0.770346385542
134        0.439081325301
135        0.284021084337
136        0.689457831325
137        0.77061746988
138        0.506355421687
139        0.748554216867
140        0.719563253012
141        0.462274096386
142        0.770918674699
143        0.767334337349
144        0.768192771084
145        0.675
146        0.768177710843
147        0.771039156627
148        0.738659638554
149        0.754608433735
150        0.769713855422
151        0.677801204819
152        0.768765060241
153        0.762575301205
154        0.616310240964
155        0.4725
156        0.304277108434
157        0.768027108434
158        0.693478915663
159        0.769096385542
160        0.535542168675
161        0.766792168675
162        0.770195783133
163        0.603253012048
164        0.593042168675
165        0.333614457831
166        0.769623493976
167        0.768087349398
168        0.740512048193
169        0.766807228916
170        0.731822289157
171        0.460225903614
172        0.77359939759
173        0.719728915663
174        0.768042168675
175        0.292093373494
176        0.768930722892
177        0.771415662651
178        0.329743975904
179        0.77296686747
180        0.355
181        0.750165662651
182        0.76859939759
183        0.770120481928
184        0.685361445783
185        0.275015060241
186        0.681445783133
187        0.302093373494
188        0.307078313253
189        0.77218373494
190        0.60436746988
191        0.708870481928
192        0.747801204819
193        0.32593373494
194        0.290858433735
195        0.372575301205
196        0.363629518072
197        0.770948795181
198        0.768162650602
199        0.523584337349
200        0.307545180723
201        0.768222891566
202        0.772469879518
203        0.770753012048
204        0.749262048193
205        0.470753012048
206        0.728087349398
207        0.355753012048
208        0.277921686747
209        0.484442771084
210        0.285286144578
211        0.326144578313
212        0.772454819277
213        0.771340361446
214        0.50811746988
215        0.562319277108
216        0.770903614458
217        0.768765060241
218        0.771927710843
219        0.76781626506
220        0.567123493976
221        0.768403614458
222        0.765722891566
223        0.499864457831
224        0.672921686747
225        0.766024096386
226        0.49859939759
227        0.307259036145
228        0.374774096386
229        0.7525
230        0.768629518072
231        0.314879518072
232        0.769728915663
233        0.772319277108
234        0.519487951807
235        0.510090361446
236        0.33578313253
237        0.701490963855
238        0.313975903614
239        0.770662650602
240        0.749262048193
241        0.274759036145
242        0.757243975904
243        0.596024096386
244        0.306611445783
245        0.770993975904
246        0.773644578313
247        0.33046686747
248        0.773237951807
249        0.768192771084
250        0.767018072289
251        0.763313253012
252        0.678388554217
253        0.767635542169
254        0.721129518072
255        0.769246987952
256        0.768644578313
257        0.326069277108
258        0.768072289157
259        0.66063253012
260        0.768795180723
261        0.769096385542
262        0.771280120482
263        0.770512048193
264        0.317846385542
265        0.31843373494
266        0.761656626506
267        0.741129518072
268        0.314774096386
269        0.342515060241
270        0.391596385542
271        0.762951807229
272        0.725271084337
273        0.768930722892
274        0.76828313253
275        0.737695783133
276        0.76686746988
277        0.285677710843
278        0.301129518072
279        0.246536144578
280        0.339472891566
281        0.761912650602
282        0.289954819277
283        0.753825301205
284        0.770135542169
285        0.291310240964
286        0.765195783133
287        0.714352409639
288        0.77031626506
289        0.284201807229
290        0.47515060241
291        0.2875
292        0.77188253012
293        0.773042168675
294        0.311671686747
295        0.428554216867
296        0.770331325301
297        0.768493975904
298        0.756957831325
299        0.769954819277
300        0.752620481928
301        0.769743975904
302        0.621114457831
303        0.586536144578
304        0.298524096386
305        0.771415662651
306        0.77078313253
307        0.771069277108
308        0.715451807229
309        0.497394578313
310        0.770737951807
311        0.76938253012
312        0.61796686747
313        0.768704819277
314        0.567981927711
315        0.54906626506
316        0.740858433735
317        0.650105421687
318        0.706234939759
319        0.593659638554
320        0.671325301205
321        0.774397590361
322        0.768554216867
323        0.278915662651
324        0.719939759036
325        0.761219879518
326        0.348313253012
327        0.197665662651
328        0.17640060241
329        0.304713855422
330        0.176430722892
331        0.499186746988
332        0.067921686747
