1        0.602786144578
2        0.636174698795
3        0.440963855422
4        0.733765060241
5        0.453539156627
6        0.584337349398
7        0.563930722892
8        0.811009036145
9        0.471385542169
10        0.478704819277
11        0.457228915663
12        0.428358433735
13        0.626551204819
14        0.214864457831
15        0.243780120482
16        0.478147590361
17        0.420090361446
18        0.252801204819
19        0.415542168675
20        0.384789156627
21        0.276746987952
22        0.500256024096
23        0.468418674699
24        0.465346385542
25        0.341897590361
26        0.740768072289
27        0.395045180723
28        0.507394578313
29        0.653674698795
30        0.490602409639
31        0.49843373494
32        0.502680722892
33        0.653057228916
34        0.452379518072
35        0.573855421687
36        0.596731927711
37        0.522063253012
38        0.576792168675
39        0.613373493976
40        0.807364457831
41        0.599909638554
42        0.402515060241
43        0.366415662651
44        0.370331325301
45        0.809096385542
46        0.806762048193
47        0.810165662651
48        0.666355421687
49        0.718012048193
50        0.807635542169
51        0.724638554217
52        0.375210843373
53        0.760572289157
54        0.801596385542
55        0.806265060241
56        0.799262048193
57        0.698780120482
58        0.808689759036
59        0.813237951807
60        0.802138554217
61        0.774292168675
62        0.804894578313
63        0.804186746988
64        0.691460843373
65        0.809126506024
66        0.74390060241
67        0.808765060241
68        0.796626506024
69        0.746626506024
70        0.703087349398
71        0.809668674699
72        0.810060240964
73        0.79906626506
74        0.764894578313
75        0.80953313253
76        0.786852409639
77        0.747018072289
78        0.661069277108
79        0.636069277108
80        0.80438253012
81        0.758629518072
82        0.811746987952
83        0.810888554217
84        0.55546686747
85        0.774442771084
86        0.681987951807
87        0.71936746988
88        0.374111445783
89        0.353448795181
90        0.810406626506
91        0.812213855422
92        0.806204819277
93        0.747153614458
94        0.808945783133
95        0.812575301205
96        0.785978915663
97        0.58984939759
98        0.591310240964
99        0.812936746988
100        0.799156626506
101        0.812018072289
102        0.727289156627
103        0.460421686747
104        0.632484939759
105        0.681174698795
106        0.788087349398
107        0.557153614458
108        0.70186746988
109        0.813840361446
110        0.536912650602
111        0.804201807229
112        0.811174698795
113        0.580903614458
114        0.400391566265
115        0.440030120482
116        0.754939759036
117        0.346536144578
118        0.810165662651
119        0.807936746988
120        0.802756024096
121        0.391671686747
122        0.357710843373
123        0.80906626506
124        0.523042168675
125        0.81203313253
126        0.807635542169
127        0.752936746988
128        0.805406626506
129        0.762123493976
130        0.796219879518
131        0.807725903614
132        0.729789156627
133        0.810256024096
134        0.548569277108
135        0.401822289157
136        0.772048192771
137        0.811069277108
138        0.597861445783
139        0.798207831325
140        0.791746987952
141        0.561957831325
142        0.811054216867
143        0.810406626506
144        0.808795180723
145        0.746807228916
146        0.812695783133
147        0.810798192771
148        0.800512048193
149        0.787228915663
150        0.813012048193
151        0.76609939759
152        0.810406626506
153        0.808870481928
154        0.691039156627
155        0.532334337349
156        0.369051204819
157        0.805722891566
158        0.777936746988
159        0.812560240964
160        0.537876506024
161        0.808569277108
162        0.808870481928
163        0.674246987952
164        0.640828313253
165        0.375527108434
166        0.807801204819
167        0.809578313253
168        0.799668674699
169        0.809924698795
170        0.792936746988
171        0.592996987952
172        0.809894578313
173        0.736325301205
174        0.810993975904
175        0.362484939759
176        0.809186746988
177        0.811822289157
178        0.40203313253
179        0.810737951807
180        0.362575301205
181        0.804111445783
182        0.810225903614
183        0.810873493976
184        0.725662650602
185        0.371174698795
186        0.714759036145
187        0.346551204819
188        0.368087349398
189        0.808930722892
190        0.687801204819
191        0.771551204819
192        0.810015060241
193        0.37828313253
194        0.350858433735
195        0.475858433735
196        0.378975903614
197        0.811415662651
198        0.808253012048
199        0.584186746988
200        0.401355421687
201        0.811385542169
202        0.810331325301
203        0.812695783133
204        0.803147590361
205        0.574623493976
206        0.780060240964
207        0.430948795181
208        0.411280120482
209        0.571009036145
210        0.375753012048
211        0.399578313253
212        0.81046686747
213        0.809201807229
214        0.605722891566
215        0.684698795181
216        0.811762048193
217        0.809412650602
218        0.809698795181
219        0.808418674699
220        0.648614457831
221        0.807996987952
222        0.811460843373
223        0.56453313253
224        0.67375
225        0.814246987952
226        0.637801204819
227        0.362484939759
228        0.473509036145
229        0.797575301205
230        0.813102409639
231        0.39593373494
232        0.812439759036
233        0.808358433735
234        0.564186746988
235        0.560768072289
236        0.458539156627
237        0.750286144578
238        0.372063253012
239        0.806626506024
240        0.801460843373
241        0.372108433735
242        0.805542168675
243        0.676626506024
244        0.37468373494
245        0.810858433735
246        0.809698795181
247        0.35311746988
248        0.808072289157
249        0.809126506024
250        0.81109939759
251        0.801114457831
252        0.723328313253
253        0.809909638554
254        0.787138554217
255        0.807831325301
256        0.809472891566
257        0.363313253012
258        0.808057228916
259        0.758207831325
260        0.807198795181
261        0.811024096386
262        0.812605421687
263        0.809984939759
264        0.407740963855
265        0.37468373494
266        0.797153614458
267        0.800978915663
268        0.428448795181
269        0.506536144578
270        0.445240963855
271        0.811972891566
272        0.758313253012
273        0.811430722892
274        0.807123493976
275        0.779623493976
276        0.807846385542
277        0.399563253012
278        0.404924698795
279        0.345813253012
280        0.354969879518
281        0.811807228916
282        0.364789156627
283        0.805903614458
284        0.807515060241
285        0.359578313253
286        0.812454819277
287        0.778403614458
288        0.809789156627
289        0.388403614458
290        0.569021084337
291        0.407515060241
292        0.812590361446
293        0.813584337349
294        0.337831325301
295        0.588102409639
296        0.810361445783
297        0.811942771084
298        0.802876506024
299        0.810542168675
300        0.799081325301
301        0.810120481928
302        0.69843373494
303        0.686852409639
304        0.327771084337
305        0.809759036145
306        0.809156626506
307        0.808509036145
308        0.773644578313
309        0.548192771084
310        0.809759036145
311        0.809518072289
312        0.642409638554
313        0.809623493976
314        0.666626506024
315        0.623840361446
316        0.801295180723
317        0.710346385542
318        0.79078313253
319        0.685722891566
320        0.732394578313
321        0.811490963855
322        0.808539156627
323        0.371581325301
324        0.763493975904
325        0.805737951807
326        0.266054216867
327        0.238885542169
328        0.226611445783
329        0.366762048193
330        0.223268072289
331        0.575
332        0.116521084337
