1        0.0563855421687
2        0.0768524096386
3        0.0409789156627
4        0.0988855421687
5        0.051686746988
6        0.0505421686747
7        0.0336445783133
8        0.333388554217
9        0.00977409638554
10        0.00942771084337
11        0.0160692771084
12        0.00972891566265
13        0.0451506024096
14        0.0084186746988
15        0.00840361445783
16        0.0234337349398
17        0.00704819277108
18        0.00600903614458
19        0.00926204819277
20        0.0090813253012
21        0.00825301204819
22        0.019563253012
23        0.050828313253
24        0.0396234939759
25        0.0164457831325
26        0.124804216867
27        0.0432831325301
28        0.0390210843373
29        0.100286144578
30        0.0400753012048
31        0.037484939759
32        0.00826807228916
33        0.0809487951807
34        0.0196084337349
35        0.0425451807229
36        0.0416415662651
37        0.0458734939759
38        0.0538855421687
39        0.120286144578
40        0.158780120482
41        0.142259036145
42        0.0456626506024
43        0.0683584337349
44        0.0546987951807
45        0.359036144578
46        0.21953313253
47        0.438192771084
48        0.109201807229
49        0.113027108434
50        0.247921686747
51        0.161912650602
52        0.0611746987952
53        0.179141566265
54        0.189171686747
55        0.211972891566
56        0.158659638554
57        0.0830120481928
58        0.213825301205
59        0.231114457831
60        0.179006024096
61        0.143840361446
62        0.231024096386
63        0.240813253012
64        0.104111445783
65        0.421957831325
66        0.0680271084337
67        0.439277108434
68        0.199864457831
69        0.102259036145
70        0.0826054216867
71        0.220015060241
72        0.250813253012
73        0.14906626506
74        0.146792168675
75        0.250105421687
76        0.184623493976
77        0.103448795181
78        0.127876506024
79        0.10765060241
80        0.312319277108
81        0.185587349398
82        0.266852409639
83        0.346942771084
84        0.107484939759
85        0.150542168675
86        0.134623493976
87        0.0701957831325
88        0.0505722891566
89        0.064156626506
90        0.290135542169
91        0.402364457831
92        0.409728915663
93        0.177710843373
94        0.427228915663
95        0.422620481928
96        0.244924698795
97        0.0915662650602
98        0.10625
99        0.30438253012
100        0.222575301205
101        0.369201807229
102        0.119262048193
103        0.0592018072289
104        0.110346385542
105        0.139111445783
106        0.205918674699
107        0.076686746988
108        0.113614457831
109        0.443855421687
110        0.0878765060241
111        0.253358433735
112        0.438087349398
113        0.109518072289
114        0.0558584337349
115        0.053313253012
116        0.120135542169
117        0.0599096385542
118        0.440346385542
119        0.432123493976
120        0.229096385542
121        0.0343222891566
122        0.0168674698795
123        0.41859939759
124        0.0605421686747
125        0.342831325301
126        0.252228915663
127        0.151069277108
128        0.290888554217
129        0.198042168675
130        0.259668674699
131        0.439442771084
132        0.206385542169
133        0.35563253012
134        0.0595030120482
135        0.0365813253012
136        0.174201807229
137        0.267153614458
138        0.103012048193
139        0.224307228916
140        0.211777108434
141        0.0780572289157
142        0.365948795181
143        0.330090361446
144        0.438930722892
145        0.108554216867
146        0.440496987952
147        0.436671686747
148        0.181506024096
149        0.234894578313
150        0.440075301205
151        0.0955271084337
152        0.441370481928
153        0.300993975904
154        0.11375
155        0.0603162650602
156        0.0515210843373
157        0.305075301205
158        0.211746987952
159        0.419638554217
160        0.0888102409639
161        0.420798192771
162        0.439201807229
163        0.13421686747
164        0.107906626506
165        0.0618975903614
166        0.438177710843
167        0.43390060241
168        0.267996987952
169        0.369081325301
170        0.23813253012
171        0.0505120481928
172        0.432756024096
173        0.167891566265
174        0.441671686747
175        0.0550301204819
176        0.433885542169
177        0.437695783133
178        0.0576506024096
179        0.435527108434
180        0.0603463855422
181        0.265677710843
182        0.442545180723
183        0.408524096386
184        0.159141566265
185        0.0692018072289
186        0.18265060241
187        0.0577259036145
188        0.0432228915663
189        0.383087349398
190        0.12188253012
191        0.213870481928
192        0.252334337349
193        0.0888855421687
194        0.060406626506
195        0.0722138554217
196        0.0753012048193
197        0.380180722892
198        0.337951807229
199        0.0690963855422
200        0.0631174698795
201        0.440406626506
202        0.374171686747
203        0.409412650602
204        0.252575301205
205        0.0962951807229
206        0.206942771084
207        0.0521837349398
208        0.0601204819277
209        0.0533885542169
210        0.0592018072289
211        0.0492771084337
212        0.415256024096
213        0.34625
214        0.0893524096386
215        0.129759036145
216        0.38561746988
217        0.440346385542
218        0.402620481928
219        0.441490963855
220        0.111762048193
221        0.440557228916
222        0.3125
223        0.102319277108
224        0.152138554217
225        0.369036144578
226        0.121054216867
227        0.0642018072289
228        0.0605421686747
229        0.228177710843
230        0.441159638554
231        0.0432078313253
232        0.434141566265
233        0.403569277108
234        0.0960993975904
235        0.0901355421687
236        0.0651807228916
237        0.22063253012
238        0.0485993975904
239        0.272740963855
240        0.284759036145
241        0.0643975903614
242        0.231204819277
243        0.128087349398
244        0.0682981927711
245        0.396355421687
246        0.415768072289
247        0.0568825301205
248        0.440210843373
249        0.314909638554
250        0.367545180723
251        0.24484939759
252        0.163027108434
253        0.412018072289
254        0.222289156627
255        0.442891566265
256        0.383253012048
257        0.0555120481928
258        0.436144578313
259        0.144307228916
260        0.304984939759
261        0.438222891566
262        0.313930722892
263        0.436837349398
264        0.060843373494
265        0.0787198795181
266        0.19921686747
267        0.204638554217
268        0.0567168674699
269        0.062921686747
270        0.0531475903614
271        0.257575301205
272        0.169171686747
273        0.370662650602
274        0.356144578313
275        0.223674698795
276        0.364487951807
277        0.0446837349398
278        0.0673493975904
279        0.0643222891566
280        0.0580873493976
281        0.28390060241
282        0.0455271084337
283        0.266204819277
284        0.408659638554
285        0.0473493975904
286        0.283780120482
287        0.217846385542
288        0.364518072289
289        0.0510090361446
290        0.104668674699
291        0.0561596385542
292        0.427891566265
293        0.439954819277
294        0.0910542168675
295        0.115753012048
296        0.429111445783
297        0.402364457831
298        0.25859939759
299        0.439593373494
300        0.26688253012
301        0.440692771084
302        0.13671686747
303        0.138478915663
304        0.0524246987952
305        0.406475903614
306        0.428328313253
307        0.424879518072
308        0.185722891566
309        0.0970481927711
310        0.428689759036
311        0.438885542169
312        0.0819879518072
313        0.373478915663
314        0.0786295180723
315        0.0920180722892
316        0.209743975904
317        0.0969578313253
318        0.151415662651
319        0.0671987951807
320        0.141701807229
321        0.404141566265
322        0.300030120482
323        0.0504819277108
324        0.169141566265
325        0.262003012048
326        0.0522138554217
327        0.0115060240964
328        0.0108584337349
329        0.0553463855422
330        0.00826807228916
331        0.120286144578
332        0.00572289156627
