1        0.5311923076923033
2        0.5622358974358863
3        0.4465846153846277
4        0.3101256410256682
5        0.28509743589746256
6        0.33044615384618026
7        0.525712820512818
8        0.5727461538461461
9        0.4721435897435925
10        0.41291282051284306
11        0.4850025641025603
12        0.5349435897435837
13        0.49178461538461354
14        0.47661794871795016
15        0.5047743589743564
16        0.40113076923079455
17        0.33048205128207897
18        0.5039205128205092
19        0.5115871794871747
20        0.3710256410256671
21        0.41178205128207546
22        0.5803974358974286
23        0.5473717948717862
24        0.3783974358974622
25        0.44113846153847325
26        0.4693076923076932
27        0.5190666666666631
28        0.45272051282051734
29        0.4455923076923179
30        0.4559333333333383
31        0.4201128205128416
32        0.47968974358974564
33        0.48327435897435916
34        0.2095153846154029
35        0.5796717948717843
36        0.6456256410256329
37        0.2774923076923306
38        0.6061564102564002
39        0.6505153846153732
