1        0.9148948717948955
2        0.917874358974388
3        0.8740461538461685
4        0.7384282051282072
5        0.7252743589743592
6        0.7634102564102562
7        0.9128333333333568
8        0.9211230769231009
9        0.8860717948718151
10        0.832443589743596
11        0.8900923076923258
12        0.9112282051282274
13        0.8903538461538676
14        0.8968948717948919
15        0.9064307692307936
16        0.8305025641025724
17        0.7573512820512802
18        0.907315384615405
19        0.9071538461538705
20        0.77874615384615
21        0.8279179487179527
22        0.923233333333357
23        0.9148820512820783
24        0.7808846153846074
25        0.8642923076923207
26        0.8851487179487382
27        0.9098384615384846
28        0.8683717948718098
29        0.8671769230769376
30        0.8715538461538621
31        0.8352153846153959
32        0.8864564102564284
33        0.8847948717948885
34        0.6209256410256332
35        0.9231230769231028
36        0.9248128205128494
37        0.7238769230769239
38        0.9255102564102832
39        0.9254205128205354
