1        0.2988692307692414
2        0.325382051282061
3        0.24305641025642594
4        0.16657692307693553
5        0.151920512820523
6        0.17043333333334765
7        0.29426410256411384
8        0.33603076923077724
9        0.2627487179487327
10        0.2214025641025815
11        0.2646871794871939
12        0.3012641025641143
13        0.27397692307693894
14        0.25678717948719343
15        0.28039743589744953
16        0.21524102564104178
17        0.17313333333334743
18        0.27605641025642386
19        0.2884487179487306
20        0.20471282051283907
21        0.22779487179489083
22        0.3442538461538547
23        0.31608717948719156
24        0.20552820512822395
25        0.23962564102565798
26        0.26056666666668254
27        0.2896256410256533
28        0.24765641025642762
29        0.23802820512822173
30        0.2462974358974542
31        0.2287384615384793
32        0.2627743589743752
33        0.2642128205128371
34        0.1038538461538438
35        0.3367000000000063
36        0.4208307692307694
37        0.13749743589744343
38        0.363307692307696
39        0.4342487179487149
