1        0.6836282051281972
2        0.7041128205128141
3        0.5912974358974283
4        0.4333846153846344
5        0.40585641025643615
6        0.4481025641025737
7        0.6770435897435851
8        0.7145794871794806
9        0.6206025641025514
10        0.5386692307692224
11        0.6279871794871635
12        0.6762102564102477
13        0.6337205128204944
14        0.6275974358974249
15        0.6546794871794785
16        0.5346179487179397
17        0.45331538461539567
18        0.6584333333333252
19        0.6658487179487115
20        0.49998461538461186
21        0.5486871794871689
22        0.7199589743589685
23        0.6931794871794797
24        0.4979871794871695
25        0.5893435897435776
26        0.6196025641025511
27        0.6669897435897358
28        0.5930256410256258
29        0.5843897435897305
30        0.5958461538461413
31        0.5505948717948606
32        0.621905128205118
33        0.6205179487179395
34        0.3059820512820786
35        0.7233179487179489
36        0.7607820512820469
37        0.39280769230771806
38        0.7412641025640996
39        0.7627384615384565
