1        0.1447076923076979
2        0.16039487179488018
3        0.11509487179487439
4        0.08209743589743453
5        0.07503333333333446
6        0.08123846153846043
7        0.14196153846154447
8        0.1650333333333396
9        0.12516923076923564
10        0.10592820512820272
11        0.1273666666666725
12        0.14121025641026352
13        0.13245897435898094
14        0.12315897435897886
15        0.13025384615385108
16        0.09925897435897134
17        0.0861512820512795
18        0.13363076923077505
19        0.1407179487179553
20        0.09789230769230287
21        0.10604358974358749
22        0.17271538461539054
23        0.15064615384616084
24        0.09823333333332858
25        0.11390769230769397
26        0.12401794871795264
27        0.1385358974359035
28        0.11755641025641285
29        0.11406153846154023
30        0.12097179487179896
31        0.10544102564102292
32        0.12612051282051714
33        0.12611538461538935
34        0.052028205128213004
35        0.16899487179487716
36        0.2295025641025629
37        0.06655641025641242
38        0.18531538461538902
39        0.24236666666666395
