1        0.8990461538461761
2        0.904061538461565
3        0.8570333333333485
4        0.7110282051282035
5        0.6896999999999999
6        0.7266717948717867
7        0.8981615384615547
8        0.9067897435897657
9        0.8647410256410382
10        0.8081820512820505
11        0.8716974358974509
12        0.8947512820513013
13        0.871958974358985
14        0.8761794871795042
15        0.8865025641025808
16        0.802353846153849
17        0.7254974358974325
18        0.8883871794871984
19        0.8929000000000178
20        0.7597820512820447
21        0.8066692307692314
22        0.908033333333353
23        0.896597435897456
24        0.7546794871794807
25        0.8463000000000058
26        0.8665948717948849
27        0.8889282051282238
28        0.8436974358974434
29        0.8413923076923168
30        0.8418820512820543
31        0.8087794871794868
32        0.8635282051282213
33        0.8659128205128361
34        0.5827102564102541
35        0.9077025641025868
36        0.9114948717948977
37        0.6823897435897411
38        0.9113974358974596
39        0.912638461538487
