1        0.031624637681157954
2        0.031140579710143477
3        0.02832173913043348
4        0.028698550724636344
5        0.023969565217390187
6        0.024689855072462623
7        0.03205362318840431
8        0.03737681159420115
9        0.03711159420289683
10        0.0456666666666645
11        0.04518115942028771
12        0.041423188405795175
13        0.03425072463767957
14        0.033482608695650604
15        0.03321449275362166
16        0.03352898550724483
17        0.024463768115940896
18        0.033485507246375286
19        0.0301898550724624
20        0.03218115942028838
21        0.034181159420288286
22        0.03361304347825932
23        0.03489565217391142
24        0.03292753623188254
25        0.031228985507244948
26        0.026084057971013312
27        0.03256521739130286
28        0.02561884057970898
29        0.026017391304346636
30        0.026631884057969783
31        0.026844927536230672
32        0.03203188405796955
33        0.030588405797100062
34        0.030384057971013095
35        0.033191304347824545
36        0.028105797101448
37        0.02215797101449171
38        0.030969565217389868
39        0.02916231884057836
40        0.030798550724636255
41        0.020750724637680185
42        0.035107246376809974
43        0.03432173913043321
44        0.02463333333333222
45        0.04056086956521549
46        0.02292898550724531
47        0.025786956521737972
48        0.021130434782607684
49        0.03192028985507098
50        0.027133333333332076
51        0.03643623188405627
52        0.04501159420289642
53        0.021199999999998994
54        0.021844927536230848
55        0.021524637681158417
56        0.03527536231883895
57        0.03528260869565052
58        0.03714202898550551
59        0.02374057971014384
60        0.02176376811594102
61        0.03811739130434605
62        0.024237681159419183
63        0.039566666666664835
64        0.04972318840579471
65        0.030450724637679748
66        0.05100579710144685
67        0.017002898550723778
68        0.04622173913043259
69        0.049515942028983115
