1        0.4067072463768024
2        0.39805942028984664
3        0.36071594202897755
4        0.3631637681159334
5        0.2857768115941964
6        0.3021449275362274
7        0.4154681159420194
8        0.48913333333332165
9        0.46796086956520666
10        0.5304144927536154
11        0.527515942028978
12        0.5134550724637602
13        0.4390565217391224
14        0.4305666666666548
15        0.42658550724636707
16        0.4360768115941921
17        0.2825565217391219
18        0.4341695652173793
19        0.40419275362317575
20        0.42735507246375537
21        0.4429956521738999
22        0.4408811594202765
23        0.45186231884056904
24        0.4267246376811465
25        0.3996869565217236
26        0.3113695652173794
27        0.4229913043478122
28        0.3148289855072324
29        0.3191159420289712
30        0.32919420289853774
31        0.3395753623188259
32        0.42478985507244943
33        0.39645797101447877
34        0.3935536231883918
35        0.43684782608694367
36        0.36105362318839346
37        0.24775797101449615
38        0.41082898550723196
39        0.3726927536231732
40        0.41116666666665314
41        0.21317971014494919
42        0.4544927536231765
43        0.4498405797101331
44        0.2771521739130431
45        0.4997028985507177
46        0.2477173913043515
47        0.30806086956521056
48        0.21932028985509033
49        0.4081666666666571
50        0.33603333333332397
51        0.4611420289854982
52        0.5225144927536169
53        0.2045057971014755
54        0.22247246376813382
55        0.21601014492755552
56        0.4527782608695559
57        0.4538144927536122
58        0.4694289855072344
59        0.2726478260869514
60        0.23212608695653217
61        0.4761521739130356
62        0.28853623188405136
63        0.4887362318840478
64        0.550937681159415
65        0.4021913043478174
66        0.5553797101449233
67        0.10137536231886181
68        0.5324855072463697
69        0.5511159420289817
