1        0.9026347826086468
2        0.8970913043477845
3        0.876928985507198
4        0.8808869565216916
5        0.7844695652173388
6        0.8102144927535718
7        0.9032565217390864
8        0.9181681159419848
9        0.916117391304303
10        0.922613043478216
11        0.9233652173912582
12        0.9215898550724176
13        0.9126115942028591
14        0.9087391304347353
15        0.9061985507245969
16        0.9056275362318387
17        0.774571014492697
18        0.9049739130434338
19        0.8950999999999569
20        0.9027217391303884
21        0.9111101449274902
22        0.9070999999999582
23        0.9128202898550272
24        0.9037333333332884
25        0.8926289855072009
26        0.8168376811593622
27        0.8997101449274935
28        0.8114652173912523
29        0.8170826086955981
30        0.8276376811593696
31        0.8422130434782128
32        0.9012869565216964
33        0.8874391304347399
34        0.8840376811593719
35        0.9031449275361887
36        0.8556666666666202
37        0.7225376811593615
38        0.8942318840579261
39        0.873497101449227
40        0.8966014492753196
41        0.6836739130434151
42        0.9119652173912532
43        0.908265217391258
44        0.7744231884057392
45        0.9229971014492292
46        0.734833333333275
47        0.829440579710093
48        0.6734333333332756
49        0.8972478260869129
50        0.856972463768064
51        0.9162043478260428
52        0.9237826086956064
53        0.6679289855071885
54        0.6880318840579129
55        0.6937478260868969
56        0.9125492753622744
57        0.9135289855072024
58        0.9143782608695216
59        0.7757057971013914
60        0.6897753623187803
61        0.9185304347825617
62        0.7914753623187853
63        0.921740579710102
64        0.9234188405796644
65        0.9007710144927072
66        0.9241275362318363
67        0.46267391304342553
68        0.9240985507245912
69        0.9239999999999556
