1        0.9957637681159415
2        0.9957217391304363
3        0.9958333333333299
4        0.9959144927536161
5        0.9923014492753583
6        0.9941999999999993
7        0.995923188405794
8        0.9958724637681138
9        0.9959362318840546
10        0.9957724637681127
11        0.9957362318840558
12        0.9958217391304311
13        0.9957956521739109
14        0.995817391304346
15        0.9957318840579694
16        0.9957507246376761
17        0.9892768115942004
18        0.9958362318840562
19        0.9958289855072427
20        0.9958014492753621
21        0.9957753623188371
22        0.9959391304347776
23        0.9957536231884045
24        0.9957159420289843
25        0.9957260869565197
26        0.993553623188402
27        0.995898550724636
28        0.993665217391301
29        0.9933159420289825
30        0.9932942028985486
31        0.9943782608695596
32        0.9958144927536209
33        0.9955188405797051
34        0.9957072463768074
35        0.995856521739127
36        0.9953985507246346
37        0.9827449275362329
38        0.9958043478260828
39        0.9958507246376778
40        0.9958072463768096
41        0.9740217391304347
42        0.9958217391304314
43        0.9957710144927494
44        0.9917260869565202
45        0.9958579710144905
46        0.988097101449273
47        0.9947710144927525
48        0.9755956521739103
49        0.9956202898550669
50        0.9952420289855006
51        0.9958985507246365
52        0.9957811594202867
53        0.9741202898550713
54        0.9850318840579719
55        0.9847521739130414
56        0.9959608695652125
57        0.9958391304347777
58        0.9957855072463763
59        0.991266666666665
60        0.9744898550724626
61        0.9957782608695607
62        0.991186956521737
63        0.995866666666664
64        0.9957884057970963
65        0.9957768115942001
66        0.995839130434782
67        0.8778579710144943
68        0.9957855072463726
69        0.9957478260869568
