1        0.06387101449275831
2        0.0611492753623225
3        0.054488405797101756
4        0.05466086956521741
5        0.0431014492753606
6        0.0456376811594185
7        0.06426086956522264
8        0.07972173913044367
9        0.07635217391305152
10        0.0971362318840691
11        0.09576666666667702
12        0.08938260869566227
13        0.06966086956522352
14        0.06805217391304995
15        0.06685072463768692
16        0.06803043478261536
17        0.04350579710144751
18        0.0668159420289919
19        0.06270434782609133
20        0.06622898550725272
21        0.06967101449276032
22        0.06848115942029673
23        0.07274637681160256
24        0.0676086956521807
25        0.06209130434783082
26        0.04730144927536046
27        0.06446956521739701
28        0.04833333333333147
29        0.047813043478259015
30        0.05032318840579514
31        0.05186376811594073
32        0.06410434782609199
33        0.06011304347826475
34        0.0617768115942074
35        0.06853623188406442
36        0.054711594202899304
37        0.037950724637679685
38        0.061907246376816036
39        0.05650144927536404
40        0.06452463768116518
41        0.033444927536230615
42        0.07205362318841316
43        0.07013768115942778
44        0.04275797101449109
45        0.08518115942029925
46        0.038959420289853594
47        0.046459420289853205
48        0.03565072463767977
49        0.06365362318841072
50        0.05051594202898348
51        0.07581449275363104
52        0.0930173913043581
53        0.033162318840578485
54        0.03619855072463631
55        0.03419710144927404
56        0.07200144927537011
57        0.07273913043479095
58        0.07704202898551575
59        0.042463768115940374
60        0.03645942028985373
61        0.07691159420290647
62        0.043239130434780934
63        0.08229855072464712
64        0.10518985507247439
65        0.059740579710148164
66        0.1068478260869673
67        0.021071014492752706
68        0.09840724637682192
69        0.10519130434783687
