1        0.01982608695652072
2        0.019568115942027984
3        0.018804347826085994
4        0.01887391304347729
5        0.017450724637680253
6        0.017782608695651257
7        0.019830434782607688
8        0.021949275362317725
9        0.02142028985507137
10        0.024226086956520506
11        0.024372463768114718
12        0.023144927536230715
13        0.020569565217390253
14        0.020311594202897517
15        0.02014202898550621
16        0.020265217391303315
17        0.017073913043477374
18        0.019905797101448255
19        0.019389855072462773
20        0.019997101449274354
21        0.02059420289854967
22        0.020086956521738104
23        0.02072318840579604
24        0.02016086956521636
25        0.01919999999999902
26        0.017831884057970093
27        0.019675362318839585
28        0.017671014492752716
29        0.017713043478259957
30        0.017884057971013577
31        0.01811594202898458
32        0.019702898550723623
33        0.019259420289854095
34        0.01909710144927438
35        0.020288405797100412
36        0.01827826086956428
37        0.016766666666665795
38        0.01938260869565118
39        0.018744927536230922
40        0.019534782608694665
41        0.01644927536231798
42        0.020973913043477198
43        0.020766666666665608
44        0.017224637681158533
45        0.022913043478259704
46        0.01698260869565129
47        0.017908695652172988
48        0.016410144927535376
49        0.019798550724636668
50        0.018276811594201966
51        0.02122173913043371
52        0.02436231884057848
53        0.016327536231883204
54        0.016601449275361453
55        0.01666376811594116
56        0.020721739130433726
57        0.020915942028984447
58        0.021197101449274287
59        0.017186956521738246
60        0.016607246376810728
61        0.021649275362317737
62        0.017253623188404902
63        0.022478260869564077
64        0.026237681159418953
65        0.019544927536230883
66        0.0268043478260856
67        0.015397101449274546
68        0.025160869565216112
69        0.026518840579708797
