1        0.9983898550724604
2        0.998413043478257
3        0.9984579710144892
4        0.9985188405797071
5        0.9978652173913024
6        0.9983550724637645
7        0.9984710144927503
8        0.998402898550721
9        0.9984840579710109
10        0.9984579710144893
11        0.9983695652173896
12        0.9984869565217374
13        0.9983927536231857
14        0.9984536231884029
15        0.9985260869565172
16        0.9984782608695628
17        0.996582608695652
18        0.9985130434782573
19        0.9984521739130403
20        0.9983260869565193
21        0.9985492753623159
22        0.9985492753623143
23        0.9984449275362295
24        0.9984550724637644
25        0.9984478260869548
26        0.9980768115941996
27        0.9984420289855056
28        0.9980333333333314
29        0.9979202898550695
30        0.998357971014491
31        0.9984159420289834
32        0.9984782608695608
33        0.9984536231884029
34        0.998582608695649
35        0.9983724637681113
36        0.9983666666666613
37        0.9961999999999968
38        0.9984144927536206
39        0.9984826086956484
40        0.998488405797098
41        0.9926159420289851
42        0.9985637681159396
43        0.9984753623188378
44        0.9977985507246357
45        0.9984362318840545
46        0.9962869565217346
47        0.9983637681159387
48        0.9915594202898524
49        0.998457971014489
50        0.9983144927536208
51        0.9984434782608672
52        0.9985347826086943
53        0.9923782608695634
54        0.9949449275362282
55        0.9963492753623173
56        0.9984565217391288
57        0.9984739130434749
58        0.9984579710144901
59        0.9969347826086938
60        0.9913985507246347
61        0.9984565217391274
62        0.9978565217391284
63        0.9984391304347803
64        0.9984391304347803
65        0.9983739130434754
66        0.9985014492753586
67        0.9428391304347815
68        0.9984043478260827
69        0.9984434782608667
