1        0.42617065127782344
2        0.4821207749381699
3        0.4828338829348721
4        0.48070486397361906
5        0.48241549876339684
6        0.4805605935696623
7        0.47922506183017327
8        0.22828524319868065
9        0.3004410552349544
10        0.4811108821104698
11        0.4827349546578729
12        0.1983738664468258
13        0.48057089859851615
14        0.4809604286892006
15        0.30927864798021415
16        0.4680090684253915
17        0.4657460840890353
18        0.48080997526793057
19        0.4786809563066779
20        0.4817394888705687
21        0.482765869744435
22        0.2617415498763394
23        0.4662201154163229
24        0.18821104699093127
25        0.4645548227535038
26        0.4792930750206099
27        0.2583264633140969
28        0.4193693322341303
29        0.46714138499587776
30        0.4811974443528445
31        0.06545548227535031
32        0.08201360263808724
33        0.47944146743610844
34        0.45271640560593546
35        0.46210634789777394
36        0.21513190436933194
37        0.4816261335531737
38        0.4547918384171476
39        0.46617271228359414
40        0.37049258037922483
41        0.47123660346248974
42        0.4809624896949714
43        0.4816426215993407
44        0.4793260511129429
45        0.4717044517724652
46        0.4481821929101399
47        0.46909934047815305
48        0.3544909315746082
49        0.43288128606760096
50        0.45861294311624085
51        0.47173536685902673
52        0.479762984336356
53        0.46962283594394066
54        0.47203627370156587
55        0.4797588623248143
56        0.4769126133553175
57        0.42613973619126105
58        0.41774319868095605
59        0.47854905193734576
60        0.4742724649629022
61        0.48202184666117076
62        0.4803338829348723
63        0.48074196207749387
64        0.34978977741137646
65        0.4803874690849133
66        0.48240931574608387
67        0.4824443528441879
68        0.48038540807914254
69        0.4814859851607585
70        0.25967436108821074
71        0.4815107172300081
72        0.4815230832646328
73        0.4818260511129428
74        0.17135614179719674
75        0.4825618301731244
76        0.41288334707337165
77        0.4571887881286065
78        0.36324196207749354
79        0.4674072547403129
80        0.4254122011541629
81        0.43811624072547367
82        0.421199505358615
83        0.42794929925803765
84        0.4823371805441053
85        0.46492374278647985
86        0.482275350370981
87        0.4821516900247318
88        0.4788046166529265
89        0.4724567188788128
90        0.4736624072547401
91        0.4742765869744434
92        0.4760634789777412
93        0.4814262159934048
94        0.48056059356966196
95        0.482038334707337
96        0.48211253091508666
97        0.2242683429513599
98        0.35812860676009867
99        0.3357419620774937
100        0.3205997526793072
101        0.05532151690024713
102        0.451290189612531
103        0.46264633140972783
104        0.4529307502061007
105        0.479392003297609
106        0.47672712283594376
107        0.436209810387469
108        0.4583120362737015
109        0.4524072547403126
110        0.47860057708161585
111        0.44631079967023896
112        0.48138293487221695
113        0.4764138499587801
114        0.4438788128606759
115        0.41176009892827664
116        0.40855111294311613
117        0.4634047815333884
118        0.48203627370156615
119        0.4824732069249796
120        0.4824051937345423
121        0.48058738664468237
122        0.31378194558944733
123        0.22408079142621568
124        0.4617848309975266
125        0.44872423742786455
126        0.48124278647980206
127        0.48086562242374264
128        0.13126339653750996
129        0.1475432811211869
130        0.07938788128606725
131        0.4817353668590272
132        0.38285861500412166
133        0.47371187139324006
134        0.4822238252267103
135        0.47618301731244833
136        0.48171063478977744
137        0.2649608408903542
138        0.4831986809563068
139        0.4815086562242372
140        0.2926525144270402
141        0.46430750206100585
142        0.28958985985160723
143        0.3276339653751026
144        0.42354699093157455
145        0.4281409727947238
146        0.48163849958779864
147        0.48064097279472356
148        0.48125721352019774
149        0.4818136850783183
150        0.4784501236603463
151        0.48216199505358603
152        0.4819167353668587
153        0.48176834295136034
154        0.4826174773289364
155        0.4813499587798844
156        0.37548433635614165
157        0.2894064303380045
158        0.438204863973619
159        0.4819352844187964
160        0.45857172300082405
161        0.4665993404781535
162        0.45993816982687524
163        0.4743899422918383
164        0.47154781533388246
165        0.4771764220939818
166        0.46678070898598506
167        0.4821331409727944
168        0.4811624072547404
169        0.35346455070074173
170        0.4600741962077494
171        0.2859480626545751
172        0.4401112943116242
173        0.45452390766694123
174        0.346545754328112
175        0.33542250618301717
176        0.3937757625721347
177        0.4375762572135197
178        0.3542477328936521
179        0.3231409727947236
180        0.43176215993404804
181        0.4810387469084912
182        0.4795548227535036
183        0.2892106347897772
184        0.2241591096455067
185        0.20820074196207727
186        0.13319868095630644
187        0.30840684253915884
188        0.4564076669414673
189        0.4810408079142622
190        0.06550082440230814
191        0.0873557295960426
192        0.07098722176422086
193        0.4811541632316566
194        0.18589447650453383
195        0.4165704863973614
196        0.4822423742786478
197        0.43427658697444327
198        0.4628792250618303
199        0.47261335531739523
200        0.2915931574608406
201        0.4659501236603461
202        0.48167353668590296
203        0.4628091508656226
204        0.4794641384995875
205        0.4766632316570487
206        0.47433841714756825
207        0.4784006595218468
208        0.46743816982687575
209        0.47582234130255574
210        0.47244023083264625
211        0.3562510305028851
212        0.17419208573783979
213        0.40180131904369326
214        0.299122011541632
215        0.14673124484748523
216        0.11836768342951327
217        0.476972382522671
218        0.48132316570486383
219        0.45077493816982694
220        0.45451154163231644
221        0.37522258862324825
222        0.3256533388293484
223        0.167642209398186
224        0.4819950535861501
225        0.48209398186314906
226        0.4815375103050289
227        0.4812139323990109
228        0.4812180544105524
229        0.48211459192085715
230        0.47806677658697483
231        0.28796990931574595
232        0.24642621599340436
233        0.20750824402308296
234        0.28015251442704003
235        0.4790890354492992
236        0.47393239901071743
237        0.46719703215168984
238        0.07302761747732882
239        0.06572341302555636
240        0.47991549876339673
241        0.36901071723000795
242        0.4808924154987633
243        0.3989200329760923
244        0.45020403957131044
245        0.47720115416323144
246        0.24303173948887022
247        0.48164468260511134
248        0.4821846661170651
249        0.48079142621599347
250        0.47955070074196177
251        0.48191879637262963
252        0.48165292662819487
253        0.34950329760923315
254        0.48099340478153346
255        0.48131904369332246
256        0.4784830997526791
257        0.4830956306677658
258        0.48058120362737006
259        0.4814653751030504
260        0.46507419620774954
261        0.0678132728771638
262        0.13752061005770788
263        0.17156224237427828
264        0.4711211871393238
265        0.46232275350371
266        0.40659727947238217
267        0.4091384995877986
268        0.3250185490519372
269        0.3628709810387468
270        0.31811624072547373
271        0.3296145919208572
272        0.43619126133553165
273        0.42821929101401496
274        0.4186129431162407
275        0.3783511953833467
276        0.4252452596867268
277        0.4027988458367682
278        0.48119744435284434
279        0.48199711459192085
280        0.4738911788953009
281        0.4741446826051113
282        0.47913849958779897
283        0.4807749381698266
284        0.48005152514427
285        0.4807069249793897
286        0.48218672712283595
287        0.4815333882934874
288        0.3753132728771639
289        0.4696558120362735
290        0.45112530915086524
291        0.46944971145919195
292        0.46948887056883737
293        0.47576257213520207
294        0.4770610057708161
295        0.4792312448474854
296        0.40276174773289364
297        0.4059480626545752
298        0.4770960428689198
299        0.4785593569661999
300        0.4649629018961252
301        0.4809439406430339
302        0.16430131904369297
303        0.2485985160758447
304        0.4811685902720529
305        0.2508553173948883
306        0.4189447650453419
307        0.48186727122835976
308        0.3037860676009889
309        0.4813685078318218
310        0.4797073371805443
311        0.47992580379225075
312        0.4819414674361086
313        0.48199505358614986
314        0.30361088211046966
315        0.36874484748557246
316        0.47655605935696593
317        0.4708594394064301
318        0.2720548227535035
319        0.39041632316570457
320        0.24787304204451735
321        0.1618837592745256
322        0.4403441879637263
323        0.48136850783182195
324        0.3962262984336352
325        0.4808202802967847
326        0.48198474855729584
327        0.34916117065127744
328        0.42398598516075814
329        0.3612613355317392
330        0.36354699093157433
331        0.48166529266281954
332        0.29057295960428664
333        0.2998206924979387
334        0.4518178070898597
335        0.23644270403957102
336        0.44130049464138493
337        0.1501071723000821
338        0.36425803792250605
339        0.43548227535037076
340        0.4384542456718878
341        0.42565539983511963
342        0.4810387469084913
343        0.48019167353668585
344        0.3941426215993404
345        0.47197032151690055
346        0.34440849134377566
347        0.2744806265457541
348        0.2999814509480624
349        0.4125968672712282
350        0.37416529266281917
351        0.47067807089859864
352        0.3976566364385817
353        0.45527617477328947
354        0.36686933223413015
355        0.3015581203627369
356        0.17137881286067574
357        0.1744929925803788
358        0.3285655399835118
359        0.4215375103050287
360        0.4783656224237426
361        0.23133759274525936
362        0.21213520197856528
363        0.2146228359439404
364        0.2851483924154985
365        0.2865230832646328
366        0.4241096455070068
367        0.4066776586974442
368        0.30650865622423706
369        0.38129225061830163
370        0.46003503709810384
371        0.36192085737840024
372        0.16183429513602615
373        0.3946352019785654
374        0.39235985160758424
375        0.33920239076669384
376        0.24611088211046966
377        0.4792436108821103
378        0.45533800494641385
379        0.4512963726298431
380        0.47896537510305043
381        0.4774402308326461
382        0.47568425391591107
383        0.4774546578730417
384        0.4691364385820282
385        0.47993198680956295
386        0.4802679307502061
387        0.23353874690849097
388        0.09690643033800474
389        0.11322341302555619
390        0.16901483924154956
391        0.45548021434460007
392        0.4725412201154161
393        0.34488252267106334
394        0.4492333058532564
395        0.20969703215168958
396        0.18764839241549847
397        0.46743610882110476
398        0.4619414674361089
399        0.4359212695795546
400        0.4447774113767517
401        0.4412778235779056
402        0.46719703215169006
403        0.4748577906018135
404        0.4041096455070074
405        0.410350370981038
406        0.45499793899422886
407        0.46887469084913436
408        0.2923165704863969
409        0.4093363561417972
410        0.29151690024732035
411        0.4663437757625718
412        0.3132811211871391
413        0.45015457543281107
414        0.43514633140972786
415        0.45958573784006584
416        0.4747588623248146
417        0.4671537510305025
418        0.41463107996702364
419        0.4741014014839244
420        0.4255523495465785
421        0.4311026380873865
422        0.4477844187963724
423        0.4785387469084912
424        0.43282151690024745
425        0.4536995053586152
426        0.4554122011541629
427        0.4113849958779881
428        0.42075845012366014
429        0.4453606760098932
430        0.43584913437757633
431        0.4418301731244847
432        0.23010923330585292
433        0.14782563891178868
434        0.47433429513602654
435        0.2962901896125307
436        0.17619744435284393
437        0.1876154163231654
438        0.47508862324814516
439        0.2084954657873039
440        0.26075638911788934
441        0.1927246496290186
442        0.020148392415498807
443        0.0198557295960429
444        0.11808326463314071
445        0.3537530915086559
446        0.4747300082440228
447        0.41476710634789754
448        0.45690436933223394
449        0.4615148392415499
450        0.38602844187963714
451        0.3103709810387467
452        0.2962345424567186
453        0.277765869744435
454        0.4456492168178067
455        0.44430131904369297
456        0.36472588623248114
457        0.36660758450123654
458        0.4271702390766691
459        0.10131492168178045
460        0.3989901071723
461        0.4428895300906841
462        0.4490766694146743
463        0.46814921681780697
464        0.4628977741137675
465        0.48121187139323984
466        0.07969291014014816
467        0.0756615828524318
468        0.26261129431162367
469        0.4425288540807913
470        0.47326051112943124
471        0.4818095630667766
472        0.27945589447650426
473        0.47429925803792244
474        0.4698866446826047
475        0.46981863149216835
476        0.46215375103050305
477        0.3651360263808738
478        0.4127885408079141
479        0.48172918384171504
480        0.4218487221764218
481        0.2031677658697442
482        0.06593157460840882
483        0.12093363561417954
484        0.12808944765045324
485        0.4124093157460839
486        0.0511108821104699
487        0.18820692497938957
488        0.07310593569661988
489        0.12580173124484711
490        0.4822403132728768
491        0.48154575432811214
492        0.48057708161582835
493        0.4811665292662821
494        0.25836150041220085
495        0.3711211871393239
496        0.3158182192910137
497        0.19111088211046956
498        0.19100577081615794
499        0.47715169002473184
500        0.4176215993404779
501        0.40921887881286045
502        0.47977947238252283
503        0.4349711459192086
504        0.4603441879637263
505        0.4250350370981036
506        0.4340498763396534
507        0.47979183841714745
508        0.43681986809563056
509        0.4697320692497939
510        0.4205152514427038
511        0.4073990107172301
512        0.43739282769991744
513        0.4789200329760923
514        0.47407460840890353
515        0.47289983511953865
516        0.4792291838417143
517        0.4806141797197032
518        0.4816075845012364
519        0.15699711459192056
520        0.29174773289365186
521        0.273147155812036
522        0.3704925803792247
523        0.3942023907666938
524        0.4306553998351192
525        0.2511644682605108
526        0.1779307502061003
527        0.3308903544929923
528        0.4115478153338829
529        0.39912613355317383
530        0.47725680131904374
531        0.4789798021434457
532        0.47958779884583697
533        0.44307708161582815
534        0.4082234130255562
535        0.4814983511953831
536        0.2917765869744432
537        0.4217518549051935
538        0.4061108821104695
539        0.3907069249793894
540        0.40774525968672676
541        0.4222794723825226
542        0.42091508656224214
543        0.40396537510305
544        0.3971784830997526
545        0.41216405605935713
546        0.40499381698268727
547        0.39670651277823554
548        0.4806244847485574
549        0.055502885408078934
550        0.18577493816982663
551        0.16237840065952155
552        0.37098516075845006
553        0.19723000824402281
554        0.3948000824402307
555        0.06798021434459996
556        0.38243198680956275
557        0.45996084089035444
558        0.48174979389942274
559        0.41443116240725447
560        0.3737613355317393
561        0.41251030502885383
562        0.3750803792250616
563        0.44381698268755154
564        0.16878606760098905
565        0.4526009892827698
566        0.4198928276999175
567        0.4602493816982687
568        0.4041488046166529
569        0.47709398186314916
570        0.47774525968672693
571        0.41380461665292634
572        0.4621372629843363
573        0.3173825226710633
574        0.4362345424567188
575        0.14477122835943917
576        0.4338994229183838
577        0.11583882934872193
578        0.36815952184666095
579        0.431071723000824
580        0.29419620774938143
581        0.4791859027205274
582        0.48041632316570504
583        0.42931162407254747
584        0.32477122835943917
585        0.46799876339653734
586        0.47918384171475664
587        0.4771537510305032
588        0.48165086562242343
589        0.19569043693322308
590        0.27400041220115395
591        0.27745259686727103
592        0.43128606760098903
593        0.35627988458367665
594        0.40300906842539136
595        0.1976030502885405
596        0.22885614179719685
597        0.2273495465787302
598        0.2719600164880458
599        0.2796393239901069
600        0.48206100577081606
601        0.47926628194558935
602        0.4812036273701566
603        0.48089859851607636
604        0.34412201154163213
605        0.2820197856553996
606        0.4486933223413025
607        0.47443528441879645
608        0.4797361912613357
609        0.10611706512778206
610        0.4814035449299259
611        0.24587180544105497
612        0.480589447650453
613        0.31042868920032957
614        0.3079060181368506
615        0.24574196207749352
616        0.29221145919208535
617        0.48058944765045347
618        0.09480214344600135
619        0.4264488870568832
620        0.47407873042044485
621        0.4817065127782355
622        0.4816323165704863
623        0.39651690024732017
624        0.3639942291838418
625        0.2574958779884581
626        0.34427246496290176
627        0.11550082440230806
628        0.14917147568013156
629        0.48139117889530075
630        0.28423536685902695
631        0.2682419620774936
632        0.44307295960428666
633        0.4752328936521022
634        0.18826051112943087
635        0.35121187139323945
636        0.48226710634789777
637        0.4810779060181369
638        0.48137262984336376
639        0.48055853256389097
640        0.48102019785655403
641        0.4817889530090686
642        0.4571805441055238
643        0.45432192910140123
644        0.44099134377576266
645        0.43490931574608405
646        0.43169620774938144
647        0.40441879637262934
648        0.24642827699917524
649        0.25075638911788917
650        0.20958161582852394
651        0.39070074196207727
652        0.4414571310799669
653        0.39442291838417143
654        0.36160552349546554
655        0.32528441879637243
656        0.47188169826875503
657        0.4811521022258859
658        0.47488046166529235
659        0.4771310799670237
660        0.46689818631492175
661        0.26087798845836746
662        0.28093363561417944
663        0.3228215169002471
664        0.33268136850783164
665        0.32565952184666097
666        0.3280379225061828
667        0.4824051937345423
668        0.4356018136850782
669        0.4599546578730419
670        0.4357069249793899
671        0.4652967848309975
672        0.48110469909315756
673        0.4800144270403953
674        0.34167147568013184
675        0.42876133553173934
676        0.4167312448474854
677        0.46227122835943923
678        0.465704863973619
679        0.44385614179719696
680        0.43052555647155794
681        0.4520836768342951
682        0.12793075020610017
683        0.11327493816982662
684        0.35669826875515215
685        0.05349752679307493
686        0.4697753503709808
687        0.47093775762572165
688        0.4771187139323987
689        0.4656079967023907
690        0.4723557295960427
691        0.47190643033800506
692        0.4764509480626544
693        0.47835531739488846
694        0.47899010717229984
695        0.47919620774938165
696        0.27523495465787257
697        0.471166529266282
698        0.3064839241549873
699        0.40483718054410534
700        0.4073804616652923
701        0.26755152514427005
702        0.2948454245671886
703        0.08718878812860664
704        0.0749855729596042
705        0.08674154987633945
706        0.20097485572959584
707        0.36027823577906015
708        0.38260305028854047
709        0.3801174773289364
710        0.2605832646331407
711        0.2845836768342949
712        0.41849752679307484
713        0.3791240725474032
714        0.4189447650453419
715        0.43800494641385
716        0.41959604286891966
717        0.06773907666941457
718        0.36819868095630653
719        0.26000412201154144
720        0.44997320692497944
721        0.1981038746908488
722        0.47374690849134354
723        0.12798639736191228
724        0.30295754328112073
725        0.3227967848309972
726        0.1644002473206922
727        0.24377164056059328
728        0.10228977741137657
729        0.09726504534212674
730        0.10936108821104677
731        0.133349134377576
732        0.31296990931574586
733        0.33291426215993375
734        0.24642621599340442
735        0.38593981863149196
736        0.3804307502061006
737        0.37929101401483883
738        0.41581409727947216
739        0.44366446826051104
740        0.39292456718878804
741        0.38147980214344573
742        0.3856986809563066
743        0.3423474855729593
744        0.337137262984336
745        0.23213107996702348
746        0.3393961253091506
747        0.258079142621599
748        0.2561417971970319
749        0.07980214344600149
750        0.26319455894476473
751        0.3673413025556471
752        0.14458779884583658
753        0.40932192910140147
754        0.18332440230832617
755        0.21301937345424535
756        0.20971145919208542
757        0.15896125309150833
758        0.1374381698268751
759        0.08500412201154146
760        0.26316158285243185
761        0.39713932399010704
762        0.3878483099752676
763        0.45290189612530896
764        0.44977741137675165
765        0.34008244023083256
766        0.3610016488046164
767        0.3710531739488868
768        0.4766755976916736
769        0.19500618301731212
770        0.3061335531739487
771        0.28448680956306654
772        0.1690169002473204
773        0.33064097279472365
774        0.3700948062654574
775        0.05120362737015664
776        0.41252885408079115
777        0.022446413849958796
778        0.10363973619126118
779        0.3037077493816981
780        0.45274732069249785
781        0.06289777411376746
782        0.48134171475680143
783        0.4330214344600165
784        0.4121084089035446
785        0.44835325638911777
786        0.4640869744435286
787        0.44447650453421256
788        0.4692312448474853
789        0.44588623248145093
790        0.46829967023907665
791        0.17851813685078277
792        0.2913808738664465
793        0.1755131904369329
794        0.1730131904369328
795        0.31108408903544893
796        0.3396743610882108
797        0.2838231657048637
798        0.3915869744435283
799        0.19625103050288517
800        0.2203009068425387
801        0.21199093157460805
802        0.07237015663643839
803        0.06820692497938974
804        0.04363561417971977
805        0.30892827699917536
806        0.15251030502885388
807        0.17300700741962052
808        0.48251236603462533
809        0.25048227535037065
810        0.40002473206924966
811        0.3882502061005767
812        0.48135408079142616
813        0.48113561417971995
814        0.3126710634789775
815        0.36255770816158245
816        0.25560181368507806
817        0.06809975267930735
818        0.16411995053586118
819        0.1616982687551522
820        0.2720362737015661
821        0.1349216817807087
822        0.4813932399010714
823        0.296947650453421
824        0.0751690024732068
825        0.17040601813685044
826        0.45558326463314086
827        0.11106760098928246
828        0.46236603462489684
829        0.3227452596867268
830        0.4128751030502884
831        0.1067374278647978
832        0.0683140972794722
833        0.2068837592745258
834        0.06293899422918366
835        0.30811624072547394
836        0.23709192085737807
837        0.25361500412201127
838        0.33505770816158253
839        0.0655853256389115
840        0.02705894476504537
841        0.45196001648804585
842        0.42406842539159095
843        0.17638705688375908
844        0.1568198680956304
845        0.16191261335531718
846        0.43650041220115393
847        0.3857769991755973
848        0.051387056883759295
849        0.356848722176422
850        0.2921496290189608
851        0.4430873866446825
852        0.4571826051112942
853        0.47808120362737005
854        0.1781677658697441
855        0.1994909315746081
856        0.23251442704039543
857        0.1591220115416319
858        0.4162304204451771
859        0.4741199505358612
860        0.3538767518549049
861        0.37579554822753514
862        0.38244847485572947
863        0.43627370156636425
864        0.07515663643858173
865        0.1947300082440227
866        0.2194476504534211
867        0.14423330585325608
868        0.1800494641384993
869        0.28028441879637234
870        0.42598928276999165
871        0.4360552349546577
872        0.08008450123660323
873        0.06086974443528431
874        0.4819084913437758
875        0.3330502885408076
876        0.18583676834295101
877        0.48205688375927436
878        0.48090890354492977
879        0.07804616652926606
880        0.04417353668590278
881        0.3710531739488869
882        0.35023083264633115
883        0.4811438582028028
884        0.14227535037098077
885        0.23176628194558915
886        0.17861088211046955
887        0.13287510305028827
888        0.07801731244847464
889        0.06817188788128592
890        0.44381492168178055
891        0.33712901896125275
892        0.3941859027205271
893        0.2659418796372626
894        0.0873474855729594
895        0.13548227535037083
896        0.15771228359439388
897        0.1262613355317393
898        0.13305647155812025
899        0.10970321516900224
900        0.13586356141797182
901        0.1136150041220114
902        0.12334089035449276
903        0.16435490519373439
904        0.4324031327287716
905        0.39916735366858985
906        0.359078730420445
907        0.3815519373454244
908        0.2961912613355315
909        0.2930997526793074
910        0.40071104699093146
911        0.4273021434460016
912        0.4030028854080788
913        0.40899216817807044
914        0.429616652926628
915        0.12351195383347044
916        0.39816776586974406
917        0.3656224237427865
918        0.060414262159934055
919        0.3679616652926625
920        0.08724031327287701
921        0.34525350370980995
922        0.3600391591096452
923        0.3827370156636437
924        0.1738705688375924
925        0.09458573784006573
926        0.11197856553998325
927        0.09208779884583654
928        0.08065539983511939
929        0.4816714756801321
930        0.06553792250618291
931        0.2627658697444349
932        0.06072341302555638
933        0.2788767518549048
934        0.44561005770816114
935        0.4426174773289363
936        0.16931574608408875
937        0.2755585325638908
938        0.2821537510305026
939        0.250601813685078
940        0.04370981038746918
941        0.3058182192910137
942        0.4812180544105526
943        0.23960840890354457
944        0.0652906018136849
945        0.12057295960428649
946        0.11576875515251413
947        0.4824814509480628
948        0.15705070074196176
949        0.20477328936520997
950        0.11610469909315738
951        0.08320898598516062
952        0.08056265457543273
953        0.414641384995878
954        0.40937345424567156
955        0.4576009892827699
956        0.10607172300082417
957        0.09639530090684226
958        0.14710634789777377
959        0.06283388293487197
960        0.3773887056883758
961        0.4407522671063477
962        0.4391137675185491
963        0.25573784006595185
964        0.39642621599340466
965        0.3231966199505357
966        0.058019373454245696
967        0.42604286892003285
968        0.10138705688375897
969        0.2937427864798019
970        0.267922506183017
971        0.288854080791426
972        0.3074608408903543
973        0.3527019785655397
974        0.11601195383347038
975        0.2132563891178891
976        0.23201978565539957
977        0.2997609233305852
978        0.1978503709810384
979        0.1064818631492166
980        0.08261129431162396
981        0.20428070898598488
982        0.34110469909315716
983        0.24372217642209365
984        0.1976793075020607
985        0.26965375103050254
986        0.43744641384995847
987        0.1682192910140145
988        0.41142621599340434
989        0.13038746908491303
990        0.12304410552349518
991        0.00046166529266281753
992        0.0004719703215168984
993        0.0004637262984336338
994        0.00045960428689200127
995        0.00047815333882934657
996        0.0004575432811211851
997        0.00046784830997526565
998        0.00046784830997526587
999        0.0006162407254740287
1000        0.0006162407254740289
1001        0.0006059356966199482
1002        0.0006244847485572935
1003        0.0004740313272877144
1004        0.0004719703215168981
1005        0.0052328936521021914
1006        0.1069558944765043
1007        0.00045342126957955293
1008        0.0004596042868920014
1009        0.00045754328112118507
1010        0.00047609233305853063
1011        0.00046990931574608197
1012        0.00047609233305853047
1013        0.00044311624072547207
1014        0.0004657873042044499
1015        0.0004740313272877143
1016        0.000471970321516898
1017        0.0005358615004121988
1018        0.0005441055234954633
1019        0.0005956306677658672
1020        0.0005193734542456696
1021        0.0005544105523495444
1022        0.0005255564715581181
1023        0.00045136026380873683
1024        0.0004596042868920011
1025        0.0005234954657873021
1026        0.0005502885408079121
1027        0.0005461665292662794
1028        0.0029204451772464634
1029        0.010280296784831042
1030        0.0004575432811211851
1031        0.0004637262984336336
1032        0.00047197032151689833
1033        0.0005626545754328089
1034        0.0005523495465787282
1035        0.0005482275350370959
1036        0.0006347897774113749
1037        0.0005152514427040376
1038        0.0005255564715581177
1039        0.0005338004946413828
1040        0.0004472382522671043
1041        0.0004575432811211851
1042        0.0007131079967023884
1043        0.0007069249793899404
1044        0.000684253915910962
1045        0.0007007419620774915
1046        0.0006904369332234102
1047        0.0004740313272877147
1048        0.00047815333882934657
1049        0.0004719703215168982
1050        0.00048433635614179523
1051        0.00046784830997526603
1052        0.00045136026380873667
1053        0.0004740313272877143
1054        0.0004822753503709788
1055        0.00048227535037097887
1056        0.00045342126957955266
1057        0.00046784830997526587
1058        0.0004616652926628174
1059        0.00045960428689200143
1060        0.0004719703215168982
1061        0.0005276174773289344
1062        0.0005647155812036253
1063        0.0005647155812036249
1064        0.0004575432811211851
1065        0.000463726298433634
1066        0.00054616652926628
1067        0.0005317394888705667
1068        0.0005502885408079117
1069        0.0006162407254740289
1070        0.0006162407254740287
1071        0.0005997526793074996
1072        0.0006183017312448452
1073        0.00046372629843363335
1074        0.0004492992580379204
1075        0.0005420445177246472
1076        0.0005090684253915886
1077        0.0005152514427040373
1078        0.1035037098103872
1079        0.0004492992580379207
1080        0.0004657873042044498
1081        0.00046990931574608186
1082        0.0004740313272877145
1083        0.0007357790601813663
1084        0.0007213520197856534
1085        0.0007337180544105503
1086        0.000807914262159932
1087        0.0008491343775762554
1088        0.21425803792250608
1089        0.20593157460840902
1090        0.2159954657873041
1091        0.18229802143445992
1092        0.20657254740313266
1093        0.2020321516900247
1094        0.1651339653751031
1095        0.18278235779060187
1096        0.20476916735366862
1097        0.23714344600164874
1098        0.18736603462489704
1099        0.2334150865622424
1100        0.18992580379225055
1101        0.22243816982687556
1102        0.18045754328112118
1103        0.19208985985160765
1104        0.2071248969497115
1105        0.0006966199505358593
1106        0.0007028029678483075
1107        0.000661582852431984
1108        0.0007419620774938156
1109        0.0007172300082440209
1110        0.0006183017312448445
1111        0.0008079142621599321
1112        0.0007460840890354472
1113        0.00047815333882934673
1114        0.00046990931574608213
1115        0.00046372629843363357
1116        0.0004719703215168981
1117        0.00047197032151689833
1118        0.0004740313272877143
1119        0.0004657873042044499
1120        0.00048433635614179523
1121        0.022098103874690973
1122        0.0005173124484748534
1123        0.0005420445177246469
1124        0.0005482275350370959
1125        0.0005296784830997505
1126        0.0005482275350370963
1127        0.000552349546578728
1128        0.0004534212695795528
1129        0.0004802143446001627
1130        0.002866859027205249
1131        0.019944352844187975
1132        0.0007749381698268731
1133        0.0006883759274525948
1134        0.0006863149216817785
1135        0.0007687551525144247
1136        0.0006718878812860654
1137        0.0008037922506183
1138        0.0007666941467436093
1139        0.0008058532563891157
1140        0.0009377576257213503
1141        0.0009295136026380855
1142        0.0007192910140148372
1143        0.000766694146743609
1144        0.0007089859851607563
1145        0.0006574608408903522
1146        0.000692497938994227
1147        0.00044311624072547196
1148        0.00046784830997526603
1149        0.08702184666117051
1150        0.20549876339653708
1151        0.2553400659521844
1152        0.21959192085737808
1153        0.00045548227535036913
1154        0.0004554822753503691
1155        0.0006079967023907642
1156        0.0006224237427864772
1157        0.0006224237427864775
1158        0.000607996702390764
1159        0.2967003297609231
1160        0.0008140972794723804
1161        0.0008882934872217624
1162        0.0008965375103050277
1163        0.0008367683429513586
1164        0.0008511953833470712
1165        0.0009295136026380858
1166        0.0008759274525968663
1167        0.0008924154987633952
1168        0.0008903544929925796
1169        0.0009027205276174754
1170        0.0008140972794723803
1171        0.0008058532563891159
1172        0.0004554822753503691
1173        0.0004760923330585306
1174        0.0004554822753503692
1175        0.0004719703215168984
1176        0.0005564715581203604
1177        0.0006409727947238225
1178        0.0007131079967023882
1179        0.048736603462489585
1180        0.31818425391591054
1181        0.0005008244023083241
1182        0.0005214344600164856
1183        0.0005708985985160736
1184        0.0005729596042868895
1185        0.0005255564715581181
1186        0.0005234954657873018
1187        0.0004863973619126115
1188        0.0004554822753503691
1189        0.0012118713932398998
1190        0.0011356141797197019
1191        0.001183017312448473
1192        0.0011479802143445977
1193        0.0011892003297609213
1194        0.0011871393239901056
1195        0.0012737015663643848
1196        0.0013561417971970316
1197        0.00044723825226710437
1198        0.0004637262984336334
1199        0.0006203627370156611
1200        0.0006306677658697419
1201        0.0006018136850783153
1202        0.0005791426215993378
1203        0.007986397361912588
1204        0.007914262159934026
1205        0.014927864798021441
1206        0.04165910964550709
1207        0.03691673536685909
1208        0.0004678483099752658
1209        0.00046578730420444967
1210        0.15709604286891982
1211        0.00047403132728771454
1212        0.0004740313272877145
1213        0.0005090684253915891
1214        0.0005193734542456697
1215        0.00048227535037097903
1216        0.0004554822753503692
1217        0.0004513602638087368
1218        0.0004637262984336339
1219        0.0004513602638087366
1220        0.00047609233305853063
1221        0.0005296784830997505
1222        0.000537922506183015
1223        0.0005791426215993382
1224        0.014866034624896962
1225        0.1421331409727944
1226        0.0028998351195383128
1227        0.02215787304204457
1228        0.002829760923330564
1229        0.0035511129431162365
1230        0.00582440230832645
1231        0.010826463314097283
1232        0.008701566364385807
1233        0.010828524319868084
1234        0.015585325638911794
1235        0.02046990931574609
1236        0.00048227535037097925
1237        0.00047403132728771427
1238        0.019808326463314135
1239        0.0004575432811211851
1240        0.0004554822753503692
1241        0.0005853256389117866
1242        0.0006306677658697419
1243        0.0006450948062654549
1244        0.0006162407254740286
1245        0.0005338004946413828
1246        0.000525556471558118
1247        0.000525556471558118
1248        0.0005234954657873022
1249        0.0005688375927452574
1250        0.0005358615004121988
1251        0.0005482275350370959
1252        0.0005544105523495444
1253        0.000537922506183015
1254        0.00046166529266281753
1255        0.00046784830997526603
1256        0.0004575432811211853
1257        0.00046372629843363384
1258        0.029027205276174858
1259        0.00048639736191261155
1260        0.0004719703215168983
1261        0.00045548227535036935
1262        0.0004760923330585306
1263        0.0006286067600989262
1264        0.0005812036273701541
1265        0.0006079967023907643
1266        0.0006347897774113745
1267        0.000684253915910962
1268        0.0007440230832646308
1269        0.0007028029678483073
1270        0.0007316570486397342
1271        0.0007131079967023883
1272        0.20385408079142583
1273        0.0005317394888705667
1274        0.000525556471558118
1275        0.000523495465787302
1276        0.0005255564715581181
1277        0.0005544105523495442
1278        0.0005420445177246474
1279        0.0004863973619126112
1280        0.0004760923330585305
1281        0.0004554822753503689
1282        0.000463726298433634
1283        0.04664674361088214
1284        0.17668384171475648
1285        0.16149216817807072
1286        0.0028483099752679114
1287        0.0609192085737839
1288        0.0029101401483924115
1289        0.0029101401483924132
1290        0.0028977741137675168
1291        0.003037922506183014
1292        0.0031224237427864756
1293        0.002978153338829345
1294        0.002745259686727122
1295        0.002912201154163229
1296        0.002978153338829347
1297        0.0028029678483099747
1298        0.003101813685078316
1299        0.0028029678483099734
1300        0.0030338004946413814
1301        0.0004863973619126115
1302        0.0148722176422094
1303        0.07729802143445987
1304        0.17142003297609204
1305        0.4495671887881283
1306        0.07217436108821088
1307        0.0438149216817808
1308        0.4117065127782355
1309        0.031877576257213616
1310        0.04373454245671894
1311        0.21283594394064273
1312        0.024569249793899434
1313        0.012625721352019802
1314        0.10431162407254725
1315        0.010403957131079973
1316        0.007718466611706485
1317        0.01496496290189613
1318        0.08719703215168993
1319        0.4192353668590269
1320        0.4279060181368503
1321        0.4096372629843361
1322        0.42022877164056033
1323        0.4474464138499584
1324        0.46978359439406453
1325        0.46835119538334696
1326        0.45705070074196213
1327        0.4661892003297611
1328        0.4727844187963724
1329        0.4815127782357792
1330        0.4745177246496289
1331        0.47415086562242403
1332        0.47711459192085715
1333        0.4763293487221761
1334        0.46968466611706516
1335        0.029402308326463403
1336        0.2745527617477327
1337        0.0004699093157460823
1338        0.0004740313272877145
1339        0.2212695795548224
1340        0.32392827699917526
1341        0.0007543281121187116
1342        0.0007192910140148369
1343        0.0006677658697444331
1344        0.0007419620774938152
1345        0.0007687551525144258
1346        0.012407254740313265
1347        0.07025350370981015
1348        0.0004389942291838399
1349        0.0005152514427040375
1350        0.0004596042868920013
1351        0.0004637262984336335
1352        0.031642621599340615
1353        0.18299258037922464
1354        0.00054616652926628
1355        0.0005420445177246472
1356        0.0005255564715581182
1357        0.0004884583676834274
1358        0.0004699093157460821
1359        0.00046990931574608197
1360        0.00047815333882934684
1361        0.11144064303380027
1362        0.08746290189612521
1363        0.24986603462489662
1364        0.19216405605935677
1365        0.21783594394064276
1366        0.0005358615004121988
1367        0.0005420445177246473
1368        0.0005873866446826026
1369        0.0004925803792250599
1370        0.00048021434460016277
1371        0.00046166529266281775
1372        0.00049258037922506
1373        0.038940643033800584
1374        0.38840684253915897
1375        0.06822753503709791
1376        0.0822217642209397
1377        0.00047197032151689855
1378        0.00044929925803792063
1379        0.00047609233305853036
1380        0.0004884583676834275
1381        0.0004492992580379207
1382        0.00045960428689200127
1383        0.00046578730420445005
1384        0.0004637262984336339
1385        0.0005585325638911766
1386        0.0005193734542456696
1387        0.000552349546578728
1388        0.09235779060181347
1389        0.11435490519373431
1390        0.23927040395713092
1391        0.23712077493816947
1392        0.2197341302555645
1393        0.04895300906842541
1394        0.0372526793075021
1395        0.037182605111294384
1396        0.03651071723000828
1397        0.0005111294311624049
1398        0.00346661170651276
1399        0.0432419620774938
1400        0.17374484748557265
1401        0.0004596042868920014
1402        0.00046578730420444983
1403        0.04143446001648814
1404        0.384750618301731
1405        0.0004884583676834275
1406        0.0004492992580379207
1407        0.0004781533388293468
1408        0.0004719703215168982
1409        0.04160140148392419
1410        0.11151071723000801
1411        0.2149484748557294
1412        0.24548227535037076
1413        0.27799876339653723
1414        0.2963314097279471
1415        0.053522258862324854
1416        0.005300906842539133
1417        0.046191261335531746
1418        0.01751442704039574
1419        0.039350783182192976
1420        0.09012572135201964
1421        0.0555894476504534
1422        0.0965622423742784
1423        0.2700164880461661
1424        0.29709810387469066
1425        0.27468054410552317
1426        0.3335057708161581
1427        0.37355523495465753
1428        0.34719703215168984
1429        0.34192291838417105
1430        0.3783244023083265
1431        0.3500515251442701
1432        0.35879431162407244
1433        0.37475267930750183
1434        0.20992992580379188
1435        0.20961046990931553
1436        0.2220527617477326
1437        0.4141467436108816
1438        0.44062448474855725
1439        0.4364942291838417
1440        0.0004616652926628174
1441        0.0004637262984336334
1442        0.010028854080791391
1443        0.054101401483924054
1444        0.0004596042868920014
1445        0.00046990931574608224
1446        0.0486974443528442
1447        0.046420032976092276
1448        0.06044311624072538
1449        0.31388705688375895
1450        0.00046784830997526587
1451        0.00046578730420444967
1452        0.055708985985160664
1453        0.08949711459192074
1454        0.17690024732069226
1455        0.15275762572135168
1456        0.25327906018136814
1457        0.00047815333882934657
1458        0.06328112118713924
1459        0.015098928276999173
1460        0.09890972794723792
1461        0.04608408903544928
1462        0.029363149216817853
1463        0.265882110469909
1464        0.00048021434460016304
1465        0.0004534212695795529
1466        0.06546372629843357
1467        0.1214509480626543
1468        0.13042044517724635
1469        0.26356553998351173
1470        0.0006018136850783155
1471        0.00061005770816158
1472        0.0006203627370156609
1473        0.000595630667765867
1474        0.000467848309975266
1475        0.00047197032151689855
1476        0.029633140972794802
1477        0.04420239076669418
1478        0.02725680131904373
1479        0.04206718878812866
1480        0.020344187963726355
1481        0.16435284418796342
1482        0.13314921681780675
1483        0.15431162407254706
1484        0.3538561417971968
1485        0.3539571310799667
1486        0.37690643033800486
1487        0.02205688375927457
1488        0.22022052761747699
1489        0.03654163231657057
1490        0.03400453421269591
1491        0.2794291014014837
1492        0.05100989282769989
1493        0.00047609233305853063
1494        0.00046166529266281764
1495        0.0005296784830997503
1496        0.0005173124484748533
1497        0.0005152514427040376
1498        0.024579554822753594
1499        0.12345012366034591
1500        0.27461871393239884
1501        0.4768446001648806
1502        0.47753915910964545
1503        0.4639323990107169
1504        0.45888087386644666
1505        0.0006162407254740286
1506        0.0006265457543281097
1507        0.0006141797197032125
1508        0.0006162407254740289
1509        0.00046578730420445005
1510        0.0004699093157460821
1511        0.36676215993404765
1512        0.3636603462489693
1513        0.34647361912613334
1514        0.38734336356141774
1515        0.3980090684253914
1516        0.439917559769167
1517        0.4358656224237423
1518        0.4364880461665288
1519        0.4719208573784005
1520        0.468229596042869
1521        0.4586438582028031
1522        0.02213107996702398
1523        0.1372815333882931
1524        0.010169002473206902
1525        0.0005131904369332213
1526        0.017417559769167364
1527        0.060717230008243916
1528        0.21268549051937324
1529        0.15224443528441853
1530        0.17658491343775734
1531        0.00048021434460016293
1532        0.0004781533388293468
1533        0.47482275350370956
1534        0.46432811211871383
1535        0.46459398186314904
1536        0.4681265457543281
1537        0.46685902720527617
1538        0.4726380873866446
1539        0.4619991755976913
1540        0.4821063478977738
1541        0.48138499587798833
1542        0.4821805441055236
1543        0.47781327287716396
1544        0.4794435284418798
1545        0.0005420445177246472
1546        0.0005564715581203602
1547        0.000513190436933221
1548        0.024606347897774133
1549        0.017487633965375126
1550        0.14011953833470703
1551        0.010317394888705674
1552        0.010224649629018949
1553        0.06551319043693306
1554        0.0007563891178895277
1555        0.000713107996702388
1556        0.0007295960428689187
1557        0.0006842539159109624
1558        0.0007213520197856533
1559        0.00047403132728771427
1560        0.0004616652926628176
1561        0.00046578730420444983
1562        0.000455482275350369
1563        0.010169002473206947
1564        0.017520610057708177
1565        0.05636644682605105
1566        0.08723206924979378
1567        0.053784006595218446
1568        0.0781677658697443
1569        0.07542662819455886
1570        0.16227947238252255
1571        0.27320074196207733
1572        0.03966199505358618
1573        0.041920857378400705
1574        0.052067188788128556
1575        0.04213314097279474
1576        0.049635201978565524
1577        0.03512366034624901
1578        0.09538128606760088
1579        0.09557708161582842
1580        0.0029843363561417855
1581        0.010195795548227535
1582        0.2464303380049461
1583        0.27510717230008214
1584        0.23973619126133525
1585        0.0028544929925803514
1586        0.12329760923330564
1587        0.0006265457543281097
1588        0.0006100577081615804
1589        0.0006327287716405579
1590        0.0005894476504534188
1591        0.12535655399835088
1592        0.12157254740313236
1593        0.21823784006595187
1594        0.2007769991755974
1595        0.19373248145094782
1596        0.2866920857378397
1597        0.34537922506183
1598        0.3306389117889526
1599        0.39282151690024725
1600        0.0004575432811211853
1601        0.000484336356141795
1602        0.017526793075020645
1603        0.007749381698268736
1604        0.0529946413849958
1605        0.14068013190436898
1606        0.33606141797197003
1607        0.0005296784830997502
1608        0.0005461665292662797
1609        0.0004967023907666919
1610        0.1694291014014836
1611        0.01722176422093987
1612        0.12590478153338794
1613        0.14506801319043675
1614        0.11794105523495454
1615        0.1289633140972793
1616        0.11452390766694123
1617        0.12566776586974432
1618        0.13591508656224222
1619        0.06521846661170633
1620        0.07287304204451765
1621        0.06345836768342941
1622        0.00046784830997526603
1623        0.0005296784830997505
1624        0.0004678483099752661
1625        0.00047609233305853036
1626        0.0004534212695795529
1627        0.00047815333882934657
1628        0.03427452596867277
1629        0.022518549051937377
1630        0.015175185490519412
1631        0.019738252267106383
1632        0.12103256389117871
1633        0.0005173124484748536
1634        0.0005338004946413825
1635        0.0005853256389117864
1636        0.00046166529266281753
1637        0.00046784830997526587
1638        0.0005255564715581179
1639        0.0005317394888705667
1640        0.000537922506183015
1641        0.0004863973619126113
1642        0.000533800494641383
1643        0.05625309150865619
1644        0.04938994229183843
1645        0.061362324814509435
1646        0.14105935696619934
1647        0.11180750206100569
1648        0.0994249793899421
1649        0.00046784830997526603
1650        0.00046166529266281764
1651        0.053468672712283484
1652        0.2783532563891176
1653        0.3300927452596867
1654        0.09220115416323134
1655        0.0004657873042044499
1656        0.0004575432811211853
1657        0.026920857378400713
1658        0.04600370981038751
1659        0.0483944765045342
1660        0.0563211046990929
1661        0.15716405605935665
1662        0.06805028854080765
1663        0.11648392415498746
1664        0.11642621599340455
1665        0.22306677658697424
1666        0.2131265457543279
1667        0.2199690849134374
1668        0.24572135201978554
1669        0.00048639736191261106
1670        0.00046990931574608235
1671        0.04404163231657052
1672        0.02221352019785658
1673        0.21525968672712253
1674        0.08191467436108812
1675        0.27947032151689993
1676        0.15405812036273672
1677        0.15010305028854054
1678        0.1591240725474029
1679        0.4690807914262161
1680        0.0006883759274525947
1681        0.0007316570486397343
1682        0.0006924979389942268
1683        0.0007522671063478961
1684        0.0007172300082440214
1685        0.09219084913437735
1686        0.13787716405605913
1687        0.11160346248969473
1688        0.1767415498763393
1689        0.19517724649628987
1690        0.18374896949711428
1691        0.24119332234130242
1692        0.25383347073371787
1693        0.33276793075020583
1694        0.2980544105523494
1695        0.31149629018961233
1696        0.3451586974443528
1697        0.3359892827699917
1698        0.33396949711459184
1699        0.3353441879637261
1700        0.3367992580379224
1701        0.34403751030502877
1702        0.30919208573784007
1703        0.32896537510305
1704        0.35112530915086565
1705        0.38642415498763377
1706        0.055886232481450616
1707        0.1464179719703212
1708        0.10910346248969477
1709        0.1237881286067598
1710        0.012596867271228362
1711        0.1385078318219288
1712        0.2549093157460836
1713        0.0944826875515249
1714        0.15990931574608377
1715        0.2103091508656221
1716        0.010424567188788113
1717        0.027300082440230865
1718        0.020098928276999214
1719        0.14062654575432781
1720        0.14512159934047786
1721        0.14986191261335502
1722        0.24161376751854882
1723        0.23891178895300874
1724        0.387621599340478
1725        0.0004781533388293465
1726        0.00046990931574608235
1727        0.06771228359439398
1728        0.11392827699917529
1729        0.00045548227535036913
1730        0.0004719703215168984
1731        0.007673124484748545
1732        0.1016384995877985
1733        0.18536067600989248
1734        0.043726298433635645
1735        0.27003091508656196
1736        0.05576463314097265
1737        0.06513602638087362
1738        0.44267106347897744
1739        0.4353977741137674
1740        0.42900865622423723
1741        0.4471908491343777
1742        0.4671784830997523
1743        0.44553792250618296
1744        0.0005193734542456698
1745        0.0005214344600164859
1746        0.0005317394888705667
1747        0.1524175597691671
1748        0.4085902720527618
1749        0.42177246496290166
1750        0.40357584501236593
1751        0.4759913437757628
1752        0.4819661995053587
1753        0.00045342126957955277
1754        0.00046372629843363384
1755        0.06805234954657864
1756        0.031795136026380934
1757        0.07059356966199493
1758        0.007535037098103842
1759        0.017357790601813722
1760        0.12349958779884557
1761        0.010076257213520162
1762        0.03413025556471561
1763        0.04440643033800502
1764        0.04186727122835945
1765        0.031782769991756006
1766        0.05409727947238249
1767        0.38774938169826884
1768        0.38832234130255555
1769        0.38036067600989276
1770        0.3532934872217639
1771        0.3622217642209396
1772        0.37024938169826854
1773        0.42447032151690034
1774        0.4374154987633964
1775        0.4307234130255562
1776        0.0004719703215168982
1777        0.00047403132728771454
1778        0.0004575432811211852
1779        0.0004740313272877146
1780        0.014738252267106346
1781        0.0004781533388293468
1782        0.00046166529266281737
1783        0.0005338004946413828
1784        0.0004843363561417953
1785        0.0005564715581203599
1786        0.00047815333882934657
1787        0.000486397361912611
1788        0.0005688375927452567
1789        0.06806265457543273
1790        0.0005049464138499565
1791        0.053773701566364386
1792        0.039315746084089095
1793        0.06159521846661169
1794        0.06329760923330581
1795        0.06354286892003295
1796        0.06807914262159918
1797        0.0005276174773289343
1798        0.000515251442704037
1799        0.0005915086562242352
1800        0.0004884583676834273
1801        0.00046578730420444956
1802        0.00046990931574608224
1803        0.0005523495465787281
1804        0.000550288540807912
1805        0.0005338004946413825
1806        0.031797197032151794
1807        0.007833882934872189
1808        0.19826463314097253
1809        0.0005667765869744411
1810        0.029418796372629924
1811        0.03653132728771647
1812        0.026970321516900313
1813        0.2823557295960426
1814        0.31359027205276147
1815        0.3668239901071718
1816        0.01273907666941468
1817        0.017500000000000036
1818        0.02008862324814509
1819        0.056001648804616624
1820        0.024602225886232544
1821        0.00047609233305853063
1822        0.18413025556471527
1823        0.1741158285243196
1824        0.29461253091508627
1825        0.37860469909315725
1826        0.2679905193734541
1827        0.29981450948062627
1828        0.2804183841714755
1829        0.4743796372629842
1830        0.3308779884583675
1831        0.2943672712283592
1832        0.41713726298433607
1833        0.47153957131079965
1834        0.05577081615828519
1835        0.4476648804616653
1836        0.457565952184666
1837        0.4329596042868916
1838        0.4576360263808737
1839        0.4422835943940642
1840        0.4361974443528442
1841        0.42518136850783167
1842        0.443101813685078
1843        0.024585737840066003
1844        0.027236191261335568
1845        0.029711459192085822
1846        0.15773701566364381
1847        0.07988046166529253
1848        0.1522774113767515
1849        0.3258140972794722
1850        0.07778854080791414
1851        0.06029884583676826
1852        0.4081842539159107
1853        0.3106718878812859
1854        0.31827287716405567
1855        0.39540601813685056
1856        0.3639880461665291
1857        0.4190107172300081
1858        0.421657048639736
1859        0.4254389942291836
1860        0.443204863973619
1861        0.41976298433635606
1862        0.08497114591920836
1863        0.32156636438582004
1864        0.0004492992580379207
1865        0.0004719703215168982
1866        0.13020403957131055
1867        0.05322547403132725
1868        0.39487427864798
1869        0.10895713107996674
1870        0.05772258862324803
1871        0.11108821104699063
1872        0.37354080791426186
1873        0.07742580379225054
1874        0.026795136026380936
1875        0.13587386644682578
1876        0.15655812036273672
1877        0.21454245671887853
1878        0.3778132728771637
1879        0.17907460840890327
1880        0.015006183017312496
1881        0.10938788128606737
1882        0.10131492168178052
1883        0.05121393239901069
1884        0.08227741137675171
1885        0.08212077493816966
1886        0.08025968672712262
1887        0.18902102225886208
1888        0.21727947238252238
1889        0.20592539159109616
1890        0.2172300082440228
1891        0.28054410552349535
1892        0.30119538334707313
1893        0.28056677658697415
1894        0.27490725474031313
1895        0.4596743610882108
1896        0.43178895300906844
1897        0.39550288540807893
1898        0.3924381698268752
1899        0.3680399835119539
1900        0.44444146743610846
1901        0.45961253091508625
1902        0.42852225886232487
1903        0.41256183017312453
1904        0.43606553998351166
1905        0.4051586974443528
1906        0.4237881286067599
1907        0.4255461665292662
1908        0.4686356141797192
1909        0.46640560593569624
1910        0.46667971970321503
1911        0.4648165704863979
1912        0.4688355317394883
1913        0.4648145094806266
1914        0.4649670239076669
1915        0.48063891178895274
1916        0.4653977741137673
1917        0.46239488870568807
1918        0.06287716405605932
1919        0.14018549051937323
1920        0.05352225886232481
1921        0.0630008244023082
1922        0.015158697444352857
1923        0.2632646331409725
1924        0.0007295960428689182
1925        0.0007151690024732049
1926        0.0007089859851607559
1927        0.0007460840890354472
1928        0.0007625721352019766
1929        0.42994641384995824
1930        0.4261953833470735
1931        0.4077349546578728
1932        0.4250185490519375
1933        0.40452390766694135
1934        0.38050494641384974
1935        0.402699917559769
1936        0.3871599340478151
1937        0.413786067600989
1938        0.4353854080791424
1939        0.43208779884583687
1940        0.41611500412201124
1941        0.45222176422093957
1942        0.4572897774113765
1943        0.4582687551525143
1944        0.250232893652102
1945        0.03419208573784014
1946        0.28821929101401456
1947        0.01002679307502058
1948        0.07269373454245656
1949        0.01225267930750209
1950        0.17648598516075822
1951        0.40366034624896924
1952        0.21457543281121164
1953        0.3055338004946412
1954        0.41967436108821077
1955        0.41651896125309135
1956        0.30877370156636413
1957        0.3404925803792251
1958        0.3428400659521845
1959        0.353955070074196
1960        0.43093981863149206
1961        0.458932399010717
1962        0.4351463314097279
1963        0.23749587798845806
1964        0.2318466611706512
1965        0.031539571310799756
1966        0.09229596042868893
1967        0.11883140972794705
1968        0.16924154987633933
1969        0.13129225061830152
1970        0.2749649629018958
1971        0.2981636438582026
1972        0.06295342126957931
1973        0.13057295960428664
1974        0.050995465787304156
1975        0.45110469909315737
1976        0.4556883759274525
1977        0.4749072547403132
1978        0.07312242374278628
1979        0.24088417147567992
1980        0.23025762572135178
1981        0.30788746908491316
1982        0.30874690849134345
1983        0.3153854080791423
1984        0.4415169002473205
1985        0.4316405605935696
1986        0.4329616652926629
1987        0.18271846661170624
1988        0.43835119538334694
1989        0.2079101401483921
1990        0.3750700741962076
1991        0.33564303380049426
1992        0.36838211046990893
1993        0.012464962901896132
1994        0.04664468260511133
1995        0.0030070074196207534
1996        0.00794311624072545
1997        0.1981492168178067
1998        0.397351607584501
1999        0.44307914262159925
2000        0.14435284418796338
2001        0.18073784006595187
2002        0.27447650453421246
2003        0.09413025556471527
2004        0.23156224237427842
2005        0.4431883759274525
2006        0.09482687551525121
2007        0.46452390766694124
2008        0.10826051112943091
2009        0.007613355317394873
2010        0.28540807914262123
2011        0.30680131904369295
2012        0.40514839241549827
2013        0.16099546578730398
2014        0.17842539159109616
2015        0.1694991755976914
2016        0.22409934047815294
2017        0.20999587798845806
2018        0.1860037098103871
2019        0.384684666117065
2020        0.2164942291838414
2021        0.22481244847485546
2022        0.16191673536685872
2023        0.060523495465787204
2024        0.1450535861500409
2025        0.09901483924154963
2026        0.26949299258037895
2027        0.05328524319868086
2028        0.014971145919208584
2029        0.09891384995877964
2030        0.07512572135201964
2031        0.060544105523495304
2032        0.17798845836768323
2033        0.2994723825226708
2034        0.024573371805441106
2035        0.0581698268755152
2036        0.36866652926628163
2037        0.10838623248145057
2038        0.12142827699917519
2039        0.06057914262159926
2040        0.15218672712283557
2041        0.23549258037922471
2042        0.1277205276174771
2043        0.010342126957955455
2044        0.017557708161582915
2045        0.1207048639736188
2046        0.13368095630667737
2047        0.1066755976916732
2048        0.26077287716405584
2049        0.27008862324814475
2050        0.337419620774938
2051        0.34254740313272847
2052        0.38356553998351184
2053        0.3540251442704037
2054        0.32097485572959594
2055        0.404593981863149
2056        0.32487015663643837
2057        0.0004637262984336335
2058        0.00046578730420444983
2059        0.06816570486397339
2060        0.21289983511953822
2061        0.19805647155812017
2062        0.1623866446826048
2063        0.04613973619126115
2064        0.14497114591920826
2065        0.17382934872217606
2066        0.22630667765869714
2067        0.29166323165704844
2068        0.21282976092333017
2069        0.29867477328936487
2070        0.43742992580379236
2071        0.3565189612530911
2072        0.32783594394064275
2073        0.3276442704039567
2074        0.34485985160758426
2075        0.344639323990107
2076        0.27317600989282753
2077        0.41003709810387456
2078        0.22463932399010683
2079        0.44785449299257996
2080        0.2573309975267927
2081        0.2590746084089033
2082        0.24301112943116202
2083        0.20498145094806242
2084        0.209334295136026
2085        0.4025700741962076
2086        0.4118404781533387
2087        0.39349958779884564
2088        0.40524938169826874
2089        0.19334707337180496
2090        0.17854492992580354
2091        0.17005152514427022
2092        0.17666941467436093
2093        0.16413025556471542
2094        0.18045342126957933
2095        0.19110263808738637
2096        0.19961459192085695
2097        0.1810078318219288
2098        0.07269991755976898
2099        0.07253709810387438
2100        0.05830997526793062
2101        0.04595836768342955
2102        0.0702617477328935
2103        0.12815539983511917
2104        0.021978565539983595
2105        0.1428606760098925
2106        0.17950741962077474
2107        0.44069661995053594
2108        0.36576257213520175
2109        0.40724443528441845
2110        0.3873701566364385
2111        0.27994847485572927
2112        0.24369950535861473
2113        0.25888293487221725
2114        0.3045877988458365
2115        0.2766014014839239
2116        0.29387675185490497
2117        0.12780708985985123
2118        0.14410140148392386
2119        0.18990725474031298
2120        0.23618920032976065
2121        0.0009727947238252254
2122        0.0010284418796372614
2123        0.0008779884583676818
2124        0.0009047815333882918
2125        0.0009624896949711448
2126        0.0009047815333882921
2127        0.001022258862324813
2128        0.15724237427864765
2129        0.17677864798021406
2130        0.35762572135201964
2131        0.38838417147567983
2132        0.2298186314921679
2133        0.2941426215993401
2134        0.13278854080791394
2135        0.06287716405605918
2136        0.2722980214344597
2137        0.15487427864797998
2138        0.30801112943116205
2139        0.4164962901896125
2140        0.12055234954657854
2141        0.2119414674361084
2142        0.2899958779884581
2143        0.0007234130255564697
2144        0.0006739488870568816
2145        0.0006801319043693299
2146        0.00070692497938994
2147        0.0006904369332234109
2148        0.17160552349546543
2149        0.1793590272052758
2150        0.04880255564715577
2151        0.09401483924154959
2152        0.2290498763396534
2153        0.39168590272052745
2154        0.46792868920032965
2155        0.267192910140148
2156        0.19066158285243173
2157        0.2142930750206097
2158        0.2218713932399007
2159        0.28279266281945575
2160        0.27308944765045323
2161        0.04376957955482269
2162        0.0004534212695795528
2163        0.0004637262984336335
2164        0.39161582852431964
2165        0.26055647155812
2166        0.2657254740313272
2167        0.23662407254740278
2168        0.1976215993404779
2169        0.20438375927452568
2170        0.07008037922506152
2171        0.26289777411376725
2172        0.14938169826875497
2173        0.022254740313272913
2174        0.0777926628194558
2175        0.1258120362737013
2176        0.022001236603462565
2177        0.0173351195383347
2178        0.32620774938169833
2179        0.2226009892827698
2180        0.21488252267106336
2181        0.25153751030502863
2182        0.2668940643033798
2183        0.2586397361912612
2184        0.324538334707337
2185        0.25399422918384146
2186        0.10220527617477304
2187        0.06809150865622404
2188        0.13072341302555626
2189        0.11194765045342098
2190        0.15010305028854054
2191        0.28854286892003267
2192        0.13960428689200308
2193        0.14002061005770775
2194        0.12105523495465759
2195        0.06810593569661977
2196        0.2835284418796369
2197        0.3929905193734542
2198        0.25460634789777387
2199        0.3782089859851606
2200        0.320636850783182
2201        0.42326051112943125
2202        0.2264839241549872
2203        0.22875927452596836
2204        0.2506162407254737
2205        0.2601525144270403
2206        0.2718054410552347
2207        0.27017930750206065
2208        0.3729389942291834
2209        0.26024938169826844
2210        0.39971558120362727
2211        0.15271640560593538
2212        0.29124690849134355
2213        0.1645651277823574
2214        0.3041364385820278
2215        0.4263087386644683
2216        0.3053524319868094
2217        0.2095053586150038
2218        0.22128812860675978
2219        0.23798433635614163
2220        0.21476710634789736
2221        0.43194765045342154
2222        0.3721887881286064
2223        0.031894064303380106
2224        0.10172300082440205
2225        0.13021434460016448
2226        0.36453421269579545
2227        0.19282151690024701
2228        0.12746496290189582
2229        0.014866034624896985
2230        0.31124072547403103
2231        0.26453009068425365
2232        0.41528029678483114
2233        0.39197444352844174
2234        0.3805873866446824
2235        0.3977638087386643
2236        0.3811273701566361
2237        0.3951875515251442
2238        0.07052143446001626
2239        0.32530915086562223
2240        0.3466797197032151
2241        0.38241343775762554
2242        0.3233223413025554
2243        0.3493301731244846
2244        0.3335676009892827
2245        0.30191467436108793
2246        0.34084913437757597
2247        0.057971970321516804
2248        0.15013190436933185
2249        0.08256595218466602
2250        0.08710634789777397
2251        0.09006183017312423
2252        0.2838973619126131
2253        0.15444971145919179
2254        0.09160346248969473
2255        0.2964530090684249
2256        0.23695795548227502
2257        0.32670239076669394
2258        0.3573784006595217
2259        0.31273083264633106
2260        0.3348825226710633
2261        0.3714468260511126
2262        0.41565127782357786
2263        0.11632934872217614
2264        0.12056265457543251
2265        0.3305049464138496
2266        0.23340065952184644
2267        0.17418796372629813
2268        0.055527617477328664
2269        0.13372423742786457
2270        0.0033718054410552295
2271        0.00782563891178894
2272        0.008000824402308308
2273        0.012930750206100601
2274        0.0008594394064303365
2275        0.003268755152514418
2276        0.135187551525144
2277        0.20463932399010684
2278        0.07496084089035421
2279        0.0004740313272877143
2280        0.3908470733718053
2281        0.00046784830997526576
2282        0.06496084089035442
2283        0.1544579554822751
2284        0.20610469909315704
2285        0.19474443528441848
2286        0.07987015663643829
2287        0.06301731244847467
2288        0.16476504534212658
2289        0.15688375927452566
2290        0.03898186314921695
2291        0.11634789777411346
2292        0.050871805441054976
2293        0.06300288540807894
2294        0.000509068425391589
2295        0.36060799670239035
2296        0.46310181368507797
2297        0.4762098103874691
2298        0.034266281945589526
2299        0.23448680956306642
2300        0.4192868920032972
2301        0.3354905193734542
2302        0.3371187139323989
2303        0.041242786479802195
2304        0.06541838417147543
2305        0.08234542456718863
2306        0.11824196207749349
2307        0.176051112943116
2308        0.27759480626545746
2309        0.38350783182192877
2310        0.3330296784830996
2311        0.3427967848309975
2312        0.07089035449299248
2313        0.05391591096455065
2314        0.07867889530090673
2315        0.07571516900247302
2316        0.06144888705688371
2317        0.2983779884583675
2318        0.06545754328112102
2319        0.3802225886232478
2320        0.23160552349546557
2321        0.012592745259686731
2322        0.01727741137675189
2323        0.18032563891178863
2324        0.08931162407254715
2325        0.04887262984336352
2326        0.05605935696619943
2327        0.04410346248969497
2328        0.04658903544929931
2329        0.08006389117889508
2330        0.0755812036273699
2331        0.09651896125309127
2332        0.30090272052761696
2333        0.191387056883759
2334        0.19825845012365995
2335        0.2340519373454243
2336        0.11384789777411346
2337        0.05570280296784827
2338        0.06286685902720518
2339        0.06300082440230816
2340        0.08500618301731222
2341        0.12771228359439368
2342        0.11794311624072523
2343        0.18553586150041196
2344        0.30079967023907633
2345        0.28068837592745227
2346        0.31998351195383323
2347        0.07499587798845811
2348        0.25050082440230814
2349        0.35625721352019757
2350        0.0776463314097277
2351        0.04608408903544929
2352        0.11636026380873833
2353        0.14002885408079113
2354        0.16889942291838392
2355        0.05339859851607574
2356        0.3033244023083263
2357        0.42880873866446806
2358        0.4351669414674361
2359        0.41720115416323156
2360        0.4566199505358617
2361        0.3182460840890354
2362        0.3258450123660345
2363        0.32753091508656207
2364        0.30435490519373415
2365        0.11332852431986781
2366        0.4093920032976093
2367        0.041881698268755256
2368        0.053664468260511085
2369        0.33690230832646306
2370        0.1282769991755974
2371        0.1501215993404778
2372        0.15916529266281917
2373        0.41090684253915893
2374        0.34786685902720504
2375        0.19280296784830953
2376        0.17997114591920826
2377        0.22416941467436072
2378        0.2822712283594391
2379        0.26318631492168143
2380        0.14044929925803762
2381        0.4123392415498763
2382        0.1564076669414671
2383        0.3230873866446823
2384        0.06278854080791406
2385        0.1718178070898596
2386        0.19303173948887026
2387        0.044404369332234156
2388        0.048884995877988446
2389        0.06516075845012356
2390        0.04144476504534212
2391        0.09430956306677638
2392        0.10405399835119512
2393        0.30444971145919203
2394        0.26607172300082416
2395        0.07022258862324798
2396        0.04345012366034628
2397        0.08725474031327274
2398        0.08293487221764204
2399        0.07825638911788928
2400        0.10639117889530061
2401        0.06771022258862301
2402        0.09215375103050262
2403        0.24412819455894436
2404        0.10934666117065094
2405        0.0921846661170649
2406        0.30329554822753485
2407        0.28439818631492136
2408        0.3087036273701564
2409        0.3783429513602636
2410        0.30385408079142606
2411        0.3152926628194557
2412        0.31400453421269536
2413        0.31546372629843344
2414        0.0943384171475677
2415        0.12355935696619925
2416        0.07982893652102196
2417        0.3060861500412199
2418        0.3126854905193731
2419        0.31599134377576227
2420        0.2992188788128604
2421        0.31768342951360223
2422        0.4261747732893651
2423        0.4000247320692496
2424        0.058237840065951965
2425        0.11590478153338793
2426        0.05352431986809548
