1        0.160199917559769
2        0.267858615004122
3        0.2749587798845836
4        0.2594888705688375
5        0.26577493816982695
6        0.28221352019785645
7        0.23049051937345413
8        0.062489694971145864
9        0.09472176422093959
10        0.27629018961253093
11        0.2749422918384172
12        0.05150659521846662
13        0.26844600164880467
14        0.28126339653751026
15        0.09263602638087363
16        0.19739694971145905
17        0.21334913437757616
18        0.23450123660346242
19        0.24438788128606756
20        0.2593013190436934
21        0.26826875515251425
22        0.04944352844187961
23        0.20873454245671888
24        0.03197856553998355
25        0.22184047815333865
26        0.2497712283594394
27        0.07535037098103861
28        0.14442704039571289
29        0.19505564715581192
30        0.22293075020610056
31        0.023246084089035522
32        0.01874690849134379
33        0.2575906842539159
34        0.16971764220939797
35        0.19676215993404766
36        0.05912201154163218
37        0.24251854905193732
38        0.19260098928276995
39        0.18376957955482254
40        0.08279884583676818
41        0.20104905193734537
42        0.23732275350370968
43        0.2333326463314096
44        0.2030853256389116
45        0.2157852431986808
46        0.17121599340478144
47        0.19303380049464125
48        0.14187551525144243
49        0.15816364385820256
50        0.16570280296784806
51        0.21449299258037902
52        0.22474855729596022
53        0.24274525968672706
54        0.2478338829348721
55        0.25662201154163217
56        0.2396413849958779
57        0.18212489694971143
58        0.11484542456718845
59        0.25591302555647144
60        0.22867271228359423
61        0.27207749381698265
62        0.2754863973619126
63        0.2791117065127783
64        0.088462489694971
65        0.26678483099752665
66        0.27586768342951357
67        0.26261953833470725
68        0.2670094806265456
69        0.2807687551525143
70        0.07542456718878796
71        0.2796145919208574
72        0.2773948887056883
73        0.28350577081615824
74        0.04845218466611706
75        0.26048433635614165
76        0.1403854080791424
77        0.20491343775762572
78        0.10191467436108806
79        0.19963107996702373
80        0.15347485572959585
81        0.14642209398186298
82        0.15979802143445984
83        0.1564591920857377
84        0.282025968672712
85        0.16648598516075822
86        0.22903544929925798
87        0.23692497938994214
88        0.21667559769167333
89        0.23412407254740297
90        0.2035614179719701
91        0.23790395713108
92        0.2186067600989282
93        0.2537716405605935
94        0.25018136850783196
95        0.2650185490519372
96        0.26714344600164863
97        0.051003709810387446
98        0.08387262984336347
99        0.07412613355317395
100        0.07854080791426205
101        0.015873866446826094
102        0.17118507831821908
103        0.1646372629843362
104        0.16713314097279464
105        0.23904575432811215
106        0.23717848309975267
107        0.15478977741137656
108        0.18576669414674327
109        0.17159727947238246
110        0.21116240725474023
111        0.1540354492992578
112        0.2449938169826875
113        0.22040601813685062
114        0.1615024732069247
115        0.12742992580379206
116        0.1511706512778234
117        0.16695177246496284
118        0.2501360263808738
119        0.25163231657048635
120        0.2697671063478979
121        0.2826854905193733
122        0.08016900247320681
123        0.044177658697444416
124        0.17416117065127765
125        0.19086974443528426
126        0.2735737840065952
127        0.26799876339653755
128        0.021731244847485644
129        0.0271207749381699
130        0.02029060181368516
131        0.28064715581203636
132        0.10852225886232457
133        0.18408697444352826
134        0.2504225061830174
135        0.24230832646331402
136        0.2751112943116241
137        0.06066776586974435
138        0.27813478977741146
139        0.27618095630667777
140        0.08861706512778209
141        0.22269373454245664
142        0.09531739488870543
143        0.08225886232481434
144        0.17179307502060992
145        0.1736150041220114
146        0.2769394064303379
147        0.26698062654575433
148        0.275482275350371
149        0.23968672712283595
150        0.23947650453421246
151        0.26057914262159926
152        0.25947032151689997
153        0.2626051112943117
154        0.27497320692497934
155        0.2571908491343775
156        0.11956512778235749
157        0.08225061830173098
158        0.16716199505358603
159        0.2669229183841714
160        0.1866797197032151
161        0.20249999999999982
162        0.16412613355317388
163        0.2334995877988459
164        0.2232522671063479
165        0.23158491343775764
166        0.18947444352844178
167        0.2645465787304205
168        0.28479183841714784
169        0.12606141797196999
170        0.21246496290189612
171        0.07807708161582826
172        0.1492023907666939
173        0.19694971145919193
174        0.10273495465787288
175        0.11065539983511927
176        0.11448887056883737
177        0.15893033800494621
178        0.09413643858202791
179        0.09670445177246476
180        0.1403029678483099
181        0.2659727947238252
182        0.2782399010717229
183        0.09043281121187126
184        0.05717023907666941
185        0.04289571310799674
186        0.041453009068425486
187        0.0844435284418795
188        0.1791755976916733
189        0.28194971145919223
190        0.023219291014014903
191        0.0174505358615005
192        0.029536273701566463
193        0.26321929101401503
194        0.06414056059356954
195        0.1318363561417971
196        0.27559975267930753
197        0.14956718878812844
198        0.18593569661995032
199        0.21866446826051106
200        0.08820486397361896
201        0.19183429513602615
202        0.28290395713107985
203        0.18726916735366836
204        0.2224938169826875
205        0.21611706512778242
206        0.2066611706512777
207        0.21617271228359441
208        0.20529266281945582
209        0.20762159934047802
210        0.1887716405605936
211        0.09937345424567175
212        0.03865622423742797
213        0.1114509480626544
214        0.08469497114591902
215        0.03332028029678494
216        0.025877988458367765
217        0.253641797197032
218        0.2773371805441056
219        0.17364591920857358
220        0.1684439406430337
221        0.0994126133553172
222        0.08727535037098091
223        0.034598103874690936
224        0.2623990107172299
225        0.2558615004122011
226        0.24317188788128596
227        0.2581512778235778
228        0.25215169002473187
229        0.27530296784831004
230        0.23688375927452598
231        0.05725474031327278
232        0.07770610057708144
233        0.05009686727122833
234        0.06400453421269574
235        0.20957955482275342
236        0.21373660346248968
237        0.2016405605935695
238        0.021733305853256443
239        0.020438994229183893
240        0.2812716405605934
241        0.0953771640560592
242        0.28306471558120366
243        0.14477947238252242
244        0.18194352844187953
245        0.2393095630667766
246        0.06878194558944746
247        0.28196001648804603
248        0.2808718054410553
249        0.28228153338829337
250        0.26167353668590254
251        0.26163643858202806
252        0.2750370981038747
253        0.09702802967848287
254        0.26624072547403116
255        0.2659563066776587
256        0.24546166529266267
257        0.26911995053586135
258        0.27675185490519383
259        0.26964756801319045
260        0.2109295136026378
261        0.015824402308326505
262        0.031817807089859915
263        0.03015663643858211
264        0.20780090684253916
265        0.22682192910140153
266        0.15203627370156625
267        0.1337180544105521
268        0.10445589447650437
269        0.09230214344600153
270        0.08723206924979378
271        0.128404781533388
272        0.16431986809563057
273        0.1807666941467435
274        0.17054204451772442
275        0.1000412201154161
276        0.1514942291838416
277        0.12820692497938968
278        0.2568569661995051
279        0.26103462489694984
280        0.2518528441879638
281        0.24353256389117878
282        0.24516900247320694
283        0.24487633965375089
284        0.2468301731244846
285        0.2568425391591096
286        0.25206306677658685
287        0.2530028854080791
288        0.13279884583676815
289        0.18059356966199494
290        0.18258244023083253
291        0.20003091508656204
292        0.19154575432811194
293        0.22994023083264623
294        0.21859027205276177
295        0.23661995053586138
296        0.10708367683429498
297        0.10095218466611688
298        0.19515663643858186
299        0.2155729596042868
300        0.20839653751030482
301        0.28203215169002466
302        0.05151690024732069
303        0.055129843363561484
304        0.24819455894476516
305        0.06436108821104686
306        0.16126957955482257
307        0.23313478977741128
308        0.08643033800494632
309        0.22741137675185497
310        0.22746702390766693
311        0.2424072547403132
312        0.28196826051112966
313        0.28084089035449306
314        0.08808532563891154
315        0.1431636438582026
316        0.23170651277823562
317        0.21953421269579546
318        0.08136438582028006
319        0.13399010717229987
320        0.07861294311624048
321        0.050216405605935585
322        0.17576257213520186
323        0.25883347073371804
324        0.1120568837592743
325        0.26670445177246493
326        0.273373866446826
327        0.09458161582852416
328        0.13430544105523476
329        0.09282769991755957
330        0.10770197856553972
331        0.2675577081615828
332        0.10374896949711443
333        0.08082028029678462
334        0.1689282769991754
335        0.051199505358614984
336        0.1880729596042868
337        0.027300082440230907
338        0.10751854905193724
339        0.165245259686727
340        0.1792786479802142
341        0.16529678483099736
342        0.27283182192910127
343        0.2541735366859026
344        0.13737015663643837
345        0.2064282769991754
346        0.11612737015663616
347        0.08254740313272858
348        0.0796867271228358
349        0.15535861500412174
350        0.12171887881286042
351        0.220436933223413
352        0.12195177246496276
353        0.2197568013190435
354        0.1299402308326461
355        0.08719084913437741
356        0.037153751030502995
357        0.050222588623248195
358        0.1119311624072545
359        0.1410758450123659
360        0.24351813685078305
361        0.06944971145919197
362        0.057302143446001465
363        0.05479389942291824
364        0.07399216817807072
365        0.08978359439406411
366        0.16271640560593548
367        0.15163437757625695
368        0.10757419620774913
369        0.127664880461665
370        0.17923948887056868
371        0.10839447650453403
372        0.03828318219291026
373        0.15880667765869727
374        0.15826257213520178
375        0.12320074196207727
376        0.057685490519373335
377        0.21341714756801308
378        0.18888293487221752
379        0.1795857378400658
380        0.24739488870568827
381        0.22913231657048638
382        0.21216405605935676
383        0.2298454245671886
384        0.20705070074196189
385        0.23600370981038737
386        0.23389736191261323
387        0.06658079142621588
388        0.024987633965375174
389        0.025655399835119594
390        0.021508656224237494
391        0.1950680131904368
392        0.1991467436108819
393        0.10463314097279454
394        0.15229802143445995
395        0.054136438582027935
396        0.04030708985985171
397        0.21965581203627338
398        0.19030090684253892
399        0.17004740313272865
400        0.17048639736191246
401        0.16117683429513588
402        0.20583882934872197
403        0.20796166529266263
404        0.13212077493816973
405        0.1409047815333881
406        0.1927246496290188
407        0.22666529266281935
408        0.07606966199505341
409        0.13775762572135183
410        0.075669826875515
411        0.18474443528441856
412        0.11233305853256362
413        0.14540189612530902
414        0.15960222588623235
415        0.19995259686727096
416        0.22259480626545744
417        0.2016982687551524
418        0.13032976092333037
419        0.229563066776587
420        0.16256595218466596
421        0.14586150041220097
422        0.15777205276174755
423        0.2326030502885407
424        0.1744682605111293
425        0.16535655399835103
426        0.1745774938169825
427        0.15067188788128585
428        0.15698474855729577
429        0.1531883759274524
430        0.151657048639736
431        0.17110263808738652
432        0.052891591096455
433        0.023194558944765093
434        0.20497526793075005
435        0.09029472382522652
436        0.05209604286892005
437        0.05145094806265456
438        0.21555853256389118
439        0.03455276174773294
440        0.05128812860676006
441        0.040055647155812064
442        0.0019806265457543316
443        0.001957955482275353
444        0.02740107172300093
445        0.12833882934872198
446        0.21630461665292658
447        0.12157254740313256
448        0.20728977741137666
449        0.2066220115416323
450        0.12109851607584485
451        0.05954657873042042
452        0.10200329760923302
453        0.07422712283594374
454        0.18731657048639722
455        0.14224031327287703
456        0.11220527617477315
457        0.11586150041220099
458        0.14230832646331387
459        0.020935696619950556
460        0.13867065127782335
461        0.17396743610882098
462        0.14026174773289346
463        0.19370981038746893
464        0.1716900247320691
465        0.2769723825226711
466        0.02157254740313276
467        0.02327493816982695
468        0.06975474031327272
469        0.17872629843363547
470        0.2338128606760098
471        0.26950329760923325
472        0.10403544929925782
473        0.20009068425391568
474        0.20495671887881284
475        0.2101154163231658
476        0.19915086562242365
477        0.09374690849134357
478        0.15917147568013168
479        0.27179307502060995
480        0.1503792250618299
481        0.03444146743610887
482        0.013307914262159971
483        0.014523907666941444
484        0.01762984336356145
485        0.1288623248145093
486        0.004874278647980197
487        0.044311624072547386
488        0.009091096455070044
489        0.04246496290189623
490        0.25882522671063474
491        0.2809315746084089
492        0.2647856553998351
493        0.27218054410552356
494        0.09181574608408873
495        0.1125288540807912
496        0.09262778235779036
497        0.045904781533388325
498        0.05884377576257204
499        0.22596248969497112
500        0.13745259686727113
501        0.1609563066776585
502        0.24711665292662818
503        0.17917765869744418
504        0.16725680131904352
505        0.1472835943940641
506        0.16413849958779866
507        0.232846248969497
508        0.15854699093157448
509        0.2239262159934049
510        0.1439385820280295
511        0.12352844187963707
512        0.1930338004946411
513        0.22913849958779878
514        0.2252988458367685
515        0.22522464962901903
516        0.2496455070074196
517        0.2575041220115416
518        0.2794332234130256
519        0.044148804616652965
520        0.0806512778235777
521        0.06769579554822738
522        0.10640766694146724
523        0.12330585325638893
524        0.13932399010717214
525        0.07854492992580357
526        0.042887469084913504
527        0.0933615004122009
528        0.1469435284418795
529        0.1420403957131078
530        0.24222588623248126
531        0.24902926628194538
532        0.2547877164056061
533        0.1672444352844186
534        0.1337262984336353
535        0.23499587798845833
536        0.07648392415498738
537        0.1292827699917557
538        0.10249999999999984
539        0.101343775762572
540        0.10300906842539134
541        0.10738458367683414
542        0.09491137675185483
543        0.10533182192910133
544        0.10961253091508644
545        0.12776586974443516
546        0.1289983511953831
547        0.13119744435284406
548        0.25082234130255554
549        0.011733305853256383
550        0.053048227535037025
551        0.04125309150865626
552        0.1080605935696618
553        0.052994641384995836
554        0.09806265457543263
555        0.007396949711459175
556        0.13120568837592722
557        0.18860263808738634
558        0.27765457543281113
559        0.15278854080791404
560        0.12412407254740287
561        0.13040807914262142
562        0.12201978565539964
563        0.18294929925803782
564        0.03967230008244035
565        0.1692518549051935
566        0.13785655399835092
567        0.18672093981863136
568        0.14174154987633947
569        0.19792456718878795
570        0.20308738664468243
571        0.11555647155812013
572        0.16355523495465774
573        0.09519167353668578
574        0.1582873042044515
575        0.02319043693322347
576        0.15376751854905177
577        0.014631079967023937
578        0.10016900247320674
579        0.16957749381698262
580        0.0975906842539157
581        0.23229389942291845
582        0.25127782357790596
583        0.16061417971970296
584        0.11228359439406399
585        0.22914468260511128
586        0.22796578730420428
587        0.22246496290189607
588        0.2607584501236604
589        0.04260717230008249
590        0.05334501236603461
591        0.05417147568013186
592        0.1618610882110469
593        0.11578112118713912
594        0.126409727947238
595        0.0573145094806265
596        0.06303792250618293
597        0.05981450948062647
598        0.06265663643858184
599        0.0636294311624071
600        0.2568239901071723
601        0.25563272877164045
602        0.28012984336356156
603        0.2750989282769993
604        0.11170239076669392
605        0.08597073371805418
606        0.1628627370156635
607        0.22377576257213505
608        0.23155399835119517
609        0.037168178070898686
610        0.2794600164880463
611        0.054414674361088086
612        0.27932399010717235
613        0.0815663643858202
614        0.09244229183841698
615        0.06376957955482268
616        0.07560181368507814
617        0.28262572135201985
618        0.017281533388293552
619        0.1566900247320691
620        0.21116240725474028
621        0.20644270403957143
622        0.28258037922506185
623        0.13906018136850762
624        0.12549051937345407
625        0.06835531739488863
626        0.10698474855729569
627        0.03580997526793086
628        0.052308326463314
629        0.28292456718878806
630        0.07672093981863126
631        0.07961253091508642
632        0.1828112118713931
633        0.2567353668590272
634        0.0354575432811213
635        0.10674773289365184
636        0.2767683429513601
637        0.2831801319043695
638        0.2740601813685076
639        0.269350783182193
640        0.2814653751030505
641        0.2765890354492992
642        0.1880317394888704
643        0.18973000824402286
644        0.18345218466611693
645        0.1766859027205274
646        0.14847691673536667
647        0.11132110469909293
648        0.061281945589447384
649        0.08909934047815309
650        0.061970321516900156
651        0.11269785655399826
652        0.16162613355317387
653        0.11102638087386615
654        0.09856141797197016
655        0.11690024732069228
656        0.22414468260511117
657        0.2249464138499587
658        0.22058532563891162
659        0.26032563891178906
660        0.20980832646331393
661        0.08589241549876321
662        0.07459398186314903
663        0.11330379225061811
664        0.1048392415498761
665        0.09359439406430325
666        0.08853256389117878
667        0.25145507007419604
668        0.18960634789777397
669        0.2100721352019784
670        0.21636644682605105
671        0.2015333882934872
672        0.28105729596042867
673        0.2797815333882936
674        0.08747938994229162
675        0.1586067600989281
676        0.1974031327287715
677        0.18821929101401458
678        0.23333470733718048
679        0.1732893652102224
680        0.17629018961253073
681        0.18189200329760905
682        0.02559975267930755
683        0.036284006595218556
684        0.13338004946413837
685        0.018588211046991016
686        0.20976298433635598
687        0.21583676834295137
688        0.22438582028029658
689        0.21058532563891175
690        0.22836150041220113
691        0.2270630667765868
692        0.2246784830997525
693        0.24752885408079134
694        0.24961459192085733
695        0.25722176422093984
696        0.08156430338004934
697        0.2463417147568012
698        0.09793487221764195
699        0.15422093981863136
700        0.12468672712283578
701        0.06882934872217633
702        0.10896949711459172
703        0.025931574608409006
704        0.022042456718878896
705        0.020568837592745307
706        0.04989901071722995
707        0.08399010717229993
708        0.11616240725474009
709        0.1401793075020608
710        0.07271846661170629
711        0.11685284418796353
712        0.157396949711459
713        0.13198680956306663
714        0.15080997526793052
715        0.13316570486397347
716        0.1302988458367682
717        0.0075927452596867015
718        0.11890972794723796
719        0.07584707337180525
720        0.17882522671063467
721        0.03282563891178904
722        0.2133862324814508
723        0.025941879637263087
724        0.06163025556471546
725        0.06164056059356958
726        0.04473413025556471
727        0.05427040395713102
728        0.017594806265457574
729        0.03135820280296793
730        0.02425597691673545
731        0.014616652926628204
732        0.09323371805441036
733        0.0924546578730418
734        0.05181368507831815
735        0.11874690849134359
736        0.13359439406430312
737        0.1316529266281944
738        0.1419455894476503
739        0.14487221764220923
740        0.13626957955482258
741        0.1307914262159933
742        0.12682192910140125
743        0.09251648804616634
744        0.10908903544929911
745        0.06809563066776562
746        0.10448062654575414
747        0.0706244847485571
748        0.06297197032151675
749        0.019905193734542515
750        0.07615210222588606
751        0.12388705688375906
752        0.031687963726298556
753        0.1629204451772463
754        0.05210634789777403
755        0.06559150865622403
756        0.0656038746908489
757        0.0354225061830174
758        0.03284624896949724
759        0.03184253915910977
760        0.08614798021434446
761        0.1184130255564715
762        0.09572341302555634
763        0.1570094806265456
764        0.18621187139323972
765        0.10100164880461646
766        0.10656430338004926
767        0.1212118713932397
768        0.2124814509480627
769        0.04441055234954664
770        0.08773701566364357
771        0.0827679307502059
772        0.03569043693322347
773        0.10224031327287696
774        0.09384995877988453
775        0.008625309150865583
776        0.1540416323165703
777        0.0032728771640560335
778        0.037349546578730554
779        0.10959604286891977
780        0.18169002473206908
781        0.023239901071723107
782        0.2779101401483925
783        0.16357584501236588
784        0.12976504534212668
785        0.190401896125309
786        0.1958099752679307
787        0.18124278647980194
788        0.2139859851607584
789        0.15805647155812017
790        0.2055708985985159
791        0.04294723825226713
792        0.0893095630667764
793        0.04387675185490524
794        0.03741137675185502
795        0.07604080791426204
796        0.10211665292662796
797        0.08396331409727927
798        0.13079348722176398
799        0.04477328936521021
800        0.038522258862324917
801        0.028920032976092438
802        0.01823577906018142
803        0.010476092333058523
804        0.008856141797196987
805        0.07752061005770804
806        0.04728977741137668
807        0.037164056059357076
808        0.282714344600165
809        0.08114179719703196
810        0.14514220939818614
811        0.146657048639736
812        0.27868920032976097
813        0.2801607584501236
814        0.08432605111294292
815        0.092015663643858
816        0.08349134377576244
817        0.017800906842539255
818        0.030463726298433712
819        0.037343363561418055
820        0.07812036273701549
821        0.03421475680131916
822        0.27634789777411367
823        0.059583676834294996
824        0.026038746908491422
825        0.05288953009068414
826        0.17083058532563872
827        0.04541220115416323
828        0.17161582852431967
829        0.09077906018136833
830        0.16903132728771625
831        0.021784830997526893
832        0.018981863149216894
833        0.05504740313272867
834        0.020016488046166583
835        0.11411376751854883
836        0.06496702390766682
837        0.05547403132728764
838        0.09933429513602618
839        0.007497938994229168
840        0.004682605111294283
841        0.16394270403957112
842        0.1465189612530913
843        0.023270816158285274
844        0.04311417971970328
845        0.034657873042044596
846        0.15102431986809553
847        0.09956512778235764
848        0.011537510305028848
849        0.10785861500412187
850        0.09548845836768315
851        0.17186314921681758
852        0.19788953009068413
853        0.23152720527617468
854        0.04708985985160751
855        0.06426215993404776
856        0.05344394064303376
857        0.02157873042044522
858        0.16427658697444336
859        0.21503297609233285
860        0.1298268755152513
861        0.15143239901071703
862        0.14218260511129419
863        0.159606347897774
864        0.023225474031327367
865        0.05599752679307492
866        0.06795342126957933
867        0.025752267106347995
868        0.0652164056059356
869        0.05330173124484742
870        0.12512984336356126
871        0.16471352019785632
872        0.02448268755152522
873        0.0160119538334708
874        0.27916529266281936
875        0.08675597691673509
876        0.05030708985985162
877        0.2703029678483099
878        0.27770403957131073
879        0.003382110469909314
880        0.011982687551525128
881        0.11815952184666095
882        0.10021434460016469
883        0.270855317394889
884        0.03408491343775773
885        0.04992168178070898
886        0.05995053586150024
887        0.0465375103050288
888        0.02146537510305035
889        0.013165704863973641
890        0.15249999999999994
891        0.08606760098928254
892        0.13821310799670217
893        0.06953421269579535
894        0.02023495465787308
895        0.02076051112943121
896        0.028660346248969563
897        0.010416323165704842
898        0.024946413849958823
899        0.023606760098928342
900        0.02177040395713113
901        0.004872217642209382
902        0.028726298433635677
903        0.024777411376751924
904        0.15490313272877151
905        0.09637675185490505
906        0.09399216817807074
907        0.10891384995877967
908        0.04536892003297604
909        0.059907254740313165
910        0.12772877164056037
911        0.1449732069249792
912        0.10130255564715566
913        0.10959398186314914
914        0.11812242374278625
915        0.02725886232481459
916        0.1118054410552347
917        0.10103050288540798
918        0.02301319043693332
919        0.09112118713932384
920        0.01213932399010716
921        0.10115828524319857
922        0.11039159109645488
923        0.1068549051937344
924        0.05402926628194556
925        0.02291014014839246
926        0.020436933223413112
927        0.02034212695795553
928        0.020185490519373493
929        0.2593260511129429
930        0.01323371805441057
931        0.09340272052761726
932        0.005954245671887869
933        0.08683429513602609
934        0.16307295960428683
935        0.14366652926628182
936        0.04785037098103877
937        0.09373042044517696
938        0.08118301731244822
939        0.07461253091508645
940        0.0075412201154162785
941        0.1146001648804614
942        0.2728235779060182
943        0.0578009068425391
944        0.024435284418796485
945        0.03457337180544116
946        0.032881286067601094
947        0.26583882934872205
948        0.04787098103874694
949        0.07426628194558926
950        0.01638499587798846
951        0.017815333882934912
952        0.013192497938994215
953        0.14657048639736164
954        0.1732728771640559
955        0.19593569661995044
956        0.011498351195383394
957        0.0159521846661171
958        0.02752061005770824
959        0.011896125309150867
960        0.12361706512778203
961        0.17917971970321492
962        0.18322547403132713
963        0.0645115416323165
964        0.1019208573784005
965        0.1134253915910962
966        0.01191879637262984
967        0.18845012366034605
968        0.02907048639736203
969        0.08166323165704847
970        0.08557914262159912
971        0.0847073371805439
972        0.08378812860676002
973        0.11822135201978544
974        0.025410140148392504
975        0.04624484748557298
976        0.045634789777411464
977        0.06395713107996687
978        0.046636438582028
979        0.024330173124484836
980        0.022980214344600246
981        0.04010923330585337
982        0.10552967848309955
983        0.07253297609233295
984        0.07142209398186304
985        0.06147361912613348
986        0.16879637262984318
987        0.048678895300906765
988        0.16271022258862303
989        0.03006389117889535
990        0.03192910140148399
991        0.0004431162407254722
992        0.0004492992580379207
993        0.0004328112118713914
994        0.0004328112118713914
995        0.0004369332234130237
996        0.0004348722176422077
997        0.00044929925803792063
998        0.00043487221764220763
999        0.0005028854080791403
1000        0.0004967023907666919
1001        0.00047197032151689806
1002        0.000521434460016486
1003        0.0004389942291838399
1004        0.00044105523495465614
1005        0.0018487221764221
1006        0.018971558120362768
1007        0.0004410552349546561
1008        0.00044517724649628833
1009        0.0004389942291838399
1010        0.0004389942291838399
1011        0.0004328112118713914
1012        0.00043487221764220747
1013        0.00043487221764220747
1014        0.0004328112118713914
1015        0.00044929925803792063
1016        0.00043693322341302373
1017        0.00045960428689200116
1018        0.00047815333882934646
1019        0.0005111294311624051
1020        0.0004492992580379206
1021        0.0004719703215168983
1022        0.000455482275350369
1023        0.00043899422918383966
1024        0.0004410552349546561
1025        0.0004740313272877144
1026        0.0004637262984336338
1027        0.000455482275350369
1028        0.000426628194558943
1029        0.0004905193734542432
1030        0.0004328112118713915
1031        0.00044105523495465587
1032        0.00043281121187139143
1033        0.00048021434460016293
1034        0.000457543281121185
1035        0.00046578730420444983
1036        0.0005131904369332213
1037        0.0004637262984336335
1038        0.0004740313272877146
1039        0.0004657873042044495
1040        0.0004389942291838398
1041        0.0004245671887881268
1042        0.0005152514427040373
1043        0.0005688375927452576
1044        0.0005420445177246473
1045        0.0005276174773289342
1046        0.000537922506183015
1047        0.000441055234954656
1048        0.00043281121187139143
1049        0.00043487221764220763
1050        0.000428689200329759
1051        0.0004348722176422076
1052        0.00042868920032975924
1053        0.00043075020610057533
1054        0.00043281121187139127
1055        0.0004431162407254721
1056        0.00043281121187139143
1057        0.0004472382522671044
1058        0.00042868920032975913
1059        0.0004328112118713914
1060        0.0004348722176422076
1061        0.0004637262984336335
1062        0.00046784830997526587
1063        0.00047609233305853047
1064        0.00043693322341302373
1065        0.0004328112118713915
1066        0.0004678483099752658
1067        0.0004534212695795529
1068        0.0004678483099752663
1069        0.00048639736191261117
1070        0.000496702390766692
1071        0.0004925803792250597
1072        0.0004987633965375083
1073        0.00044929925803792063
1074        0.00043693322341302357
1075        0.000467848309975266
1076        0.000480214344600163
1077        0.0004699093157460818
1078        0.021774525968672746
1079        0.00043693322341302373
1080        0.0004410552349546561
1081        0.0004328112118713912
1082        0.0004225061830173107
1083        0.0005647155812036252
1084        0.0005338004946413825
1085        0.0005296784830997503
1086        0.000537922506183015
1087        0.0005667765869744411
1088        0.004983511953833469
1089        0.01607790601813686
1090        0.010024732069249783
1091        0.01335531739488871
1092        0.010226710634789764
1093        0.007502061005770801
1094        0.007510305028854068
1095        0.005974855729596031
1096        0.014460016488046155
1097        0.017520610057708174
1098        0.018953009068425387
1099        0.009074608408903534
1100        0.02872423742786482
1101        0.010717230008244018
1102        0.020546166529266285
1103        0.01576669414674363
1104        0.014750618301731246
1105        0.0005379225061830151
1106        0.000527617477328934
1107        0.0005605935696619928
1108        0.0005193734542456697
1109        0.0005502885408079118
1110        0.0004513602638087366
1111        0.0005482275350370959
1112        0.0005523495465787281
1113        0.00043693322341302373
1114        0.0004389942291838399
1115        0.00043693322341302373
1116        0.00043281121187139127
1117        0.0004451772464962884
1118        0.00043281121187139143
1119        0.0004410552349546561
1120        0.00043075020610057533
1121        0.004707337180544088
1122        0.00046166529266281753
1123        0.0004637262984336336
1124        0.00046578730420445
1125        0.00045754328112118507
1126        0.0004554822753503689
1127        0.00044929925803792063
1128        0.00043075020610057517
1129        0.000441055234954656
1130        0.00044311624072547207
1131        0.0006141797197032122
1132        0.0005482275350370954
1133        0.0005482275350370957
1134        0.0005482275350370957
1135        0.0005461665292662795
1136        0.0005399835119538313
1137        0.0006038746908491315
1138        0.0005214344600164857
1139        0.0005358615004121988
1140        0.0006430338004946391
1141        0.0006018136850783158
1142        0.0005049464138499566
1143        0.0005276174773289345
1144        0.0005441055234954635
1145        0.0005441055234954634
1146        0.0005482275350370959
1147        0.00043281121187139143
1148        0.000441055234954656
1149        0.009192085737840038
1150        0.03887262984336364
1151        0.06594806265457524
1152        0.054606347897773924
1153        0.00044517724649628817
1154        0.0004513602638087369
1155        0.0005070074196207728
1156        0.0005008244023083241
1157        0.0005296784830997507
1158        0.0005049464138499565
1159        0.07257625721352008
1160        0.0005853256389117865
1161        0.0005729596042868896
1162        0.0006162407254740288
1163        0.000535861500412199
1164        0.0005750206100577057
1165        0.0005894476504534189
1166        0.0005812036273701543
1167        0.000620362737015661
1168        0.0005564715581203605
1169        0.000552349546578728
1170        0.0005647155812036249
1171        0.0005585325638911768
1172        0.00043075020610057517
1173        0.0004389942291838397
1174        0.00043075020610057544
1175        0.00043075020610057533
1176        0.00047815333882934673
1177        0.0004905193734542437
1178        0.000539983511953831
1179        0.001795136026380878
1180        0.05035449299258033
1181        0.00048639736191261117
1182        0.0004760923330585306
1183        0.00045342126957955266
1184        0.00046578730420445
1185        0.0004575432811211852
1186        0.0004616652926628174
1187        0.000428689200329759
1188        0.0004410552349546559
1189        0.0006801319043693299
1190        0.0006079967023907639
1191        0.0006986809563066754
1192        0.0008099752679307484
1193        0.0007234130255564694
1194        0.000702802967848308
1195        0.0007028029678483075
1196        0.0006760098928276975
1197        0.0004245671887881269
1198        0.0004369332234130236
1199        0.0004967023907666917
1200        0.0004987633965375081
1201        0.00048021434460016277
1202        0.0005152514427040374
1203        0.0005379225061830149
1204        0.0005502885408079117
1205        0.0005399835119538312
1206        0.0019806265457543363
1207        0.0033615004122011464
1208        0.00044105523495465614
1209        0.00041838417147567844
1210        0.02048639736191265
1211        0.0004286892003297592
1212        0.0004451772464962881
1213        0.0004451772464962884
1214        0.0004884583676834273
1215        0.00043281121187139143
1216        0.00044311624072547223
1217        0.00044105523495465614
1218        0.00044105523495465587
1219        0.0004328112118713914
1220        0.00043281121187139143
1221        0.00048639736191261144
1222        0.0004554822753503689
1223        0.0004616652926628173
1224        0.002034212695795552
1225        0.03036892003297619
1226        0.0004389942291838398
1227        0.0033099752679307455
1228        0.0018033800494641416
1229        0.0006512778235779038
1230        0.0006615828524319843
1231        0.0006780708985985143
1232        0.0021702390766694217
1233        0.0020960428689200386
1234        0.0006595218466611684
1235        0.004973206924979368
1236        0.00043281121187139127
1237        0.0004369332234130236
1238        0.00043487221764220747
1239        0.0004389942291838398
1240        0.0004225061830173107
1241        0.0005008244023083243
1242        0.00048227535037097887
1243        0.0005070074196207728
1244        0.00048433635614179507
1245        0.0004657873042044498
1246        0.0004596042868920013
1247        0.0004760923330585306
1248        0.0004575432811211853
1249        0.0004699093157460821
1250        0.0004616652926628174
1251        0.00046990931574608213
1252        0.00046166529266281737
1253        0.0004575432811211852
1254        0.0004286892003297592
1255        0.000441055234954656
1256        0.0004410552349546559
1257        0.0004389942291838397
1258        0.007467023907666911
1259        0.0004513602638087366
1260        0.0004389942291838399
1261        0.0004451772464962882
1262        0.000426628194558943
1263        0.0005008244023083245
1264        0.0004987633965375081
1265        0.0005028854080791404
1266        0.0005317394888705665
1267        0.000523495465787302
1268        0.0005544105523495442
1269        0.0005894476504534191
1270        0.0005564715581203602
1271        0.0005399835119538313
1272        0.06055441055234941
1273        0.0004554822753503688
1274        0.000482275350370979
1275        0.00046784830997526614
1276        0.00046784830997526603
1277        0.0004781533388293468
1278        0.00045960428689200127
1279        0.00044723825226710453
1280        0.00042868920032975913
1281        0.00043075020610057533
1282        0.0004369332234130236
1283        0.0004822753503709788
1284        0.03705482275350382
1285        0.024573371805441134
1286        0.0004410552349546559
1287        0.006102638087386616
1288        0.0010861500412201145
1289        0.0010511129431162404
1290        0.0011253091508656213
1291        0.001053173948887055
1292        0.0010387469084913422
1293        0.001123248145094805
1294        0.0011830173124484735
1295        0.0011335531739488848
1296        0.0011665292662819445
1297        0.0011129431162407238
1298        0.0010902720527617461
1299        0.0010717230008244014
1300        0.0010902720527617466
1301        0.00043899422918383993
1302        0.00478771640560593
1303        0.01609439406430339
1304        0.047201154163231646
1305        0.13765663643858195
1306        0.008598516075844971
1307        0.003054410552349522
1308        0.12592126957955466
1309        0.006273701566364352
1310        0.003270816158285234
1311        0.040385408079142676
1312        0.001976504534212703
1313        0.0004905193734542436
1314        0.010560593569661986
1315        0.0018961253091508673
1316        0.0005234954657873018
1317        0.0018713932399010763
1318        0.004670239076669389
1319        0.13494847485572936
1320        0.12022258862324796
1321        0.12546166529266264
1322        0.13514427040395696
1323        0.1564859851607582
1324        0.15394270403957125
1325        0.15444765045342115
1326        0.14472176422093974
1327        0.21358408903544923
1328        0.17685490519373454
1329        0.22145094806265456
1330        0.2125865622423742
1331        0.22084913437757617
1332        0.21265045342126931
1333        0.182285655399835
1334        0.19578524319868087
1335        0.004730008244023074
1336        0.038281121187139416
1337        0.00042868920032975913
1338        0.00043487221764220763
1339        0.04200948062654583
1340        0.0720713107996701
1341        0.0005255564715581182
1342        0.0005317394888705668
1343        0.0005482275350370953
1344        0.000525556471558118
1345        0.0005544105523495444
1346        0.0018528441879637272
1347        0.0316199505358616
1348        0.00044311624072547196
1349        0.00046372629843363373
1350        0.0004431162407254721
1351        0.0004472382522671043
1352        0.0019600164880461657
1353        0.04985985160758453
1354        0.0004534212695795528
1355        0.0004657873042044498
1356        0.00046166529266281737
1357        0.000441055234954656
1358        0.0004410552349546561
1359        0.00043075020610057517
1360        0.00044311624072547223
1361        0.01755358615004124
1362        0.009177658697444314
1363        0.0607419620774937
1364        0.030634789777411436
1365        0.07725061830173119
1366        0.0004822753503709791
1367        0.0004699093157460821
1368        0.00046784830997526587
1369        0.0004348722176422076
1370        0.000426628194558943
1371        0.0004286892003297592
1372        0.0004596042868920011
1373        0.004730008244023071
1374        0.14028854080791409
1375        0.004707337180544082
1376        0.01195177246496289
1377        0.0004348722176422077
1378        0.00043281121187139143
1379        0.00042868920032975897
1380        0.00043487221764220763
1381        0.00043693322341302373
1382        0.00043693322341302384
1383        0.00044723825226710453
1384        0.00044517724649628844
1385        0.00047609233305853047
1386        0.00046578730420444983
1387        0.0004616652926628174
1388        0.00782769991755975
1389        0.007891591096455037
1390        0.019338417147568045
1391        0.035284418796372695
1392        0.030342126957955528
1393        0.006211871393239872
1394        0.00341920857378401
1395        0.004773289365210202
1396        0.006263396537510278
1397        0.00044723825226710453
1398        0.0006038746908491317
1399        0.0018775762572135223
1400        0.06279472382522659
1401        0.00043899422918383993
1402        0.0004286892003297592
1403        0.005946001648804581
1404        0.15129225061830154
1405        0.00044517724649628844
1406        0.0004492992580379208
1407        0.0004472382522671043
1408        0.00044517724649628844
1409        0.001906430338004951
1410        0.007662819455894444
1411        0.02738664468260518
1412        0.03510511129431169
1413        0.035373042044517786
1414        0.08367477328936515
1415        0.00894064303380046
1416        0.00045136026380873683
1417        0.010430750206100577
1418        0.0032625721352019764
1419        0.0019352844187963758
1420        0.010208161582852404
1421        0.0076071723000824066
1422        0.0175041220115417
1423        0.037666941467436175
1424        0.034501236603462576
1425        0.04301731244847491
1426        0.03905399835119545
1427        0.069909315746084
1428        0.0784109645507006
1429        0.07310181368507823
1430        0.09170857378400646
1431        0.07124690849134356
1432        0.08361294311624066
1433        0.07483511953833459
1434        0.04862943116240727
1435        0.044732069249793956
1436        0.03766488046166536
1437        0.1635181368507831
1438        0.18144888705688364
1439        0.16374072547403118
1440        0.00043075020610057517
1441        0.00044105523495465614
1442        0.0004431162407254722
1443        0.011968260511129408
1444        0.0004513602638087368
1445        0.0004369332234130237
1446        0.004583676834295107
1447        0.0019249793899422912
1448        0.006102638087386617
1449        0.08009480626545736
1450        0.0004389942291838397
1451        0.0004410552349546561
1452        0.0018178070898598512
1453        0.006141797197032126
1454        0.03452184666117073
1455        0.024585737840065985
1456        0.05832852431986807
1457        0.0004513602638087368
1458        0.004672300082440216
1459        0.0032646331409727962
1460        0.026129431162407308
1461        0.010276174773289357
1462        0.011397361912613323
1463        0.06653338829348705
1464        0.00042868920032975897
1465        0.0004431162407254722
1466        0.004466199505358607
1467        0.03153544929925812
1468        0.013511953833470727
1469        0.06543487221764216
1470        0.0005111294311624049
1471        0.0004925803792250596
1472        0.0004967023907666917
1473        0.0005008244023083243
1474        0.000441055234954656
1475        0.0004410552349546559
1476        0.004868095630667759
1477        0.007596867271228325
1478        0.0033924154987634014
1479        0.004701154163231643
1480        0.004760923330585312
1481        0.05422093981863146
1482        0.02586974443528448
1483        0.026261335531739552
1484        0.10693116240725464
1485        0.11989488870568817
1486        0.13365210222588617
1487        0.0019414674361088236
1488        0.04991549876339655
1489        0.0018775762572135262
1490        0.006172712283594352
1491        0.08177864798021417
1492        0.013460428689200348
1493        0.00043075020610057517
1494        0.00043075020610057517
1495        0.00046990931574608186
1496        0.00047197032151689806
1497        0.0004740313272877143
1498        0.00042868920032975913
1499        0.02747526793075027
1500        0.06524525968672691
1501        0.2053318219291014
1502        0.22221145919208563
1503        0.1947238252267106
1504        0.1648042044517723
1505        0.000537922506183015
1506        0.0005173124484748535
1507        0.000511129431162405
1508        0.0004925803792250596
1509        0.0004348722176422076
1510        0.0004410552349546559
1511        0.09402102225886219
1512        0.06978565539983504
1513        0.07968260511129423
1514        0.0862551525144269
1515        0.0910552349546578
1516        0.1157893652102226
1517        0.1120671887881285
1518        0.11579760923330579
1519        0.20814921681780707
1520        0.1774402308326463
1521        0.15321929101401474
1522        0.0018425391591096482
1523        0.033151277823578004
1524        0.001990931574608412
1525        0.00046990931574608197
1526        0.002021846661170651
1527        0.006082028029678461
1528        0.07208573784006592
1529        0.041257213520197934
1530        0.0372155812036275
1531        0.00043487221764220747
1532        0.00045136026380873683
1533        0.20217848309975253
1534        0.19670445177246482
1535        0.18507213520197832
1536        0.19405399835119538
1537        0.20226504534212691
1538        0.18981450948062645
1539        0.2127143446001646
1540        0.26731038746908475
1541        0.24720939818631496
1542        0.2473763396537509
1543        0.24782769991755965
1544        0.24007625721352016
1545        0.0004575432811211852
1546        0.0004554822753503691
1547        0.0004678483099752658
1548        0.000486397361912611
1549        0.0019187963726298482
1550        0.031281945589447704
1551        0.001988870568837597
1552        0.0032419620774938153
1553        0.017320692497939046
1554        0.0005317394888705666
1555        0.0005420445177246474
1556        0.0005399835119538311
1557        0.0005605935696619927
1558        0.0005193734542456698
1559        0.00043693322341302384
1560        0.00042662819455894287
1561        0.0004389942291838397
1562        0.0004410552349546559
1563        0.0004328112118713914
1564        0.0004781533388293468
1565        0.0061624072547403035
1566        0.013670651277823576
1567        0.009237427864797993
1568        0.004896949711459167
1569        0.004931986809563046
1570        0.017726710634789783
1571        0.08789571310799658
1572        0.0021929101401483918
1573        0.004989694971145909
1574        0.0035016488046166507
1575        0.0021558120362737076
1576        0.002071310799670244
1577        0.0035758450123660355
1578        0.019255976916735387
1579        0.014620774938169847
1580        0.0004410552349546561
1581        0.00045548227535036886
1582        0.07210428689200316
1583        0.06482069249793887
1584        0.05434047815333881
1585        0.004694971145919202
1586        0.01892209398186321
1587        0.0005111294311624052
1588        0.00047815333882934684
1589        0.000509068425391589
1590        0.0004596042868920013
1591        0.03709810387469098
1592        0.03407048639736197
1593        0.03076875515251447
1594        0.02308944765045352
1595        0.02493610882110477
1596        0.07163643858202788
1597        0.093843775762572
1598        0.11070074196207721
1599        0.09396331409727932
1600        0.00043281121187139127
1601        0.0004286892003297592
1602        0.0004554822753503692
1603        0.001900247320692497
1604        0.006232481450948024
1605        0.026086150041220228
1606        0.09585119538334683
1607        0.0004554822753503689
1608        0.0004822753503709788
1609        0.0004760923330585305
1610        0.034727947238252364
1611        0.001887881286067607
1612        0.032256801319043765
1613        0.013524319868095673
1614        0.017654575432811247
1615        0.009340478153338796
1616        0.010338004946413824
1617        0.014950535861500408
1618        0.011962077493816982
1619        0.006055234954657843
1620        0.0061706512778235655
1621        0.0059253915910964326
1622        0.0004328112118713915
1623        0.00044723825226710453
1624        0.00043899422918383993
1625        0.0004534212695795529
1626        0.0004328112118713914
1627        0.00043487221764220747
1628        0.0005214344600164858
1629        0.0005276174773289341
1630        0.0018652102225886265
1631        0.0033202802967848264
1632        0.034470321516900326
1633        0.0004760923330585305
1634        0.0004637262984336334
1635        0.0004802143446001628
1636        0.00043899422918383966
1637        0.0004369332234130236
1638        0.00046166529266281726
1639        0.00047403132728771427
1640        0.0004534212695795529
1641        0.0004431162407254722
1642        0.00044311624072547234
1643        0.0019641384995877976
1644        0.007648392415498755
1645        0.004758862324814484
1646        0.023130667765869774
1647        0.028798433635614244
1648        0.014460016488046214
1649        0.00045136026380873667
1650        0.00044517724649628817
1651        0.010401896125309165
1652        0.06606966199505354
1653        0.10596248969497099
1654        0.031253091508656315
1655        0.00043899422918383993
1656        0.000441055234954656
1657        0.00880667765869741
1658        0.0004575432811211853
1659        0.004610469909315743
1660        0.0017085737840066017
1661        0.03846455070074208
1662        0.014734130255564753
1663        0.010414262159934025
1664        0.008975680131904355
1665        0.044262159934047744
1666        0.03740107172300092
1667        0.05300082440230824
1668        0.03181162407254747
1669        0.0004348722176422076
1670        0.0004369332234130239
1671        0.0060861500412201204
1672        0.004903132728771608
1673        0.05371599340478146
1674        0.0046207749381697956
1675        0.06358408903544918
1676        0.03439200329760933
1677        0.047588623248145084
1678        0.03720115416323177
1679        0.16468260511129423
1680        0.0005461665292662797
1681        0.0005358615004121985
1682        0.0005234954657873021
1683        0.0005523495465787282
1684        0.0005399835119538313
1685        0.0078009068425391286
1686        0.020218466611706523
1687        0.006203627370156628
1688        0.031516900247320775
1689        0.017514427040395745
1690        0.024328112118714006
1691        0.03636850783182202
1692        0.05226504534212694
1693        0.036436521022258916
1694        0.04548639736191265
1695        0.04325226710634791
1696        0.044033388293487255
1697        0.03087798845836772
1698        0.039323990107172344
1699        0.04373866446826055
1700        0.044985572959604286
1701        0.041962077493817
1702        0.053553173948887006
1703        0.054830997526793095
1704        0.08451154163231647
1705        0.05300494641384994
1706        0.009041632316570462
1707        0.03141591096455079
1708        0.010517312448474828
1709        0.01484336356141796
1710        0.0032089859851607556
1711        0.020146331409728022
1712        0.05045342126957955
1713        0.014402308326463348
1714        0.027720527617477373
1715        0.04253915910964557
1716        0.0018899422918384199
1717        0.0034089035449299233
1718        0.001914674361088211
1719        0.034350783182192986
1720        0.021302555647155906
1721        0.0317477328936522
1722        0.037048639736191345
1723        0.06358615004121998
1724        0.1460593569661994
1725        0.00042250618301731073
1726        0.00044723825226710453
1727        0.011900247320692479
1728        0.016354080791426254
1729        0.00043487221764220747
1730        0.00042868920032975935
1731        0.0004451772464962884
1732        0.03439406430338014
1733        0.03969909315746095
1734        0.007580379225061789
1735        0.09246908491343749
1736        0.00752061005770813
1737        0.01023907666941467
1738        0.16079142621599313
1739        0.17546166529266258
1740        0.1878400659521845
1741        0.19205688375927432
1742        0.2075515251442703
1743        0.18018136850783162
1744        0.000467848309975266
1745        0.0004637262984336336
1746        0.00047403132728771427
1747        0.025867683429513705
1748        0.15375721352019764
1749        0.14644064303380028
1750        0.166343775762572
1751        0.23649835119538332
1752        0.2609501236603462
1753        0.0004389942291838397
1754        0.0004266281945589429
1755        0.006038746908491307
1756        0.004692910140148367
1757        0.016024319868095695
1758        0.0004513602638087369
1759        0.0004389942291838397
1760        0.020480214344600237
1761        0.0004925803792250597
1762        0.00488252267106348
1763        0.003396537510305025
1764        0.004765045342126942
1765        0.0005894476504534188
1766        0.0020259686727122873
1767        0.10714756801319028
1768        0.12142827699917545
1769        0.10680131904369322
1770        0.09611500412201139
1771        0.10700329760923308
1772        0.1222691673536685
1773        0.14646331409727933
1774        0.1372155812036272
1775        0.12870156636438565
1776        0.0004348722176422076
1777        0.00044723825226710437
1778        0.00042662819455894303
1779        0.000428689200329759
1780        0.0017539159109645525
1781        0.00043899422918384
1782        0.000455482275350369
1783        0.0004740313272877144
1784        0.00045754328112118534
1785        0.00048021434460016293
1786        0.0004389942291838398
1787        0.0004534212695795529
1788        0.00045342126957955266
1789        0.010354492992580379
1790        0.00043487221764220763
1791        0.004762984336356131
1792        0.00622011541632315
1793        0.006366446826051102
1794        0.004923742786479791
1795        0.002139323990107179
1796        0.00914056059356963
1797        0.0004513602638087364
1798        0.00046372629843363335
1799        0.0005214344600164858
1800        0.00045342126957955293
1801        0.00044723825226710453
1802        0.0004369332234130236
1803        0.00045548227535036886
1804        0.0004657873042044498
1805        0.0004678483099752658
1806        0.0020259686727122843
1807        0.0005255564715581182
1808        0.03306059356966208
1809        0.00048227535037097887
1810        0.0019455894476504527
1811        0.0004802143446001625
1812        0.003406842539159101
1813        0.03723206924979396
1814        0.043145094806265466
1815        0.07506595218466608
1816        0.0004925803792250598
1817        0.000521434460016486
1818        0.0005173124484748535
1819        0.0033553173948886942
1820        0.0018631492168178093
1821        0.0004328112118713914
1822        0.014732069249793913
1823        0.03151896125309161
1824        0.05323371805441052
1825        0.07950329760923319
1826        0.037809150865622476
1827        0.03344600164880468
1828        0.06572341302555632
1829        0.17166117065127778
1830        0.050787304204451794
1831        0.04861912613355319
1832        0.11109027205276158
1833        0.1446104699093157
1834        0.009056059356966161
1835        0.135525556471558
1836        0.13932399010717214
1837        0.12309150865622401
1838        0.1522506183017311
1839        0.1386582852431985
1840        0.1458924154987632
1841        0.14286892003297588
1842        0.1295321516900246
1843        0.0046516900247320705
1844        0.004670239076669403
1845        0.002030090684253915
1846        0.04429719703215171
1847        0.013147155812036272
1848        0.033532563891179
1849        0.10627782357790576
1850        0.013433635614179713
1851        0.013085325638911804
1852        0.09231244847485566
1853        0.05185490519373446
1854        0.07366446826051104
1855        0.09966199505358597
1856        0.10319043693322325
1857        0.14969084913437744
1858        0.12172506183017293
1859        0.12796372629843344
1860        0.15068013190436924
1861        0.1326483924154986
1862        0.01482481450948069
1863        0.09003915910964531
1864        0.00045136026380873667
1865        0.00043281121187139143
1866        0.014571310799670308
1867        0.006119126133553128
1868        0.12010923330585316
1869        0.026158285243198753
1870        0.013155399835119565
1871        0.022827699917559872
1872        0.12336356141797175
1873        0.014278647980214377
1874        0.006079967023907641
1875        0.018800494641385005
1876        0.043528441879637315
1877        0.06615004122011527
1878        0.0972650453421268
1879        0.02466405605935705
1880        0.0004492992580379207
1881        0.03701978565539996
1882        0.019072547403132814
1883        0.016038746908491355
1884        0.01180544105523495
1885        0.013171887881286091
1886        0.015983099752679336
1887        0.04177246496290192
1888        0.034445589447650526
1889        0.022223825226710674
1890        0.03299258037922514
1891        0.041663231657048626
1892        0.05120568837592742
1893        0.048955070074196166
1894        0.06182399010717221
1895        0.12347897774113749
1896        0.128025556471558
1897        0.0872093981863148
1898        0.1088252267106346
1899        0.10037510305028836
1900        0.14092539159109635
1901        0.15657666941467416
1902        0.12109851607584476
1903        0.11550906842539148
1904        0.11720733718054387
1905        0.11491755976916719
1906        0.11610057708161571
1907        0.13380667765869725
1908        0.1767827699917559
1909        0.15479183841714741
1910        0.1614427040395712
1911        0.14289365210222563
1912        0.17817807089859838
1913        0.1669517724649628
1914        0.17693734542456707
1915        0.2519744435284417
1916        0.14970115416323154
1917        0.1562592745259686
1918        0.010162819455894463
1919        0.026024319868095735
1920        0.008963314097279448
1921        0.005919208573783979
1922        0.0019744435284418825
1923        0.03635820280296793
1924        0.0005131904369332211
1925        0.0005338004946413829
1926        0.0005482275350370959
1927        0.0005523495465787284
1928        0.0005482275350370957
1929        0.09305234954657861
1930        0.09462489694971139
1931        0.08313478977741133
1932        0.08764633140972782
1933        0.0818507831821928
1934        0.11157666941467421
1935        0.1015024732069248
1936        0.0876854905193733
1937        0.08925597691673523
1938        0.11163643858202792
1939        0.10019785655399818
1940        0.11961665292662804
1941        0.1650762572135201
1942        0.1723124484748556
1943        0.1844332234130256
1944        0.07131698268755135
1945        0.008926215993404743
1946        0.06937139323990099
1947        0.0032234130255564698
1948        0.024540395713108076
1949        0.0004389942291838399
1950        0.025752267106347957
1951        0.11780296784830976
1952        0.03491343775762578
1953        0.04466405605935698
1954        0.06932399010717229
1955        0.07513396537510296
1956        0.04830379225061832
1957        0.04938994229183841
1958        0.08050906842539143
1959        0.0825906842539158
1960        0.0951236603462489
1961        0.1022712283594393
1962        0.1029060181368507
1963        0.030461665292662858
1964        0.03611294311624079
1965        0.011531327287716407
1966        0.01328112118713935
1967        0.021776586974443603
1968        0.017854492992580375
1969        0.0162592745259687
1970        0.0343940643033801
1971        0.06444971145919208
1972        0.014600164880461704
1973        0.037178483099752795
1974        0.017304204451772526
1975        0.19638087386644668
1976        0.17616859027205264
1977        0.1885263808738663
1978        0.01573784006595224
1979        0.0298000824402309
1980        0.03940643033800498
1981        0.05910140148392404
1982        0.07017106347897765
1983        0.04978359439406429
1984        0.11824196207749366
1985        0.11447650453421257
1986        0.10464344600164865
1987        0.026368507831821982
1988        0.13161582852431977
1989        0.03104492992580386
1990        0.08119950535861493
1991        0.0935160758450122
1992        0.09260098928276994
1993        0.0004760923330585305
1994        0.004626957955482276
1995        0.0005028854080791403
1996        0.00048227535037097903
1997        0.04022671063478986
1998        0.10077699917559756
1999        0.15246908491343764
2000        0.03300082440230839
2001        0.03756595218466622
2002        0.09146949711459174
2003        0.01318837592745265
2004        0.0460531739488871
2005        0.14601195383347063
2006        0.013064715581203656
2007        0.18395919208573772
2008        0.018629431162407332
2009        0.0004389942291838398
2010        0.07735572959604266
2011        0.08726710634789767
2012        0.12178689200329754
2013        0.025727535037098216
2014        0.03186108821104704
2015        0.03761129431162416
2016        0.04854492992580381
2017        0.042852431986809617
2018        0.04869332234130254
2019        0.10039777411376727
2020        0.031597279472382625
2021        0.047555647155811995
2022        0.036061417971970405
2023        0.015795548227535105
2024        0.02012159934047824
2025        0.02636644682605118
2026        0.0817188788128605
2027        0.010300906842539159
2028        0.0004225061830173106
2029        0.035232893652102304
2030        0.007405193734542428
2031        0.00882934872217639
2032        0.03592951360263819
2033        0.08104699093157447
2034        0.007572135201978524
2035        0.020280296784831085
2036        0.09710634789777389
2037        0.019190024732069308
2038        0.023406842539159204
2039        0.014503297609233336
2040        0.029956718878812957
2041        0.06111294311624071
2042        0.03601195383347082
2043        0.0004987633965375078
2044        0.004810387469084902
2045        0.028833470733718128
2046        0.02759686727122845
2047        0.022897774113767557
2048        0.03630255564715587
2049        0.040496702390766776
2050        0.05594806265457544
2051        0.04462901896125311
2052        0.11843569661995038
2053        0.06954039571310791
2054        0.07480832646331402
2055        0.10931162407254727
2056        0.0392291838417148
2057        0.0004348722176422074
2058        0.00043487221764220763
2059        0.007644270403957102
2060        0.033474855729596104
2061        0.04148392415498768
2062        0.02896949711459194
2063        0.004732069249793877
2064        0.0244043693322342
2065        0.07278647980214331
2066        0.06029678483099739
2067        0.0672856553998351
2068        0.034721764220939935
2069        0.06316364385820272
2070        0.1523371805441054
2071        0.1065498763396536
2072        0.08279060181368493
2073        0.09466817807089845
2074        0.08338417147567995
2075        0.07430956306677651
2076        0.0851277823577904
2077        0.14185490519373434
2078        0.06723000824402296
2079        0.14972382522671052
2080        0.05854492992580375
2081        0.05311624072547397
2082        0.07994641384995856
2083        0.055463726298433554
2084        0.06276586974443517
2085        0.1178050288540806
2086        0.1166281945589446
2087        0.14139736191261318
2088        0.12992992580379198
2089        0.04267518549051944
2090        0.04260511129431173
2091        0.03880049464138511
2092        0.05905812036273695
2093        0.0444538334707338
2094        0.04423742786479806
2095        0.042755564715581285
2096        0.04108615004122017
2097        0.042561830173124475
2098        0.017380461665292748
2099        0.01886438582028035
2100        0.02685284418796381
2101        0.01720321516900254
2102        0.020179307502061063
2103        0.02560387469084921
2104        0.004795960428689177
2105        0.010140148392415487
2106        0.010616240725474022
2107        0.1590107172300081
2108        0.0889653751030501
2109        0.09403338829348705
2110        0.08997938994229178
2111        0.06294929925803794
2112        0.03303792250618307
2113        0.058631492168177986
2114        0.05731038746908488
2115        0.05878194558944757
2116        0.05311211871393236
2117        0.01906018136850789
2118        0.024431162407254844
2119        0.058388293487221674
2120        0.05144064303380046
2121        0.0006121187139323964
2122        0.0005956306677658673
2123        0.0005544105523495439
2124        0.000607996702390764
2125        0.0005997526793074993
2126        0.0005915086562242349
2127        0.0006471558120362714
2128        0.030424567188788193
2129        0.050548227535037064
2130        0.08783388293487202
2131        0.1193363561417971
2132        0.06405399835119525
2133        0.08664880461665274
2134        0.02572341302555659
2135        0.00044723825226710437
2136        0.07428070898598493
2137        0.02895300906842548
2138        0.0840045342126956
2139        0.14962283594394038
2140        0.021438582028029746
2141        0.05820280296784814
2142        0.0967765869744433
2143        0.0005296784830997505
2144        0.0005399835119538313
2145        0.0005152514427040375
2146        0.0005379225061830147
2147        0.0005708985985160733
2148        0.048472794723825256
2149        0.04467436108821105
2150        0.008926215993404749
2151        0.021498351195383406
2152        0.05349546578730419
2153        0.09179925803792235
2154        0.17612943116240726
2155        0.06535243198680947
2156        0.05157254740313271
2157        0.02791220115416329
2158        0.027535037098103947
2159        0.0467312448474856
2160        0.05904575432811201
2161        0.008948887056883719
2162        0.00043281121187139127
2163        0.00043693322341302373
2164        0.10073784006595199
2165        0.04458367683429515
2166        0.04575638911788956
2167        0.048567600989282755
2168        0.04292868920032983
2169        0.0537757625721351
2170        0.020748145094806367
2171        0.052986397361912504
2172        0.01623454245671889
2173        0.0004678483099752658
2174        0.008944765045342102
2175        0.030774938169826967
2176        0.006032563891178868
2177        0.00043693322341302373
2178        0.05096455070074196
2179        0.019317807089859848
2180        0.020667765869744458
2181        0.020754328112118726
2182        0.02681574608408904
2183        0.03470939818631499
2184        0.04547197032151693
2185        0.03732893652102236
2186        0.010713107996702387
2187        0.01002679307502058
2188        0.02155605935696628
2189        0.025801731244847546
2190        0.027238252267106397
2191        0.09966405605935677
2192        0.032469084913437855
2193        0.03267312448474865
2194        0.044167353668590315
2195        0.01744641384995883
2196        0.06147568013190427
2197        0.13502267106347868
2198        0.06585531739488847
2199        0.1274938169826874
2200        0.1039035449299255
2201        0.1247114591920855
2202        0.06693322341302543
2203        0.06533388293487218
2204        0.06732069249793891
2205        0.0826112943116239
2206        0.04334707337180551
2207        0.06463726298433624
2208        0.09032769991755962
2209        0.044717642209398195
2210        0.1114179719703213
2211        0.04461459192085735
2212        0.06395094806265439
2213        0.045803792250618376
2214        0.09386026380873856
2215        0.1351710634789776
2216        0.04510098928277
2217        0.03486397361912622
2218        0.03997320692497948
2219        0.04847691673536679
2220        0.054334295136026424
2221        0.15659521846661156
2222        0.12104080791426192
2223        0.003406842539159094
2224        0.02578524319868107
2225        0.02714962901896134
2226        0.09268136850783164
2227        0.06115622423742776
2228        0.03330173124484757
2229        0.00325845012366032
2230        0.1011521022258859
2231        0.060321516900247306
2232        0.08408903544929906
2233        0.08209604286891996
2234        0.08805234954657859
2235        0.07796578730420438
2236        0.08924773289365198
2237        0.0833223413025555
2238        0.010509068425391595
2239        0.08102019785655386
2240        0.08057502061005754
2241        0.09960840890354478
2242        0.09093775762572126
2243        0.08616446826051101
2244        0.08649216817807077
2245        0.0843095630667764
2246        0.09565746084089026
2247        0.015805853256389123
2248        0.03461253091508663
2249        0.009016900247320657
2250        0.013303792250618318
2251        0.011737427864798032
2252        0.08198268755152498
2253        0.0428730420445177
2254        0.015849134377576256
2255        0.0901751854905192
2256        0.049225061830173146
2257        0.08911995053586134
2258        0.1004142621599339
2259        0.09089859851607564
2260        0.08102638087386622
2261        0.10051525144270385
2262        0.14130873866446816
2263        0.02465581203627379
2264        0.026005770816158368
2265        0.0817683429513602
2266        0.058530502885408016
2267        0.02728771640560604
2268        0.009272464962901858
2269        0.04269167353668597
2270        0.0005770816158285221
2271        0.001949711459192085
2272        0.000591508656224235
2273        0.003460428689200315
2274        0.0006018136850783155
2275        0.0005770816158285221
2276        0.040292662819455954
2277        0.030177246496290278
2278        0.0162840065952185
2279        0.00045960428689200116
2280        0.0846908491343775
2281        0.00044105523495465587
2282        0.010416323165704854
2283        0.028901483924155077
2284        0.06968466611706504
2285        0.057341302555647074
2286        0.007456718878812834
2287        0.005978977741137658
2288        0.03026380873866457
2289        0.05955482275350359
2290        0.008854080791426175
2291        0.01858202802967853
2292        0.016009892827699993
2293        0.013229596042868958
2294        0.0004410552349546559
2295        0.09713520197856534
2296        0.18991343775762565
2297        0.20561211871393234
2298        0.01725886232481462
2299        0.06107584501236598
2300        0.16327699917559754
2301        0.09366446826051089
2302        0.12156430338004923
2303        0.007510305028854054
2304        0.013132728771640557
2305        0.01897568013190442
2306        0.021448887056883796
2307        0.037302143446001725
2308        0.03803586150041225
2309        0.10669414674361075
2310        0.10517312448474823
2311        0.09903338829348719
2312        0.012157873042044551
2313        0.007963726298433609
2314        0.007776174773289359
2315        0.003338829348722181
2316        0.007685490519373434
2317        0.09238458367683401
2318        0.00322341302555643
2319        0.14372629843363532
2320        0.0555544105523495
2321        0.0019414674361088252
2322        0.0047835943940642885
2323        0.057205276174773216
2324        0.03152308326463321
2325        0.0049649629018961
2326        0.011850783182192877
2327        0.012941055234954679
2328        0.0019414674361088189
2329        0.017819455894476584
2330        0.018827287716405603
2331        0.025991343775762652
2332        0.1252411376751853
2333        0.047071310799670175
2334        0.049884583676834245
2335        0.08554822753503691
2336        0.02187345424567197
2337        0.02144888705688384
2338        0.02201772464962905
2339        0.02030090684253922
2340        0.02011747732893659
2341        0.030247320692498036
2342        0.03277411376751864
2343        0.05111912613355321
2344        0.07901483924154974
2345        0.07809769167353664
2346        0.09825638911788932
2347        0.008699505358614978
2348        0.06008862324814496
2349        0.10907254740313252
2350        0.018823165704864028
2351        0.006158285243198659
2352        0.02556265457543289
2353        0.03431162407254751
2354        0.04017930750206112
2355        0.014525968672712386
2356        0.08435284418796363
2357        0.15590065952184648
2358        0.15201772464962882
2359        0.14900453421269563
2360        0.15828936521022244
2361        0.08279060181368489
2362        0.08642621599340466
2363        0.07141591096455058
2364        0.10439200329760906
2365        0.015855317394888727
2366        0.15051525144270386
2367        0.009025144270403927
2368        0.009058120362737001
2369        0.09534418796372611
2370        0.023114179719703257
2371        0.035634789777411434
2372        0.04991962077493823
2373        0.14154163231657024
2374        0.10658285243198665
2375        0.04691467436108821
2376        0.05114591920857379
2377        0.057782357790601695
2378        0.06772464962901881
2379        0.06486397361912598
2380        0.03146949711459202
2381        0.13239694971145904
2382        0.029859851607584607
2383        0.07267106347897764
2384        0.0060243198680956225
2385        0.0540952184666116
2386        0.03598103874690859
2387        0.004987633965375088
2388        0.006139736191261314
2389        0.006189200329760899
2390        0.0018446001648804633
2391        0.011690024732069293
2392        0.017648392415498794
2393        0.09008037922506158
2394        0.04339859851607585
2395        0.01318837592745262
2396        0.02154369332234133
2397        0.009014839241549836
2398        0.018856141797197072
2399        0.02270403957131089
2400        0.027310387469085002
2401        0.014299258037922515
2402        0.015929513602638102
2403        0.08573165704863954
2404        0.032087798845836894
2405        0.027580379225061916
2406        0.095793487221764
2407        0.08595630667765855
2408        0.07992168178070881
2409        0.13135201978565517
2410        0.10107584501236577
2411        0.1080564715581201
2412        0.11237221764220914
2413        0.11881079967023879
2414        0.0186995053586151
2415        0.03483305853256398
2416        0.024684666117065185
2417        0.07408903544929914
2418        0.07690436933223407
2419        0.0754410552349545
2420        0.07838623248145088
2421        0.07699299258037909
2422        0.159919620774938
2423        0.13251030502885394
2424        0.028924154987634072
2425        0.03125927452596877
2426        0.011570486397361922
