1        0.485692497939
2        0.526574608409
3        0.52699299258
4        0.527190849134
5        0.528394476505
6        0.526683841715
7        0.527129018961
8        0.314239488871
9        0.327065127782
10        0.526459192086
11        0.526240725474
12        0.25894270404
13        0.526898186315
14        0.526430338005
15        0.36665704864
16        0.524198268755
17        0.516195383347
18        0.52654987634
19        0.526539571311
20        0.527131079967
21        0.526014014839
22        0.316104699093
23        0.51838211047
24        0.246916735367
25        0.517908079143
26        0.527102225886
27        0.320892415499
28        0.482306265458
29        0.51618920033
30        0.527448474856
31        0.120985160758
32        0.0923000824402
33        0.52519991756
34        0.523363561418
35        0.519134377576
36        0.273330585326
37        0.526399422918
38        0.52318219291
39        0.516788953009
40        0.445016488046
41        0.527065127782
42        0.526628194559
43        0.525886232481
44        0.52298227535
45        0.523122423743
46        0.509418796373
47        0.524676422094
48        0.437724649629
49        0.494923742786
50        0.51092126958
51        0.523662407255
52        0.523835531739
53        0.526178895301
54        0.52737840066
55        0.526277823578
56        0.527980214345
57        0.499429101401
58        0.466263396538
59        0.527223825227
60        0.524540395713
61        0.526308738664
62        0.526984748557
63        0.526943528442
64        0.44577493817
65        0.526745671888
66        0.527151690025
67        0.525436933223
68        0.525877988458
69        0.525915086562
70        0.252996702391
71        0.527450535862
72        0.526312860676
73        0.525799670239
74        0.27697856554
75        0.526654987634
76        0.466636438582
77        0.521828112119
78        0.439237427865
79        0.521475680132
80        0.516055234955
81        0.494270403957
82        0.486277823578
83        0.493151277824
84        0.525663643858
85        0.497769991756
86        0.518654163232
87        0.526545754328
88        0.526842539159
89        0.525208161583
90        0.508615004122
91        0.526086150041
92        0.525438994229
93        0.52671063479
94        0.526743610882
95        0.525556471558
96        0.525933635614
97        0.290678070899
98        0.443159521847
99        0.403526380874
100        0.400816158285
101        0.0845445177246
102        0.521566364386
103        0.518377988458
104        0.519000412201
105        0.523938582028
106        0.524023083265
107        0.50338211047
108        0.507093981863
109        0.505544105523
110        0.526205688376
111        0.505131904369
112        0.526859027205
113        0.527034212696
114        0.508309975268
115        0.470729596043
116        0.482695795548
117        0.516079967024
118        0.526661170651
119        0.527096042869
120        0.526751854905
121        0.525954245672
122        0.397390766694
123        0.321791014015
124        0.513070898599
125        0.522155812036
126        0.526376751855
127        0.526553998351
128        0.15832852432
129        0.234577493817
130        0.0879822753504
131        0.527129018961
132        0.4320713108
133        0.519744435284
134        0.524717642209
135        0.526558120363
136        0.527611294312
137        0.342743198681
138        0.525725474031
139        0.525626545754
140        0.348009068425
141        0.523990107172
142        0.330463726298
143        0.354995877988
144        0.474713520198
145        0.487223825227
146        0.526329348722
147        0.525834707337
148        0.526051112943
149        0.527038334707
150        0.525537922506
151        0.525744023083
152        0.52647155812
153        0.526382934872
154        0.526253091509
155        0.527013602638
156        0.460568837593
157        0.332061005771
158        0.493056471558
159        0.526016075845
160        0.518019373454
161        0.520265869744
162        0.513456306678
163        0.526712695796
164        0.517368095631
165        0.523563478978
166        0.509552761748
167        0.527691673537
168        0.527477328937
169        0.429099340478
170        0.522009480627
171        0.360486397362
172        0.490123660346
173        0.511894064303
174        0.418188375927
175        0.425115416323
176        0.47077493817
177        0.51066776587
178        0.461168590272
179        0.374379637263
180        0.513314097279
181        0.526624072547
182        0.527644270404
183        0.366358202803
184        0.3003215169
185        0.271327287716
186        0.247021846661
187        0.368225474031
188        0.507240313273
189        0.526562242374
190        0.121551937345
191        0.0950741962077
192        0.124433223413
193        0.527258862325
194        0.279548639736
195        0.51093569662
196        0.527161995054
197        0.502396949711
198        0.511160346249
199        0.526595218467
200        0.329330173124
201        0.516687963726
202        0.526022258862
203        0.520752267106
204        0.521914674361
205        0.523522258862
206        0.526490107172
207        0.52592126958
208        0.524266281946
209        0.527048639736
210        0.528408903545
211        0.437697856554
212        0.192271228359
213        0.462831821929
214        0.374507419621
215        0.158505770816
216        0.179018961253
217        0.526323165705
218        0.526859027205
219        0.509179719703
220        0.511485985161
221        0.45798227535
222        0.406102638087
223        0.208068837593
224        0.526162407255
225        0.525636850783
226        0.526933223413
227        0.526053173949
228        0.525752267106
229        0.527368095631
230        0.526137675185
231        0.410688375927
232        0.360836768343
233        0.294828936521
234        0.316119126134
235        0.523258450124
236        0.523561417972
237        0.515768755153
238        0.0874031327288
239        0.0927267106348
240        0.525939818631
241        0.418433635614
242        0.527840065952
243        0.474305441055
244        0.511166529266
245        0.526836356142
246        0.283619126134
247        0.526199505359
248        0.526500412201
249        0.525849134378
250        0.526494229184
251        0.527197032152
252        0.527926628195
253        0.433332646331
254        0.526024319868
255        0.526387056884
256        0.52665704864
257        0.526407666941
258        0.527110469909
259        0.526912613355
260        0.520851195383
261        0.0607502061006
262        0.161086150041
263        0.225638911789
264        0.526141797197
265        0.523555234955
266        0.476187139324
267        0.484053998351
268        0.433983924155
269        0.401650865622
270        0.415387469085
271        0.410849134378
272        0.500340065952
273        0.500383347073
274        0.508107996702
275        0.429938169827
276        0.487188788129
277        0.473165704864
278        0.527050700742
279        0.526634377576
280        0.525640972795
281        0.526576669415
282        0.52302143446
283        0.52672506183
284        0.526374690849
285        0.526553998351
286        0.526040807914
287        0.527805028854
288        0.446345836768
289        0.519474443528
290        0.509291014015
291        0.51541426216
292        0.502877164056
293        0.52545342127
294        0.521572547403
295        0.526743610882
296        0.466024319868
297        0.442291838417
298        0.518899422918
299        0.524534212696
300        0.508652102226
301        0.526331409728
302        0.226473619126
303        0.345966611707
304        0.52743198681
305        0.385300906843
306        0.486477741138
307        0.525162819456
308        0.379249793899
309        0.526840478153
310        0.526413849959
311        0.527042456719
312        0.525447238252
313        0.526675597692
314        0.38584295136
315        0.485847073372
316        0.526838417148
317        0.523478977741
318        0.376059356966
319        0.463384171476
320        0.292442291838
321        0.23469291014
322        0.500028854081
323        0.526430338005
324        0.478845836768
325        0.526228359439
326        0.526450948063
327        0.417271228359
328        0.482013602638
329        0.405587386645
330        0.415061830173
331        0.525511129431
332        0.406306677659
333        0.331723000824
334        0.510191673537
335        0.311727122836
336        0.505923330585
337        0.227096042869
338        0.427001236603
339        0.489604286892
340        0.509113767519
341        0.511723000824
342        0.527036273702
343        0.52354286892
344        0.482298021434
345        0.524076669415
346        0.399767106348
347        0.323882934872
348        0.339872217642
349        0.486360263809
350        0.447652514427
351        0.521232481451
352        0.44519991756
353        0.516485985161
354        0.416624072547
355        0.363588211047
356        0.240529678483
357        0.216906430338
358        0.418629431162
359        0.490412201154
360        0.524748557296
361        0.313623248145
362        0.239952596867
363        0.286100577082
364        0.316131492168
365        0.337747320692
366        0.487028029678
367        0.472188788129
368        0.389674361088
369        0.454152926628
370        0.519150865622
371        0.465659521847
372        0.20082852432
373        0.440045342127
374        0.473825226711
375        0.407596867271
376        0.268448062655
377        0.527201154163
378        0.513448062655
379        0.516100577082
380        0.526576669415
381        0.524381698269
382        0.519029266282
383        0.525807914262
384        0.515978977741
385        0.522910140148
386        0.526469497115
387        0.298722176422
388        0.121729183842
389        0.14552143446
390        0.242644270404
391        0.513093569662
392        0.510204039571
393        0.384802143446
394        0.519649629019
395        0.231733305853
396        0.252802967848
397        0.528105935697
398        0.512217642209
399        0.489686727123
400        0.510286479802
401        0.497502061006
402        0.522219703215
403        0.524927864798
404        0.478023495466
405        0.47699299258
406        0.518538746908
407        0.515855317395
408        0.357941055235
409        0.463617065128
410        0.359445589448
411        0.516784830998
412        0.407912201154
413        0.510539983512
414        0.516937345425
415        0.518732481451
416        0.523351195383
417        0.508633553174
418        0.500964550701
419        0.526453009068
420        0.49530708986
421        0.48687139324
422        0.510814097279
423        0.526277823578
424        0.5052143446
425        0.494486809563
426        0.513487221764
427        0.4954286892
428        0.45796784831
429        0.506218054411
430        0.489212695796
431        0.505781121187
432        0.325319455894
433        0.21693940643
434        0.523192497939
435        0.406634377576
436        0.256409727947
437        0.229705276175
438        0.520750206101
439        0.295381286068
440        0.293332646331
441        0.289905193735
442        0.0427184666117
443        0.0296145919209
444        0.171644682605
445        0.426848722176
446        0.522596867271
447        0.473431574608
448        0.513433635614
449        0.516222176422
450        0.450908903545
451        0.33370362737
452        0.402689612531
453        0.34332852432
454        0.511084089035
455        0.51368920033
456        0.434575432811
457        0.437788540808
458        0.497961665293
459        0.128695383347
460        0.431619950536
461        0.508668590272
462        0.51191055235
463        0.526990931575
464        0.515861500412
465        0.526788953009
466        0.100406018137
467        0.0981636438582
468        0.319033388293
469        0.499711459192
470        0.52108202803
471        0.527747320692
472        0.385329760923
473        0.526376751855
474        0.526842539159
475        0.52656430338
476        0.526826051113
477        0.416453009068
478        0.500098928277
479        0.526506595218
480        0.479629018961
481        0.232603050289
482        0.142695795548
483        0.161387056884
484        0.180166941467
485        0.458120362737
486        0.098192497939
487        0.230929513603
488        0.0875906842539
489        0.129550700742
490        0.527164056059
491        0.526139736191
492        0.526201566364
493        0.525966611707
494        0.352936933223
495        0.447664880462
496        0.400047403133
497        0.236595218467
498        0.231325226711
499        0.523553173949
500        0.488915910965
501        0.495603874691
502        0.524857790602
503        0.484342539159
504        0.507448474856
505        0.487116652927
506        0.493514014839
507        0.527831821929
508        0.512858615004
509        0.524886644683
510        0.478940643034
511        0.44280708986
512        0.503087386645
513        0.525028854081
514        0.521325226711
515        0.523930338005
516        0.526302555647
517        0.525294723825
518        0.52691055235
519        0.176302555647
520        0.37176422094
521        0.333579967024
522        0.429484748557
523        0.447458779885
524        0.495739901072
525        0.33539983512
526        0.213843775763
527        0.389255976917
528        0.476982687552
529        0.482765869744
530        0.523804616653
531        0.527417559769
532        0.526665292663
533        0.476582852432
534        0.503775762572
535        0.527314509481
536        0.407673124485
537        0.502724649629
538        0.471273701566
539        0.470857378401
540        0.484501236603
541        0.476281945589
542        0.48969291014
543        0.467739076669
544        0.452636026381
545        0.48453215169
546        0.487207337181
547        0.490111294312
548        0.52620362737
549        0.0763726298434
550        0.197924567189
551        0.195663643858
552        0.46941055235
553        0.299826875515
554        0.426490107172
555        0.0951380873866
556        0.456541632317
557        0.510752267106
558        0.526714756801
559        0.470793487222
560        0.484861912613
561        0.457403132729
562        0.466521022259
563        0.520445177246
564        0.192170239077
565        0.502838004946
566        0.494629018961
567        0.519091096455
568        0.502955482275
569        0.517936933223
570        0.51843569662
571        0.455877988458
572        0.500556471558
573        0.41363561418
574        0.510954245672
575        0.163058532564
576        0.508680956307
577        0.116527205276
578        0.468155399835
579        0.497038334707
580        0.331723000824
581        0.526271640561
582        0.526240725474
583        0.498765457543
584        0.378895300907
585        0.526799258038
586        0.521407666941
587        0.51868920033
588        0.526405605936
589        0.255117477329
590        0.371201566364
591        0.34248557296
592        0.494684666117
593        0.437528854081
594        0.480140148392
595        0.273794311624
596        0.292170239077
597        0.287308326463
598        0.355338004946
599        0.327147568013
600        0.523322341303
601        0.523291426216
602        0.525847073372
603        0.525727535037
604        0.413858202803
605        0.347687551525
606        0.484798021434
607        0.521234542457
608        0.526735366859
609        0.139284830998
610        0.525257625721
611        0.279175597692
612        0.526319043693
613        0.350741962077
614        0.365645094806
615        0.340096867271
616        0.381861088211
617        0.526988870569
618        0.0849938169827
619        0.480385408079
620        0.524468260511
621        0.524169414674
622        0.526298433636
623        0.442116652927
624        0.432112530915
625        0.307887469085
626        0.425886232481
627        0.160824402308
628        0.181995053586
629        0.526867271228
630        0.331316982688
631        0.321387056884
632        0.516036685903
633        0.526694146744
634        0.240195795548
635        0.397862737016
636        0.527462901896
637        0.526584913438
638        0.526741549876
639        0.526059356966
640        0.52640354493
641        0.525441055235
642        0.492757625721
643        0.502817394889
644        0.494530090684
645        0.490436933223
646        0.490138087387
647        0.416551937345
648        0.337145507007
649        0.344614591921
650        0.231521022259
651        0.434814509481
652        0.495043281121
653        0.444113767519
654        0.470084501237
655        0.408359439406
656        0.518377988458
657        0.523790189613
658        0.526455070074
659        0.527172300082
660        0.521698268755
661        0.290164880462
662        0.360931574608
663        0.414229183842
664        0.415148392415
665        0.378816982688
666        0.394758862325
667        0.52654987634
668        0.505902720528
669        0.50861088211
670        0.51334295136
671        0.520061830173
672        0.526387056884
673        0.525381286068
674        0.403159521847
675        0.481090272053
676        0.492749381698
677        0.495962489695
678        0.517906018137
679        0.503369744435
680        0.495020610058
681        0.503670651278
682        0.171659109646
683        0.137093981863
684        0.424396125309
685        0.0846022258862
686        0.515156636439
687        0.524725886232
688        0.523514014839
689        0.524082852432
690        0.526378812861
691        0.527829760923
692        0.527545342127
693        0.526248969497
694        0.524344600165
695        0.52735366859
696        0.350500824402
697        0.52753915911
698        0.376580791426
699        0.480294723825
700        0.473330585326
701        0.352394888706
702        0.383569661995
703        0.0918507831822
704        0.108408903545
705        0.0957275350371
706        0.244919620775
707        0.431716817807
708        0.437497938994
709        0.447535037098
710        0.33219291014
711        0.371411788953
712        0.503852019786
713        0.448305853256
714        0.483790189613
715        0.509682605111
716        0.486898186315
717        0.0715292662819
718        0.471222176422
719        0.355634789777
720        0.499367271228
721        0.211063478978
722        0.523577906018
723        0.121873454246
724        0.40312860676
725        0.408786067601
726        0.260286479802
727        0.25578936521
728        0.113538746908
729        0.142864798021
730        0.182182605111
731        0.150941879637
732        0.411292250618
733        0.381422093982
734        0.314575432811
735        0.444789777411
736        0.431174773289
737        0.460933635614
738        0.475502885408
739        0.500187551525
740        0.47613561418
741        0.455338004946
742        0.471634377576
743        0.429468260511
744        0.431265457543
745        0.261271640561
746        0.444313685078
747        0.355529678483
748        0.278204863974
749        0.0871290189613
750        0.347421681781
751        0.432662819456
752        0.142654575433
753        0.46336768343
754        0.229653751031
755        0.268276999176
756        0.269375515251
757        0.169253915911
758        0.179511541632
759        0.155783182193
760        0.296574608409
761        0.453470733718
762        0.47391797197
763        0.513322341303
764        0.514066364386
765        0.405869744435
766        0.416325226711
767        0.414973206925
768        0.521582852432
769        0.253685078318
770        0.389641384996
771        0.344783594394
772        0.268534624897
773        0.394989694971
774        0.480943940643
775        0.0713417147568
776        0.460913025556
777        0.021636438582
778        0.153375927453
779        0.380952184666
780        0.513891178895
781        0.0792745259687
782        0.527188788129
783        0.487728771641
784        0.482996702391
785        0.4925
786        0.52154987634
787        0.502023907667
788        0.522695795548
789        0.494437345425
790        0.521741549876
791        0.215655399835
792        0.384194146744
793        0.211020197857
794        0.250731657049
795        0.331191261336
796        0.438443940643
797        0.352745259687
798        0.462188788129
799        0.253334707337
800        0.277061005771
801        0.264284830998
802        0.0818981863149
803        0.0767827699918
804        0.0872217642209
805        0.360358615004
806        0.215591508656
807        0.240610057708
808        0.526075845012
809        0.296826051113
810        0.441424154988
811        0.458241962077
812        0.527590684254
813        0.52723206925
814        0.41951772465
815        0.450239076669
816        0.289462077494
817        0.10001442704
818        0.205941879637
819        0.200659521847
820        0.326172712284
821        0.119528029678
822        0.526898186315
823        0.360978977741
824        0.0559975267931
825        0.232450535861
826        0.513293487222
827        0.190148392415
828        0.487341302556
829        0.3848928277
830        0.489313685078
831        0.163369744435
832        0.15577493817
833        0.275022671063
834        0.0903730420445
835        0.395762572135
836        0.302681368508
837        0.303518136851
838        0.392131079967
839        0.0740910964551
840        0.0607481450948
841        0.521535449299
842        0.478897361913
843        0.24775350371
844        0.2847856554
845        0.240601813685
846        0.513551112943
847        0.455766694147
848        0.0663829348722
849        0.453979802143
850        0.391819868096
851        0.49703215169
852        0.497675185491
853        0.526046990932
854        0.248180131904
855        0.256032563891
856        0.261477741138
857        0.182557708162
858        0.474076669415
859        0.524462077494
860        0.453847897774
861        0.458046166529
862        0.47597485573
863        0.495669826876
864        0.092751442704
865        0.277234130256
866        0.284756801319
867        0.181999175598
868        0.272003297609
869        0.350412201154
870        0.483994229184
871        0.507671063479
872        0.158285243199
873        0.0952947238252
874        0.527227947238
875        0.391745671888
876        0.263668590272
877        0.525888293487
878        0.526016075845
879        0.108518136851
880        0.0714427040396
881        0.407887469085
882        0.419093157461
883        0.527978153339
884        0.185158697444
885        0.313532563891
886        0.224952596867
887        0.216906430338
888        0.082149629019
889        0.0874690849134
890        0.49298227535
891        0.394251854905
892        0.473973619126
893        0.326918796373
894        0.132584501237
895        0.174282769992
896        0.209140560594
897        0.201531327288
898        0.190783182193
899        0.175179307502
900        0.232434047815
901        0.217159934048
902        0.235385408079
903        0.245436933223
904        0.485020610058
905        0.463905605936
906        0.422945177246
907        0.457574196208
908        0.374530090684
909        0.357879225062
910        0.489814509481
911        0.477897774114
912        0.463711871393
913        0.484901071723
914        0.50086768343
915        0.124315746084
916        0.440171063479
917        0.436793075021
918        0.0790127782358
919        0.45854286892
920        0.124231244847
921        0.421702390767
922        0.465931574608
923        0.439000412201
924        0.220962489695
925        0.113705688376
926        0.103860263809
927        0.126999175598
928        0.103192497939
929        0.527025968673
930        0.0926092333059
931        0.331990931575
932        0.097823577906
933        0.364233305853
934        0.509031327288
935        0.48176422094
936        0.221302555647
937        0.329394064303
938        0.295381286068
939        0.33176422094
940        0.0634398186315
941        0.397118713932
942        0.527108408904
943        0.255465787304
944        0.111271640561
945        0.158159521847
946        0.187252679308
947        0.526020197857
948        0.221951772465
949        0.235249381698
950        0.12748557296
951        0.143176009893
952        0.140987221764
953        0.462683429514
954        0.473759274526
955        0.523056471558
956        0.147405193735
957        0.156174773289
958        0.195702802968
959        0.0950350370981
960        0.445393652102
961        0.508940643034
962        0.500416323166
963        0.307559769167
964        0.437135201979
965        0.403532563891
966        0.0691199505359
967        0.497712283594
968        0.153239901072
969        0.368691261336
970        0.350717230008
971        0.358188375927
972        0.366044929926
973        0.453287304204
974        0.160335943941
975        0.268814921682
976        0.300311211871
977        0.365913025556
978        0.255504946414
979        0.11144270404
980        0.134476504534
981        0.266432399011
982        0.391665292663
983        0.336040807914
984        0.255661582852
985        0.302769991756
986        0.479043693322
987        0.225886232481
988        0.482273289365
989        0.161117065128
990        0.153079142622
991        0.000488458367683
992        0.000492580379225
993        0.000467848309975
994        0.000467848309975
995        0.000476092333059
996        0.000486397361913
997        0.000482275350371
998        0.000482275350371
999        0.00070692497939
1000        0.000665704863974
1001        0.000690436933223
1002        0.000665704863974
1003        0.000484336356142
1004        0.000478153338829
1005        0.0269023083265
1006        0.140340065952
1007        0.000474031327288
1008        0.0004802143446
1009        0.000486397361913
1010        0.000467848309975
1011        0.000492580379225
1012        0.000474031327288
1013        0.000494641384996
1014        0.000496702390767
1015        0.000476092333059
1016        0.000478153338829
1017        0.000575020610058
1018        0.000548227535037
1019        0.000616240725474
1020        0.000546166529266
1021        0.000575020610058
1022        0.000579142621599
1023        0.000476092333059
1024        0.000478153338829
1025        0.000558532563891
1026        0.000570898598516
1027        0.000570898598516
1028        0.000498763396538
1029        0.00596867271228
1030        0.000476092333059
1031        0.000494641384996
1032        0.000490519373454
1033        0.000579142621599
1034        0.000591508656224
1035        0.000603874690849
1036        0.000704863973619
1037        0.000595630667766
1038        0.000560593569662
1039        0.000560593569662
1040        0.000490519373454
1041        0.000482275350371
1042        0.000789365210223
1043        0.000824402308326
1044        0.000805853256389
1045        0.000781121187139
1046        0.00075638911789
1047        0.000474031327288
1048        0.000465787304204
1049        0.000467848309975
1050        0.000486397361913
1051        0.000471970321517
1052        0.000471970321517
1053        0.000476092333059
1054        0.0004802143446
1055        0.000494641384996
1056        0.000492580379225
1057        0.000465787304204
1058        0.000488458367683
1059        0.000488458367683
1060        0.000494641384996
1061        0.000577081615829
1062        0.000535861500412
1063        0.000575020610058
1064        0.000488458367683
1065        0.000463726298434
1066        0.000585325638912
1067        0.000589447650453
1068        0.00058120362737
1069        0.000678070898599
1070        0.000663643858203
1071        0.000686314921682
1072        0.000665704863974
1073        0.000500824402308
1074        0.000478153338829
1075        0.000542044517725
1076        0.000585325638912
1077        0.000539983511954
1078        0.116259274526
1079        0.000484336356142
1080        0.000463726298434
1081        0.000471970321517
1082        0.000471970321517
1083        0.000805853256389
1084        0.000770816158285
1085        0.000816158285243
1086        0.000838829348722
1087        0.000917147568013
1088        0.298258450124
1089        0.301906430338
1090        0.320480214345
1091        0.309383759275
1092        0.285723413026
1093        0.319099340478
1094        0.29843569662
1095        0.303794311624
1096        0.297034212696
1097        0.320434872218
1098        0.294229183842
1099        0.258165704864
1100        0.311642621599
1101        0.296574608409
1102        0.309775350371
1103        0.317452596867
1104        0.313077081616
1105        0.000785243198681
1106        0.000805853256389
1107        0.000822341302556
1108        0.000793487221764
1109        0.000785243198681
1110        0.000680131904369
1111        0.000886232481451
1112        0.000873866446826
1113        0.000486397361913
1114        0.000486397361913
1115        0.0004802143446
1116        0.000478153338829
1117        0.000488458367683
1118        0.000486397361913
1119        0.000484336356142
1120        0.000492580379225
1121        0.0374154987634
1122        0.000560593569662
1123        0.000548227535037
1124        0.000548227535037
1125        0.000566776586974
1126        0.000542044517725
1127        0.00055647155812
1128        0.000478153338829
1129        0.000467848309975
1130        0.00582440230833
1131        0.0434192085738
1132        0.000814097279472
1133        0.000845012366035
1134        0.000772877164056
1135        0.000836768342951
1136        0.000824402308326
1137        0.000923330585326
1138        0.000812036273702
1139        0.00104286892003
1140        0.00109851607585
1141        0.00105317394889
1142        0.000836768342951
1143        0.000741962077494
1144        0.000851195383347
1145        0.00083264633141
1146        0.000861500412201
1147        0.0004802143446
1148        0.000490519373454
1149        0.143027617477
1150        0.302528854081
1151        0.321957955482
1152        0.308301731245
1153        0.000478153338829
1154        0.000498763396538
1155        0.000700741962077
1156        0.000653338829349
1157        0.000667765869744
1158        0.000676009892828
1159        0.37413231657
1160        0.00101813685078
1161        0.00107172300082
1162        0.000983099752679
1163        0.00095836768343
1164        0.00108615004122
1165        0.0011088211047
1166        0.0010098928277
1167        0.000989282769992
1168        0.00105111294312
1169        0.000896537510305
1170        0.000941879637263
1171        0.000970733718054
1172        0.000492580379225
1173        0.000486397361913
1174        0.000459604286892
1175        0.000467848309975
1176        0.000638911788953
1177        0.000673948887057
1178        0.000727535037098
1179        0.0608099752679
1180        0.353695383347
1181        0.000519373454246
1182        0.00055441055235
1183        0.000579142621599
1184        0.000562654575433
1185        0.000579142621599
1186        0.000587386644683
1187        0.000488458367683
1188        0.000478153338829
1189        0.00149216817807
1190        0.00151483924155
1191        0.00154163231657
1192        0.00156430338005
1193        0.00150659521847
1194        0.00144682605111
1195        0.0014901071723
1196        0.00149216817807
1197        0.00045548227535
1198        0.000476092333059
1199        0.000667765869744
1200        0.000640972794724
1201        0.000721352019786
1202        0.000651277823578
1203        0.0325927452597
1204        0.0297176422094
1205        0.0139241549876
1206        0.0533079142622
1207        0.0591261335532
1208        0.000474031327288
1209        0.000488458367683
1210        0.221698268755
1211        0.000465787304204
1212        0.000471970321517
1213        0.000492580379225
1214        0.000537922506183
1215        0.000488458367683
1216        0.000484336356142
1217        0.000467848309975
1218        0.000478153338829
1219        0.000494641384996
1220        0.0004802143446
1221        0.00060593569662
1222        0.00060593569662
1223        0.000566776586974
1224        0.0316384995878
1225        0.213303792251
1226        0.00305853256389
1227        0.0582955482275
1228        0.00306677658697
1229        0.0226916735367
1230        0.0226092333059
1231        0.0302761747733
1232        0.00396949711459
1233        0.0252370156636
1234        0.0277823577906
1235        0.0306121187139
1236        0.000463726298434
1237        0.000457543281121
1238        0.0136644682605
1239        0.000471970321517
1240        0.000488458367683
1241        0.000643033800495
1242        0.000729596042869
1243        0.000665704863974
1244        0.000680131904369
1245        0.000564715581204
1246        0.000601813685078
1247        0.000560593569662
1248        0.000539983511954
1249        0.00055647155812
1250        0.000537922506183
1251        0.00055647155812
1252        0.000562654575433
1253        0.000548227535037
1254        0.000474031327288
1255        0.000496702390767
1256        0.000482275350371
1257        0.000492580379225
1258        0.092401071723
1259        0.000476092333059
1260        0.000482275350371
1261        0.000482275350371
1262        0.000476092333059
1263        0.000690436933223
1264        0.000678070898599
1265        0.000711046990932
1266        0.000622423742786
1267        0.000787304204452
1268        0.000820280296785
1269        0.00083264633141
1270        0.000799670239077
1271        0.000818219291014
1272        0.26134995878
1273        0.00060593569662
1274        0.000558532563891
1275        0.000564715581204
1276        0.00055441055235
1277        0.000568837592745
1278        0.000583264633141
1279        0.000486397361913
1280        0.000498763396538
1281        0.000474031327288
1282        0.000494641384996
1283        0.0770630667766
1284        0.261576669415
1285        0.256220115416
1286        0.0165169002473
1287        0.0637654575433
1288        0.00373248145095
1289        0.00359851607585
1290        0.00375927452597
1291        0.00367889530091
1292        0.00360263808739
1293        0.00374484748557
1294        0.00383965375103
1295        0.0034460016488
1296        0.00373454245672
1297        0.00366034624897
1298        0.00359645507007
1299        0.00375103050289
1300        0.00356141797197
1301        0.0110902720528
1302        0.046061417972
1303        0.135125721352
1304        0.282184666117
1305        0.497038334707
1306        0.0978524319868
1307        0.0766879637263
1308        0.47904987634
1309        0.0614756801319
1310        0.0477988458368
1311        0.265006183017
1312        0.0294950535862
1313        0.0242394888706
1314        0.164115828524
1315        0.0268693322341
1316        0.0164591920857
1317        0.0165519373454
1318        0.0817683429514
1319        0.46098928277
1320        0.503637675185
1321        0.487644270404
1322        0.492737015664
1323        0.513953009068
1324        0.513044105523
1325        0.510665704864
1326        0.518629431162
1327        0.525696619951
1328        0.527048639736
1329        0.526020197857
1330        0.526560181369
1331        0.528029678483
1332        0.525758450124
1333        0.527126957955
1334        0.513390354493
1335        0.0375123660346
1336        0.306228359439
1337        0.000484336356142
1338        0.000492580379225
1339        0.279717642209
1340        0.361819868096
1341        0.00080791426216
1342        0.000801731244847
1343        0.000762572135202
1344        0.000776999175598
1345        0.000820280296785
1346        0.0110325638912
1347        0.0901215993405
1348        0.000482275350371
1349        0.000542044517725
1350        0.000478153338829
1351        0.000476092333059
1352        0.0293157460841
1353        0.176640560594
1354        0.00055647155812
1355        0.000560593569662
1356        0.000579142621599
1357        0.000500824402308
1358        0.000471970321517
1359        0.000476092333059
1360        0.000496702390767
1361        0.116941467436
1362        0.142877164056
1363        0.297201154163
1364        0.291112943116
1365        0.303431574608
1366        0.00058120362737
1367        0.000570898598516
1368        0.000552349546579
1369        0.000474031327288
1370        0.000474031327288
1371        0.000492580379225
1372        0.000490519373454
1373        0.0714653751031
1374        0.441972382523
1375        0.0935737840066
1376        0.0949031327288
1377        0.000488458367683
1378        0.000478153338829
1379        0.000463726298434
1380        0.000488458367683
1381        0.000492580379225
1382        0.0004802143446
1383        0.000474031327288
1384        0.000490519373454
1385        0.000566776586974
1386        0.000535861500412
1387        0.00055441055235
1388        0.124519785655
1389        0.127215581204
1390        0.319596042869
1391        0.324762984336
1392        0.303464550701
1393        0.0513994229184
1394        0.0667209398186
1395        0.0829451772465
1396        0.0642415498763
1397        0.00584707337181
1398        0.0115189612531
1399        0.0421455070074
1400        0.321034624897
1401        0.000490519373454
1402        0.000469909315746
1403        0.0665045342127
1404        0.459952596867
1405        0.000476092333059
1406        0.000463726298434
1407        0.000478153338829
1408        0.000476092333059
1409        0.0609666117065
1410        0.175162819456
1411        0.272250618302
1412        0.326488046167
1413        0.322067188788
1414        0.395323577906
1415        0.06093569662
1416        0.0162159934048
1417        0.113505770816
1418        0.0403730420445
1419        0.0640436933223
1420        0.147817394889
1421        0.0927081615829
1422        0.116265457543
1423        0.390370981039
1424        0.379661995054
1425        0.374507419621
1426        0.400601813685
1427        0.436786892003
1428        0.42941055235
1429        0.419451772465
1430        0.474319868096
1431        0.426859027205
1432        0.435105111294
1433        0.456158285243
1434        0.326316982688
1435        0.27255358615
1436        0.316098516076
1437        0.490647155812
1438        0.504346661171
1439        0.478901483924
1440        0.000461665292663
1441        0.000474031327288
1442        0.00584707337181
1443        0.0772423742786
1444        0.00045548227535
1445        0.000469909315746
1446        0.0689097279472
1447        0.0772011541632
1448        0.0739488870569
1449        0.388555234955
1450        0.000488458367683
1451        0.000474031327288
1452        0.0715663643858
1453        0.156086150041
1454        0.260601813685
1455        0.267456718879
1456        0.347578318219
1457        0.0162572135202
1458        0.0874093157461
1459        0.0162448474856
1460        0.161343775763
1461        0.105948062655
1462        0.052994641385
1463        0.285245259687
1464        0.000496702390767
1465        0.000469909315746
1466        0.100610057708
1467        0.195416323166
1468        0.174622835944
1469        0.31671063479
1470        0.00065746084089
1471        0.000673948887057
1472        0.00068219291014
1473        0.000690436933223
1474        0.000486397361913
1475        0.000471970321517
1476        0.061213932399
1477        0.063713932399
1478        0.0564715581204
1479        0.0616055234955
1480        0.0560964550701
1481        0.206279884584
1482        0.195999587799
1483        0.23204657873
1484        0.46526793075
1485        0.466859027205
1486        0.473950948063
1487        0.0370981038747
1488        0.276793075021
1489        0.066339653751
1490        0.0530812036274
1491        0.313015251443
1492        0.0874752679307
1493        0.000484336356142
1494        0.000469909315746
1495        0.000560593569662
1496        0.0005296784831
1497        0.000568837592745
1498        0.0136706512778
1499        0.132396949711
1500        0.36888911789
1501        0.524668178071
1502        0.524086974444
1503        0.521104699093
1504        0.503713932399
1505        0.000659521846661
1506        0.000694558944765
1507        0.000665704863974
1508        0.000744023083265
1509        0.000478153338829
1510        0.0004802143446
1511        0.466531327288
1512        0.45894270404
1513        0.441747732894
1514        0.453239901072
1515        0.489818631492
1516        0.503470733718
1517        0.513907666941
1518        0.513408903545
1519        0.526747732894
1520        0.521238664468
1521        0.504451772465
1522        0.0343858202803
1523        0.179488870569
1524        0.0165004122012
1525        0.00587180544106
1526        0.0345300906843
1527        0.0954122011542
1528        0.329826875515
1529        0.240671887881
1530        0.201228359439
1531        0.000494641384996
1532        0.000471970321517
1533        0.517745259687
1534        0.521720939819
1535        0.523874690849
1536        0.518862324815
1537        0.526121187139
1538        0.515556471558
1539        0.520727535037
1540        0.525636850783
1541        0.526228359439
1542        0.526455070074
1543        0.526628194559
1544        0.523798433636
1545        0.000566776586974
1546        0.000558532563891
1547        0.000599752679307
1548        0.0269002473207
1549        0.0189488870569
1550        0.148248145095
1551        0.0136005770816
1552        0.00839447650453
1553        0.0714220939819
1554        0.000752267106348
1555        0.000824402308326
1556        0.000836768342951
1557        0.000797609233306
1558        0.000750206100577
1559        0.000482275350371
1560        0.000467848309975
1561        0.000490519373454
1562        0.000490519373454
1563        0.00832234130256
1564        0.03755358615
1565        0.183180131904
1566        0.145946001649
1567        0.151690024732
1568        0.163676834295
1569        0.144082852432
1570        0.234124072547
1571        0.343011129431
1572        0.0646702390767
1573        0.0883882934872
1574        0.0729163231657
1575        0.0912015663644
1576        0.0728276999176
1577        0.080917147568
1578        0.130090684254
1579        0.140690436933
1580        0.000490519373454
1581        0.00572135201979
1582        0.313773701566
1583        0.319323990107
1584        0.312038334707
1585        0.0161500412201
1586        0.168668590272
1587        0.000647155812036
1588        0.000684253915911
1589        0.000665704863974
1590        0.000692497938994
1591        0.152590684254
1592        0.16388911789
1593        0.229387881286
1594        0.258858202803
1595        0.285445177246
1596        0.373790189613
1597        0.424750618302
1598        0.434752679308
1599        0.458788128607
1600        0.000467848309975
1601        0.0004802143446
1602        0.0188932399011
1603        0.00588623248145
1604        0.0929781533388
1605        0.187631904369
1606        0.382118713932
1607        0.000566776586974
1608        0.000550288540808
1609        0.000519373454246
1610        0.250476092333
1611        0.0320342126958
1612        0.145315333883
1613        0.208926215993
1614        0.216405605936
1615        0.211953833471
1616        0.167782357791
1617        0.18859645507
1618        0.213946826051
1619        0.0896434460016
1620        0.0636995053586
1621        0.0791467436109
1622        0.000498763396538
1623        0.000527617477329
1624        0.000484336356142
1625        0.000476092333059
1626        0.000478153338829
1627        0.000471970321517
1628        0.0321805441055
1629        0.0454183841715
1630        0.0375515251443
1631        0.0352143446002
1632        0.148180131904
1633        0.000537922506183
1634        0.000591508656224
1635        0.000560593569662
1636        0.000476092333059
1637        0.000478153338829
1638        0.000552349546579
1639        0.00058120362737
1640        0.000548227535037
1641        0.000509068425392
1642        0.000548227535037
1643        0.0799958779885
1644        0.0746702390767
1645        0.113713932399
1646        0.166312860676
1647        0.195463726298
1648        0.122116652927
1649        0.000482275350371
1650        0.000484336356142
1651        0.0978833470734
1652        0.306448887057
1653        0.413147155812
1654        0.171343775763
1655        0.000484336356142
1656        0.0004802143446
1657        0.0746125309151
1658        0.0849484748557
1659        0.0481677658697
1660        0.0501586974444
1661        0.203460428689
1662        0.0767250618302
1663        0.172547403133
1664        0.192934872218
1665        0.299169414674
1666        0.310098928277
1667        0.335317394889
1668        0.313208985985
1669        0.000459604286892
1670        0.000484336356142
1671        0.0689962901896
1672        0.0481286067601
1673        0.278781945589
1674        0.100449299258
1675        0.332763808739
1676        0.214204451772
1677        0.219583676834
1678        0.245449299258
1679        0.518594394064
1680        0.000789365210223
1681        0.000772877164056
1682        0.000744023083265
1683        0.000791426215993
1684        0.000791426215993
1685        0.0972506183017
1686        0.213507831822
1687        0.198101813685
1688        0.249124072547
1689        0.268763396538
1690        0.266766281946
1691        0.308639736191
1692        0.368105935697
1693        0.408456306678
1694        0.432772052762
1695        0.415010305029
1696        0.41177864798
1697        0.37737840066
1698        0.401009892828
1699        0.437403132729
1700        0.438728359439
1701        0.411215993405
1702        0.448126545754
1703        0.459340478153
1704        0.450727535037
1705        0.466955894477
1706        0.050620362737
1707        0.261187139324
1708        0.197943116241
1709        0.208112118714
1710        0.0374422918384
1711        0.197949299258
1712        0.32163231657
1713        0.172611294312
1714        0.203806677659
1715        0.303394476505
1716        0.0507337180544
1717        0.0298722176422
1718        0.0455873866447
1719        0.172172300082
1720        0.16118920033
1721        0.203153338829
1722        0.314243610882
1723        0.334319868096
1724        0.475690436933
1725        0.000482275350371
1726        0.000457543281121
1727        0.100612118714
1728        0.166049051937
1729        0.000474031327288
1730        0.000482275350371
1731        0.0110037098104
1732        0.195294723825
1733        0.200201978566
1734        0.0769538334707
1735        0.369616652927
1736        0.0956018136851
1737        0.0763994229184
1738        0.482755564716
1739        0.513330585326
1740        0.507922506183
1741        0.49894270404
1742        0.524453833471
1743        0.500968672712
1744        0.000552349546579
1745        0.000566776586974
1746        0.000548227535037
1747        0.198371805441
1748        0.488126545754
1749        0.473915910965
1750        0.47402514427
1751        0.523441879637
1752        0.523926215993
1753        0.000474031327288
1754        0.000474031327288
1755        0.108753091509
1756        0.0743466611707
1757        0.118907666941
1758        0.00835119538335
1759        0.0241240725474
1760        0.190195795548
1761        0.0086582852432
1762        0.0879389942292
1763        0.0669476504534
1764        0.0827926628195
1765        0.0640189612531
1766        0.0375370981039
1767        0.447563891179
1768        0.449565127782
1769        0.478746908491
1770        0.454437345425
1771        0.471687963726
1772        0.450183429514
1773        0.504973206925
1774        0.489268342951
1775        0.504711459192
1776        0.000463726298434
1777        0.000476092333059
1778        0.000486397361913
1779        0.000490519373454
1780        0.0267374278648
1781        0.000478153338829
1782        0.0004802143446
1783        0.000560593569662
1784        0.0004802143446
1785        0.000618301731245
1786        0.000515251442704
1787        0.000542044517725
1788        0.00333264633141
1789        0.0898660346249
1790        0.0113375927453
1791        0.0957625721352
1792        0.0962159934048
1793        0.108858202803
1794        0.105871805441
1795        0.116753915911
1796        0.106294311624
1797        0.000564715581204
1798        0.000535861500412
1799        0.00060593569662
1800        0.000509068425392
1801        0.000467848309975
1802        0.000474031327288
1803        0.000587386644683
1804        0.000535861500412
1805        0.000562654575433
1806        0.0348433635614
1807        0.00863355317395
1808        0.216055234955
1809        0.000601813685078
1810        0.0425020610058
1811        0.0477308326463
1812        0.0480750206101
1813        0.365193734542
1814        0.418417147568
1815        0.449323990107
1816        0.0272155812036
1817        0.0346393239901
1818        0.0242683429514
1819        0.114321929101
1820        0.0399154987634
1821        0.000471970321517
1822        0.296420032976
1823        0.271521022259
1824        0.36345012366
1825        0.471475680132
1826        0.336368507832
1827        0.371170651278
1828        0.355570898599
1829        0.526436521022
1830        0.403266694147
1831        0.389536273702
1832        0.484101401484
1833        0.523530502885
1834        0.0715849134378
1835        0.495327699918
1836        0.503303792251
1837        0.510325638912
1838        0.493511953833
1839        0.508458367683
1840        0.503046166529
1841        0.524863973619
1842        0.508608821105
1843        0.0509295136026
1844        0.0458264633141
1845        0.037454657873
1846        0.205894476505
1847        0.142219703215
1848        0.195612118714
1849        0.402518549052
1850        0.103198680956
1851        0.0906121187139
1852        0.500607996702
1853        0.422030090684
1854        0.400766694147
1855        0.462180544106
1856        0.447978153339
1857        0.502605111294
1858        0.476259274526
1859        0.484870156636
1860        0.497623660346
1861        0.499855729596
1862        0.100888293487
1863        0.414093157461
1864        0.000488458367683
1865        0.000484336356142
1866        0.166205688376
1867        0.0610696619951
1868        0.440471970322
1869        0.153295548228
1870        0.0691178895301
1871        0.145529678483
1872        0.429911376752
1873        0.108559356966
1874        0.069163231657
1875        0.145655399835
1876        0.218670651278
1877        0.28503915911
1878        0.452938994229
1879        0.250607996702
1880        0.0217415498763
1881        0.151098516076
1882        0.13237840066
1883        0.10886438582
1884        0.11332852432
1885        0.115943940643
1886        0.121455070074
1887        0.290888293487
1888        0.308437757626
1889        0.290257625721
1890        0.327073371805
1891        0.368858202803
1892        0.381947650453
1893        0.370086562242
1894        0.371786892003
1895        0.499033388293
1896        0.484686727123
1897        0.435603874691
1898        0.47656430338
1899        0.468011129431
1900        0.513948887057
1901        0.495869744435
1902        0.507322753504
1903        0.494760923331
1904        0.508843775763
1905        0.495290601814
1906        0.486566364386
1907        0.489422918384
1908        0.518081203627
1909        0.526154163232
1910        0.52131079967
1911        0.511595218467
1912        0.527405193735
1913        0.5219641385
1914        0.521395300907
1915        0.527133140973
1916        0.51266075845
1917        0.523361500412
1918        0.0955276174773
1919        0.191075845012
1920        0.0771125309151
1921        0.0822011541632
1922        0.0320362737016
1923        0.340354492993
1924        0.000824402308326
1925        0.000785243198681
1926        0.000809975267931
1927        0.000793487221764
1928        0.000799670239077
1929        0.48712489695
1930        0.486630255565
1931        0.489194146744
1932        0.509208573784
1933        0.479095218467
1934        0.469938169827
1935        0.465937757626
1936        0.49951772465
1937        0.44969291014
1938        0.492813272877
1939        0.497479389942
1940        0.497504122012
1941        0.520929513603
1942        0.505018549052
1943        0.510074196208
1944        0.266055234955
1945        0.0637654575433
1946        0.32681780709
1947        0.0162118713932
1948        0.103415086562
1949        0.0162840065952
1950        0.294771228359
1951        0.472805028854
1952        0.309307502061
1953        0.408413025556
1954        0.490012366035
1955        0.48634995878
1956        0.40879637263
1957        0.423101813685
1958        0.431088211047
1959        0.442133140973
1960        0.515084501237
1961        0.508433635614
1962        0.505781121187
1963        0.317518549052
1964        0.303365622424
1965        0.0688788128607
1966        0.103534624897
1967        0.251444765045
1968        0.242737015664
1969        0.200585325639
1970        0.384843363561
1971        0.412986397362
1972        0.123499587799
1973        0.173248145095
1974        0.07947856554
1975        0.510381286068
1976        0.51629637263
1977        0.513551112943
1978        0.116218054411
1979        0.316183017312
1980        0.340517312448
1981        0.421271640561
1982        0.400671887881
1983        0.430948062655
1984        0.498709810387
1985        0.507941055235
1986        0.492211459192
1987        0.252730832646
1988        0.511166529266
1989        0.284583676834
1990        0.437829760923
1991        0.44275350371
1992        0.478169826876
1993        0.0218693322341
1994        0.0667456718879
1995        0.0218961253092
1996        0.0162283594394
1997        0.255234954658
1998        0.461201566364
1999        0.494288953009
2000        0.216306677659
2001        0.199297197032
2002        0.355498763397
2003        0.100346248969
2004        0.310737840066
2005        0.505634789777
2006        0.161224237428
2007        0.520340065952
2008        0.163268755153
2009        0.0163211046991
2010        0.350331821929
2011        0.37855729596
2012        0.489841302556
2013        0.224872217642
2014        0.195181368508
2015        0.236935284419
2016        0.284544517725
2017        0.252718466612
2018        0.245243198681
2019        0.413351195383
2020        0.298963314097
2021        0.339777411377
2022        0.265836768343
2023        0.0741611706513
2024        0.159033388293
2025        0.134350783182
2026        0.371683841715
2027        0.102444352844
2028        0.0319641384996
2029        0.13973206925
2030        0.090026793075
2031        0.0821784830998
2032        0.158279060181
2033        0.339987633965
2034        0.0688932399011
2035        0.0633285243199
2036        0.400096867271
2037        0.192792662819
2038        0.184315746084
2039        0.0926215993405
2040        0.213429513603
2041        0.330731657049
2042        0.206281945589
2043        0.0346784830998
2044        0.0371558120363
2045        0.171195383347
2046        0.187462901896
2047        0.177225886232
2048        0.340239076669
2049        0.345638911789
2050        0.441040807914
2051        0.447710222589
2052        0.487483511954
2053        0.442403132729
2054        0.46111088211
2055        0.492677246496
2056        0.405546166529
2057        0.000490519373454
2058        0.000488458367683
2059        0.0715972794724
2060        0.308470733718
2061        0.306143858203
2062        0.191951772465
2063        0.0922506183017
2064        0.236935284419
2065        0.31089653751
2066        0.242048639736
2067        0.34762159934
2068        0.268763396538
2069        0.331823990107
2070        0.503318219291
2071        0.413882934872
2072        0.390012366035
2073        0.400288540808
2074        0.426129431162
2075        0.426164468261
2076        0.384396125309
2077        0.475558532564
2078        0.328761335532
2079        0.512951360264
2080        0.295661582852
2081        0.351747732894
2082        0.289340478153
2083        0.273913849959
2084        0.282036273702
2085        0.446485985161
2086        0.462996702391
2087        0.474251854905
2088        0.449981450948
2089        0.250676009893
2090        0.267083676834
2091        0.242361912613
2092        0.211174773289
2093        0.258225474031
2094        0.242920445177
2095        0.221892003298
2096        0.234305441055
2097        0.218371805441
2098        0.0824072547403
2099        0.0843652102226
2100        0.0975886232481
2101        0.116426215993
2102        0.10078936521
2103        0.116016075845
2104        0.0425185490519
2105        0.173944765045
2106        0.263680956307
2107        0.500278235779
2108        0.465030915087
2109        0.474422918384
2110        0.447959604287
2111        0.331438582028
2112        0.319952596867
2113        0.374072547403
2114        0.361791014015
2115        0.364093157461
2116        0.344631079967
2117        0.206084089035
2118        0.213922093982
2119        0.292116652927
2120        0.256246908491
2121        0.00112324814509
2122        0.00118920032976
2123        0.00105111294312
2124        0.00112324814509
2125        0.00100577081616
2126        0.00105317394889
2127        0.00113973619126
2128        0.236224237428
2129        0.280086562242
2130        0.414185902721
2131        0.494307502061
2132        0.348798433636
2133        0.360733718054
2134        0.145381286068
2135        0.0500577081616
2136        0.355910964551
2137        0.211339653751
2138        0.399655812036
2139        0.450018549052
2140        0.163478977741
2141        0.285158697444
2142        0.399911376752
2143        0.000820280296785
2144        0.000789365210223
2145        0.000822341302556
2146        0.000803792250618
2147        0.000814097279472
2148        0.210855317395
2149        0.240342126958
2150        0.0814097279472
2151        0.106053173949
2152        0.276265457543
2153        0.452491755977
2154        0.518476916735
2155        0.35546784831
2156        0.240010305029
2157        0.277077493817
2158        0.320220527617
2159        0.347370156636
2160        0.358670651278
2161        0.0585222588623
2162        0.000488458367683
2163        0.000496702390767
2164        0.448371805441
2165        0.360698680956
2166        0.324647568013
2167        0.327636026381
2168        0.309070486397
2169        0.229004534213
2170        0.0768301731245
2171        0.260618301731
2172        0.247811211871
2173        0.0402617477329
2174        0.150659521847
2175        0.168819043693
2176        0.0404286892003
2177        0.0266261335532
2178        0.415265869744
2179        0.308953009068
2180        0.340746084089
2181        0.311337592745
2182        0.369791838417
2183        0.357848309975
2184        0.429021022259
2185        0.356077906018
2186        0.211409727947
2187        0.0636088211047
2188        0.187697856554
2189        0.174952596867
2190        0.160845012366
2191        0.398713932399
2192        0.166129431162
2193        0.142809150866
2194        0.150832646331
2195        0.074163231657
2196        0.36358202803
2197        0.473594394064
2198        0.295309150866
2199        0.435222588623
2200        0.416784830998
2201        0.465937757626
2202        0.324997938994
2203        0.327380461665
2204        0.321795136026
2205        0.327322753504
2206        0.363652102226
2207        0.294525968673
2208        0.40743198681
2209        0.30568219291
2210        0.453140972795
2211        0.211368507832
2212        0.328553173949
2213        0.295915086562
2214        0.39368920033
2215        0.492487633965
2216        0.390408079143
2217        0.277112530915
2218        0.327250618302
2219        0.282532976092
2220        0.277126957955
2221        0.494507419621
2222        0.457522671063
2223        0.0686211871393
2224        0.158909727947
2225        0.158514014839
2226        0.450859439406
2227        0.250410140148
2228        0.224958779885
2229        0.0215230832646
2230        0.394781533388
2231        0.335362737016
2232        0.466195383347
2233        0.477363973619
2234        0.474884583677
2235        0.470847073372
2236        0.490702802968
2237        0.463621187139
2238        0.135055647156
2239        0.39562860676
2240        0.419441467436
2241        0.426545754328
2242        0.394336356142
2243        0.430381286068
2244        0.413784006595
2245        0.386788953009
2246        0.399422918384
2247        0.0582790601814
2248        0.163790189613
2249        0.132262984336
2250        0.116477741138
2251        0.12160346249
2252        0.339101401484
2253        0.19298227535
2254        0.124200329761
2255        0.390527617477
2256        0.295234954658
2257        0.421615828524
2258        0.426502473207
2259        0.337868920033
2260        0.366842539159
2261        0.40661788953
2262        0.484680544106
2263        0.182541220115
2264        0.195335943941
2265        0.405995465787
2266        0.328983924155
2267        0.216659109646
2268        0.0985449299258
2269        0.147155812036
2270        0.0116199505359
2271        0.00884377576257
2272        0.00636232481451
2273        0.0275494641385
2274        0.000972794723825
2275        0.00895713107997
2276        0.221661170651
2277        0.278619126134
2278        0.089756801319
2279        0.000482275350371
2280        0.476626133553
2281        0.000474031327288
2282        0.0797732893652
2283        0.263553173949
2284        0.289408491344
2285        0.218720115416
2286        0.129917559769
2287        0.100529678483
2288        0.200465787304
2289        0.179536273702
2290        0.0660016488046
2291        0.136838417148
2292        0.097050700742
2293        0.0869929925804
2294        0.0004802143446
2295        0.423833470734
2296        0.522184666117
2297        0.526523083265
2298        0.100385408079
2299        0.299736191261
2300        0.480206100577
2301        0.391727122836
2302        0.422945177246
2303        0.071556059357
2304        0.0871702390767
2305        0.0872959604287
2306        0.171776586974
2307        0.292689612531
2308        0.368831409728
2309        0.423940643034
2310        0.38870362737
2311        0.413386232481
2312        0.132730832646
2313        0.130420445177
2314        0.122570074196
2315        0.146473619126
2316        0.124781533388
2317        0.399311624073
2318        0.078858202803
2319        0.460803792251
2320        0.276659109646
2321        0.029855729596
2322        0.040251442704
2323        0.237065127782
2324        0.18748557296
2325        0.0848145094806
2326        0.0823000824402
2327        0.0770651277824
2328        0.0869723825227
2329        0.14901071723
2330        0.119134377576
2331        0.173843775763
2332        0.397157873042
2333        0.226459192086
2334        0.258000824402
2335        0.347318631492
2336        0.12660346249
2337        0.086735366859
2338        0.0928070898599
2339        0.116723000824
2340        0.094828936521
2341        0.168046166529
2342        0.166273701566
2343        0.240348309975
2344        0.35755358615
2345        0.365859439406
2346        0.38926422094
2347        0.126213932399
2348        0.276982687552
2349        0.416098516076
2350        0.0768755152514
2351        0.0349051937345
2352        0.144798021434
2353        0.149884583677
2354        0.20578936521
2355        0.0953709810387
2356        0.364060181369
2357        0.497710222589
2358        0.489548639736
2359        0.475620362737
2360        0.480939818631
2361        0.442918384171
2362        0.400063891179
2363        0.400140148392
2364        0.345059769167
2365        0.145082440231
2366        0.464668178071
2367        0.0553606760099
2368        0.0687654575433
2369        0.43407873042
2370        0.200162819456
2371        0.208825226711
2372        0.250834707337
2373        0.481877576257
2374        0.392289777411
2375        0.308039983512
2376        0.284548639736
2377        0.326533388293
2378        0.315762572135
2379        0.324241549876
2380        0.199723825227
2381        0.479936108821
2382        0.197749381698
2383        0.387557708162
2384        0.0634542456719
2385        0.250904781533
2386        0.284717642209
2387        0.124948474856
2388        0.119392003298
2389        0.0930770816158
2390        0.0907934872218
2391        0.161244847486
2392        0.111185078318
2393        0.361955894477
2394        0.313169826876
2395        0.0741879637263
2396        0.071708573784
2397        0.113456306678
2398        0.0953998351195
2399        0.103200741962
2400        0.160966611707
2401        0.0849319868096
2402        0.116298433636
2403        0.339606347898
2404        0.142984336356
2405        0.166553998351
2406        0.366690024732
2407        0.37641797197
2408        0.363625309151
2409        0.444969084913
2410        0.400232893652
2411        0.384429101401
2412        0.406372629843
2413        0.38473206925
2414        0.135183429514
2415        0.144629018961
2416        0.11620362737
2417        0.415943940643
2418        0.387969909316
2419        0.410768755153
2420        0.395688375927
2421        0.424239488871
2422        0.500498763397
2423        0.509101401484
2424        0.0583285243199
2425        0.155801731245
2426        0.0637675185491