1        0.36473413025556456
2        0.45008244023083227
3        0.45015251442704013
4        0.44904163231657024
5        0.4504760923330584
6        0.4496475680131904
7        0.44859645507007406
8        0.20334913437757596
9        0.24591714756801292
10        0.45001442704039596
11        0.45002885408079174
12        0.17069455894476473
13        0.451024319868096
14        0.4515395713107997
15        0.2591591096455067
16        0.43191673536685893
17        0.4249175597691673
18        0.4377246496290194
19        0.449264220939819
20        0.4500618301731247
21        0.4501051112943121
22        0.19908491343775722
23        0.425169002473207
24        0.13989488870568817
25        0.43474237427864815
26        0.4496702390766697
27        0.2172423742786477
28        0.38398804616652915
29        0.4202061005770815
30        0.44312860676009913
31        0.059091096455070054
32        0.056755976916735305
33        0.4509892827699919
34        0.4176401483924157
35        0.4261933223413025
36        0.1889839241549873
37        0.439305441055235
38        0.42449711459192074
39        0.40119538334707344
40        0.3050618301731243
41        0.43331821929101416
42        0.44913437757625724
43        0.44655399835119547
44        0.4437943116240726
45        0.4297774113767519
46        0.40394476504534205
47        0.4292827699917558
48        0.3626422093981862
49        0.39242374278647973
50        0.4081389117889531
51        0.4427967848309975
52        0.4438355317394892
53        0.4466426215993408
54        0.4443157460840891
55        0.4490663643858207
56        0.4459830997526795
57        0.38235160758450115
58        0.34681574608408894
59        0.4426813685078316
60        0.4276710634789782
61        0.4518384171475677
62        0.4501710634789778
63        0.45124896949711457
64        0.31948062654575415
65        0.4502102225886231
66        0.451354080791426
67        0.4483553173948887
68        0.4478936521022262
69        0.4511892003297606
70        0.22341096455070042
71        0.4505770816158287
72        0.45099752679307514
73        0.45064303380049464
74        0.1687778235779057
75        0.4498495465787304
76        0.3350886232481447
77        0.435173124484749
78        0.32206512778235774
79        0.42024319868095633
80        0.3863375927452594
81        0.40112324814509465
82        0.3834150865622425
83        0.4006760098928278
84        0.4498413025556476
85        0.40974649629018955
86        0.4439901071723004
87        0.4503957131079971
88        0.44512572135201955
89        0.44373660346249005
90        0.4124443528441879
91        0.44717230008243986
92        0.43218466611706496
93        0.4496166529266283
94        0.44910140148392413
95        0.44808326463314097
96        0.45105935696619964
97        0.17663437757625697
98        0.3180296784830996
99        0.2685820280296783
100        0.27078524319868064
101        0.03882316570486408
102        0.4071887881286069
103        0.41654781533388296
104        0.4057996702390767
105        0.44567394888705697
106        0.4483944765045343
107        0.39937551525144244
108        0.40289571310799666
109        0.42000412201154186
110        0.43439818631492216
111        0.38309563066776575
112        0.44844187963726284
113        0.43732481450948074
114        0.41209604286891993
115        0.3551215993404781
116        0.40468054410552357
117        0.4089241549876338
118        0.44751442704039557
119        0.44995671887881294
120        0.4501236603462486
121        0.44986603462489705
122        0.25674773289365177
123        0.19731038746908464
124        0.41741343775762557
125        0.42165704863973635
126        0.4493528441879641
127        0.4501772464962899
128        0.11112530915086526
129        0.1403689200329758
130        0.061374690849134196
131        0.450752267106348
132        0.32423536685902704
133        0.4244249793899423
134        0.4498351195383348
135        0.4477267106347898
136        0.45034212695795545
137        0.2451339653751029
138        0.4500906842539162
139        0.453173948887057
140        0.2728936521022257
141        0.4369105523495471
142        0.24428689200329717
143        0.24888499587798824
144        0.37468466611706497
145        0.39258244023083244
146        0.4499505358615006
147        0.45107996702390757
148        0.45089035449299275
149        0.44891591096455086
150        0.4479863973619125
151        0.44950948062654583
152        0.45018961253091516
153        0.45015869744435294
154        0.44663025556471586
155        0.44874278647980215
156        0.32402308326463286
157        0.25269579554822735
158        0.3986603462489697
159        0.4493157460840889
160        0.4155915086562244
161        0.43061624072547383
162        0.40605729596042855
163        0.43944352844187967
164        0.4329884583676835
165        0.44732893652102257
166        0.4043342951360264
167        0.44803792250618324
168        0.4516508656224236
169        0.31353874690849126
170        0.4285222588623248
171        0.27977947238252243
172        0.39264633140972793
173        0.40559563066776577
174        0.3061706512778233
175        0.30215169002473186
176        0.35436314921681744
177        0.3864488870568837
178        0.3171661170651276
179        0.23687345424567163
180        0.3829554822753504
181        0.4496042868920035
182        0.44920651277823587
183        0.27317807089859825
184        0.19505976916735338
185        0.1423309975267927
186        0.16112943116240688
187        0.2530028854080788
188        0.4196022258862324
189        0.45102844187963753
190        0.054923742786479865
191        0.06826875515251424
192        0.08015457543281108
193        0.4464076669414675
194        0.1577720527617474
195        0.4097382522671065
196        0.45233099752679296
197        0.398007007419621
198        0.42221970321516883
199        0.42432605111294314
200        0.2593693322341301
201        0.4250845012366033
202        0.4511727122835944
203        0.4208985985160757
204        0.437530915086562
205        0.43043487221764254
206        0.41883759274525983
207        0.44254740313272856
208        0.43537304204451766
209        0.45136232481450933
210        0.43372835943940624
211        0.29858615004121997
212        0.13333470733718028
213        0.32774525968672696
214        0.24426215993404746
215        0.12393239901071691
216        0.09685078318219274
217        0.4487118713932402
218        0.4498268755152515
219        0.418239901071723
220        0.4295919208573787
221        0.28198680956306643
222        0.2685469909315742
223        0.1515354492992577
224        0.4475803792250619
225        0.446279884583677
226        0.44913643858202756
227        0.44539159109645515
228        0.4464571310799672
229        0.45095424567188785
230        0.44658079142621604
231        0.2607955482275348
232        0.2349773289365208
233        0.1759150865622421
234        0.22919002473206898
235        0.43989694971145904
236        0.43052761747732915
237        0.4201566364385819
238        0.07759686727122828
239        0.06450329760923329
240        0.4498825226710634
241        0.31827493816982666
242        0.45148392415498767
243        0.37674567188788116
244        0.4128256389117888
245        0.44493610882110474
246        0.21216199505358574
247        0.45242168178070913
248        0.4497671063478977
249        0.45144476504534226
250        0.4481760098928278
251        0.45050700741962074
252        0.4506471558120364
253        0.303060593569662
254        0.44998145094806297
255        0.45116859027205286
256        0.4476257213520201
257        0.4482852431986813
258        0.4506224237427866
259        0.44823990107172307
260        0.4296578730420451
261        0.05495671887881274
262        0.1104389942291835
263        0.14738870568837548
264        0.44075432811211884
265        0.43380873866446834
266        0.3402699917559767
267        0.3815704863973619
268        0.31180750206100566
269        0.3126710634789778
270        0.299404369332234
271        0.31604286892003297
272        0.3906760098928275
273        0.3900845012366036
274        0.3847753503709812
275        0.2633656224237425
276        0.3587613355317394
277        0.34797197032151694
278        0.4490436933223412
279        0.4473268755152518
280        0.4480956306677657
281        0.4436974443528441
282        0.44926422093981855
283        0.44630049464138494
284        0.4502926628194561
285        0.45096867271228364
286        0.4497712283594398
287        0.44972588623248155
288        0.3276133553173949
289        0.4160284418796371
290        0.4247444352844189
291        0.4303730420445181
292        0.43034006595218466
293        0.42752473206925
294        0.4461644682605111
295        0.4471310799670241
296        0.34748763396537496
297        0.31438582028029655
298        0.4388293487221761
299        0.44191467436108817
300        0.4325659521846662
301        0.4505935696619951
302        0.17239901071722977
303        0.20507213520197834
304        0.4443528441879638
305        0.22616859027205258
306        0.3828812860676009
307        0.44340065952184665
308        0.29093981863149176
309        0.4458841714756801
310        0.438025556471558
311        0.4382337180544107
312        0.45084295136026403
313        0.4508779884583676
314        0.2774072547403129
315        0.3605873866446824
316        0.43203421269579534
317        0.44852225886232483
318        0.2725886232481449
319        0.34317394888705677
320        0.22072341302555615
321        0.16093569661995016
322        0.3956863149216817
323        0.44844806265457554
324        0.32121599340478146
325        0.45091508656224216
326        0.45038334707337163
327        0.29733305853256364
328        0.38304822753503714
329        0.3230976916735366
330        0.3040931574608408
331        0.4502061005770815
332        0.31338417147568004
333        0.24326257213520164
334        0.421646743610882
335        0.1808244023083261
336        0.4114406430338001
337        0.1460676009892825
338        0.3288726298433634
339        0.38695383347073353
340        0.42211046990931583
341        0.39025762572135214
342        0.4488314097279472
343        0.44639736191261326
344        0.3680296784830997
345        0.4205976916735367
346        0.2913066776586971
347        0.22207543281121148
348        0.21476916735366838
349        0.352186727122836
350        0.3440643033800495
351        0.429800082440231
352        0.3407192910140146
353        0.4172135201978563
354        0.3292168178070898
355        0.2665210222588621
356        0.12906018136850733
357        0.1582955482275347
358        0.2835284418796371
359        0.37436933223413027
360        0.42781121187139326
361        0.22846248969497102
362        0.1694991755976913
363        0.17593569661995026
364        0.22122423742786446
365        0.21492992580379194
366        0.35963314097279453
367        0.3561892003297607
368        0.2686541632316567
369        0.35270610057708146
370        0.4168363561417969
371        0.3437469084913436
372        0.1265869744435281
373        0.3476483924154987
374        0.34896743610882097
375        0.301902308326463
376        0.1741343775762569
377        0.4384604286892006
378        0.3970568837592744
379        0.40010923330585313
380        0.4480090684253917
381        0.4449773289365209
382        0.4330338004946415
383        0.44061005770816164
384        0.4285840890354492
385        0.446951772464963
386        0.4427514427040397
387        0.19201978565539948
388        0.07051731244847474
389        0.09728359439406395
390        0.14931986809563044
391        0.40660758450123646
392        0.4198804616652929
393        0.30290189612530893
394        0.4173454245671888
395        0.1378957131079963
396        0.14919002473206894
397        0.4354225061830174
398        0.41501648804616637
399        0.4036314921681781
400        0.4027390766694148
401        0.39980626545754333
402        0.4330688375927453
403        0.4498145094806267
404        0.38006801319043704
405        0.3540849134377575
406        0.3999175597691672
407        0.4361026380873869
408        0.2620156636438579
409        0.35891384995877956
410        0.23694971145919172
411        0.4215828524319869
412        0.29937551525144257
413        0.38753709810387443
414        0.39123866446826033
415        0.437681368507832
416        0.44598722176422106
417        0.4158491343775764
418        0.3745568837592746
419        0.43455482275350393
420        0.38996496290189603
421        0.4037840065952185
422        0.39210428689200333
423        0.4440890354492991
424        0.39068425391591083
425        0.4102638087386644
426        0.41482069249793896
427        0.39436314921681787
428        0.36727535037098086
429        0.37704245671887876
430        0.3794146743610884
431        0.41414056059356935
432        0.20766281945589413
433        0.1308017312448473
434        0.4329266281945589
435        0.29088623248145073
436        0.14035861500412172
437        0.12923742786479775
438        0.42458367683429515
439        0.16338004946413842
440        0.1960531739488868
441        0.19082028029678452
442        0.009653751030502858
443        0.011883759274526028
444        0.09548021434460012
445        0.283058532563891
446        0.43636850783182213
447        0.3326586974443527
448        0.4236995053586151
449        0.410014427040396
450        0.31998763396537494
451        0.21728565539983483
452        0.28171269579554786
453        0.2226875515251438
454        0.38717848309975245
455        0.3875041220115416
456        0.31598722176422067
457        0.3355193734542455
458        0.37902102225886225
459        0.08161995053586123
460        0.32141178895300887
461        0.3958676834295133
462        0.39372011541632285
463        0.434181780708986
464        0.4035181368507832
465        0.44985572959604314
466        0.06826669414674345
467        0.056446826051112904
468        0.20767312448474826
469        0.3775144270403958
470        0.4412098103874692
471        0.45091508656224244
472        0.23772671063478953
473        0.4352349546578727
474        0.43860469909315714
475        0.43536273701566336
476        0.4387716405605936
477        0.3198887056883758
478        0.38381079967023923
479        0.4504884583676834
480        0.37128812860675986
481        0.1540354492992577
482        0.06836768342951355
483        0.07525556471558112
484        0.08946826051112927
485        0.3313478977741137
486        0.047819455894476455
487        0.15847691673536662
488        0.04812654575432812
489        0.1063231657048636
490        0.45092745259686745
491        0.45115622423742807
492        0.4504266281945589
493        0.4506574608408904
494        0.24326669414674332
495        0.3362448474855727
496        0.27740107172300055
497        0.17122217642209364
498        0.1669105523495462
499        0.44381079967023906
500        0.36344394064303365
501        0.3561294311624075
502        0.44847073371805457
503        0.3951834295136026
504        0.4055379225061828
505        0.38355111294311617
506        0.3831698268755152
507        0.43363149216817803
508        0.378262572135202
509        0.430816158285243
510        0.365008244023083
511        0.3607440230832647
512        0.40508037922506185
513        0.4442807089859855
514        0.4334109645507008
515        0.43289365210222586
516        0.4466920857378402
517        0.45157460840890357
518        0.4504575432811211
519        0.12713520197856512
520        0.22090272052761717
521        0.21676215993404757
522        0.32507419620774924
523        0.3541343775762571
524        0.4010614179719702
525        0.2260469909315742
526        0.11497526793074982
527        0.27366240725474
528        0.3683182192910138
529        0.3694332234130254
530        0.4434356966199507
531        0.4427473206924978
532        0.4506512778235779
533        0.373946826051113
534        0.3561706512778236
535        0.4484975267930751
536        0.29108615004121985
537        0.3546187139323988
538        0.34438788128606745
539        0.3691220115416323
540        0.3479513602638086
541        0.34042250618301734
542        0.3465993404781531
543        0.3795445177246496
544        0.36455688375927414
545        0.3587098103874689
546        0.35916529266281944
547        0.3615107172300081
548        0.4484047815333885
549        0.05932811211871385
550        0.1245486397361909
551        0.09336150041220094
552        0.3200721352019785
553        0.17378194558944732
554        0.3179328112118711
555        0.06194765045342117
556        0.3646496290189611
557        0.3982790601813681
558        0.45148186314921673
559        0.35881079967023893
560        0.35476916735366837
561        0.31698268755152503
562        0.35000412201154146
563        0.4131718878812859
564        0.12620981038746865
565        0.42034830997526784
566        0.37340272052761747
567        0.40319249793899425
568        0.3699835119538333
569        0.43302761747732893
570        0.4425494641384994
571        0.3609810387469084
572        0.39007831821929095
573        0.2839901071722999
574        0.3901813685078317
575        0.1176174773289362
576        0.40575020610057744
577        0.0679967023907665
578        0.32276174773289357
579        0.40368095630667783
580        0.24100989282769955
581        0.44122423742786476
582        0.44887675185490516
583        0.3728441879637263
584        0.28882316570486366
585        0.4422011541632316
586        0.44894888705688385
587        0.43760923330585316
588        0.44913025556471564
589        0.15191261335531703
590        0.22082234130255526
591        0.23982893652102205
592        0.41054616652926634
593        0.34312860676009876
594        0.3617188788128605
595        0.15127370156636402
596        0.198404781533388
597        0.1648042044517722
598        0.20086356141797165
599        0.2588602638087384
600        0.4441591096455071
601        0.4509377576257218
602        0.4512984336356141
603        0.45070074196207743
604        0.3203256389117887
605        0.23457337180544072
606        0.4015601813685077
607        0.4296764220939819
608        0.42728153338829344
609        0.09748557295960414
610        0.44988252267106354
611        0.19253709810387434
612        0.4507893652102228
613        0.2666838417147565
614        0.23221558120362704
615        0.23218260511129407
616        0.2699793899422915
617        0.45106966199505366
618        0.05901071723000815
619        0.38227947238252263
620        0.4429884583676836
621        0.44009892827699887
622        0.44985160758450105
623        0.35200329760923316
624        0.3029389942291837
625        0.2144291014014835
626        0.3159789777411375
627        0.06981863149216784
628        0.15366034624896913
629        0.44963520197856566
630        0.22059563066776555
631        0.2320816158285239
632        0.38676009892827684
633        0.44611294311624106
634        0.17843363561417935
635        0.31359851607584494
636        0.4498289365210224
637        0.4504925803792251
638        0.4486603462489695
639        0.44620981038746893
640        0.4501298433635616
641        0.4510964550700741
642        0.3933326463314096
643        0.39940643033800477
644        0.3902555647155812
645        0.42144476504534206
646        0.38184460016488037
647        0.34556265457543267
648        0.20473619126133516
649        0.23226298433635603
650        0.17765663643858176
651        0.3333429513602637
652        0.4141364385820282
653        0.33359851607584473
654        0.3220445177246496
655        0.3040643033800492
656        0.4378235779060182
657        0.4449525968672713
658        0.44591920857378403
659        0.4487118713932398
660        0.43709192085737825
661        0.19150865622423713
662        0.22230832646331375
663        0.28962283594394045
664        0.31412613355317387
665        0.26889736191261304
666        0.28470115416323155
667        0.44900453421269604
668        0.42346248969497113
669        0.41667147568013196
670        0.41432399010717225
671        0.4279307502061005
672        0.4503730420445177
673        0.4503132728771641
674        0.2947238252267104
675        0.3692250618301731
676        0.36492580379225054
677        0.4105750206100578
678        0.4357460840890355
679        0.42624484748557323
680        0.4154637262984335
681        0.3913314097279471
682        0.08162613355317382
683        0.0999711459192083
684        0.309670239076669
685        0.08364798021434434
686        0.4389901071723001
687        0.4438643858202802
688        0.4447671063478977
689        0.43024113767518574
690        0.44563685078318227
691        0.4435531739488869
692        0.44197650453421267
693        0.44839241549876346
694        0.4514530090684252
695        0.446593157460841
696        0.2459666117065124
697        0.44303586150041213
698        0.2422258862324812
699        0.35884583676834275
700        0.3598887056883758
701        0.23679101401483899
702        0.2368342951360261
703        0.0634830997526792
704        0.04351195383347075
705        0.07000206100577082
706        0.1649567188788125
707        0.29557089859851576
708        0.3295754328112117
709        0.3421372629843363
710        0.23625309150865598
711        0.26068219291013983
712        0.3926401483924156
713        0.3297588623248144
714        0.38269373454245653
715        0.3673969497114589
716        0.3716611706512778
717        0.06572753503709783
718        0.3184563066776585
719        0.24634789777411345
720        0.4015004122011544
721        0.14646331409727922
722        0.4194146743610883
723        0.09704451772464934
724        0.2622691673536683
725        0.23177246496290155
726        0.13792044517724616
727        0.18978359439406392
728        0.09312654575432786
729        0.07888499587798829
730        0.08136232481450933
731        0.10184666117065104
732        0.2916797197032151
733        0.26589447650453396
734        0.17249381698268734
735        0.31509274525968667
736        0.29383347073371785
737        0.34065952184666115
738        0.3594517724649626
739        0.4183120362737014
740        0.3742065127782356
741        0.34936108821104667
742        0.330546166529266
743        0.2949732069249792
744        0.2907996702390765
745        0.17862530915086533
746        0.31089859851607554
747        0.19004122011541597
748        0.23025556471558098
749        0.07090065952184658
750        0.24322341302555606
751        0.27337592745259676
752        0.09287098103874664
753        0.3623165704863973
754        0.15796990931574575
755        0.1969826875515248
756        0.18504122011541596
757        0.1087943116240723
758        0.11749175597691641
759        0.11770197856553963
760        0.20065952184666094
761        0.3253256389117887
762        0.32469703215168993
763        0.4151813685078319
764        0.41937963726298455
765        0.29599340478153313
766        0.3073495465787302
767        0.2887963726298431
768        0.43573165704863986
769        0.15098928276999132
770        0.26631904369332227
771        0.25979596042868897
772        0.1425206100577079
773        0.2893054410552347
774        0.3241652926628192
775        0.050294723825226574
776        0.33538746908491335
777        0.027382522671063524
778        0.09725061830173098
779        0.25702802967848287
780        0.42105111294311603
781        0.061570486397361866
782        0.4506038746908493
783        0.3811479802143445
784        0.37871393239901074
785        0.4040148392415497
786        0.4302844187963728
787        0.3904534212695797
788        0.43746496290189607
789        0.39757625721352036
790        0.4332502061005771
791        0.14111088211046957
792        0.25321104699093133
793        0.1492580379225059
794        0.14051112943116212
795        0.2527555647155809
796        0.316265457543281
797        0.2538478977741135
798        0.33565539983511933
799        0.1762943116240722
800        0.1715601813685075
801        0.12692085737840034
802        0.03844806265457554
803        0.049847485572959635
804        0.027363973619126184
805        0.2326009892827696
806        0.1347938994229181
807        0.1519497114591918
808        0.4506450948062654
809        0.22056883759274498
810        0.35138087386644673
811        0.3470362737015663
812        0.45168796372629866
813        0.4498000824402309
814        0.2614468260511125
815        0.2648103874690846
816        0.22342333058532546
817        0.05444558944765024
818        0.10651690024732036
819        0.1061644682605109
820        0.23768136850783153
821        0.07922506183017285
822        0.4503421269579556
823        0.2701813685078316
824        0.050239076669414705
825        0.1447691673536682
826        0.41330791426216007
827        0.11957749381698234
828        0.3795115416323164
829        0.28177040395713093
830        0.3791220115416322
831        0.08150865622423722
832        0.0795136026380872
833        0.16564509480626513
834        0.04985366859027195
835        0.30977122835943915
836        0.19883965375103013
837        0.20251030502885364
838        0.26610469909315715
839        0.048301731244847525
840        0.03874278647980227
841        0.415762572135202
842        0.3769311624072548
843        0.11547815333882916
844        0.13092951360263788
845        0.14789365210222558
846        0.38792662819455903
847        0.3029637262984335
848        0.018755152514427137
849        0.3412139323990106
850        0.25140766694146727
851        0.38336974443528454
852        0.38968672712283564
853        0.4419146743610884
854        0.16760511129431138
855        0.17631079967023883
856        0.16944765045342092
857        0.14260098928276976
858        0.3394332234130254
859        0.42321929101401495
860        0.33369126133553173
861        0.3423577906018135
862        0.3542271228359439
863        0.3923722176422092
864        0.07056265457543266
865        0.17881079967023883
866        0.1964509480626542
867        0.0997547403132727
868        0.14865622423742753
869        0.25244229183841677
870        0.3739777411376751
871        0.394907254740313
872        0.11494641384995839
873        0.056242786479802034
874        0.4515004122011545
875        0.250412201154163
876        0.1564756801319041
877        0.4506471558120358
878        0.45141384995878
879        0.04536479802143447
880        0.03869126133553188
881        0.3155234954657872
882        0.2605193734542455
883        0.4512427864798024
884        0.11791220115416289
885        0.1918281121187135
886        0.14410964550700706
887        0.16274525968672676
888        0.052658697444352726
889        0.04597279472382528
890        0.38643858202802966
891        0.2980853256389117
892        0.3472464962901898
893        0.22812242374278607
894        0.057050700741961925
895        0.08879018961253082
896        0.11546990931574598
897        0.08901277823577894
898        0.11592539159109631
899        0.10181574608408886
900        0.07687139323990098
901        0.12260305028854063
902        0.12021022258862304
903        0.13853050288540797
904        0.3831533388293486
905        0.32205688375927444
906        0.31113561417971936
907        0.3350453421269578
908        0.24230626545754294
909        0.2714859851607581
910        0.347510305028854
911        0.3661933223413024
912        0.3653606760098931
913        0.3496764220939816
914        0.3674773289365209
915        0.1175247320692495
916        0.3328751030502884
917        0.3322197032151687
918        0.07275350370981018
919        0.3109006595218464
920        0.07651071723000816
921        0.3121764220939816
922        0.3093693322341301
923        0.35659109645507003
924        0.16078936521022225
925        0.060636850783181984
926        0.0957893652102224
927        0.09529060181368482
928        0.09309563066776569
929        0.4495919208573786
930        0.04988252267106346
931        0.20123248145094771
932        0.03643446001648816
933        0.20521228359439367
934        0.38591920857378376
935        0.37696413849958804
936        0.14436108821104665
937        0.22302349546578693
938        0.1998763396537507
939        0.23666323165704828
940        0.03618301731244859
941        0.30405399835119523
942        0.4464282769991753
943        0.2071908491343773
944        0.039136438582028116
945        0.10878400659521816
946        0.1338211046990928
947        0.45020197856554006
948        0.16122011541632278
949        0.17121805441055205
950        0.07988664468260502
951        0.06152926628194555
952        0.06672712283594381
953        0.36624896949711444
954        0.3786747732893652
955        0.41242168178070915
956        0.09055441055234924
957        0.07469291014014817
958        0.11082440230832617
959        0.040867683429513704
960        0.33840684253915887
961        0.3935779060181369
962        0.37436108821104697
963        0.17377164056059327
964        0.3109336356141796
965        0.2714612530915084
966        0.045267930750206055
967        0.3905173124484748
968        0.08394682605111264
969        0.27324402308326434
970        0.2562510305028851
971        0.24826875515251415
972        0.24630873866446795
973        0.3470795548227534
974        0.10172918384171449
975        0.1984192085737837
976        0.1803050288540805
977        0.21081615828524292
978        0.15830791426215962
979        0.06365416323165689
980        0.09978153338829332
981        0.17295754328112095
982        0.3168466611706512
983        0.22072135201978532
984        0.17860469909315715
985        0.23685490519373428
986        0.40759274525968686
987        0.14077081615828488
988        0.3823083264633141
989        0.09984542456718853
990        0.10146743610882078
991        0.00046784830997526603
992        0.0004575432811211853
993        0.00046990931574608213
994        0.00045754328112118507
995        0.0004575432811211851
996        0.000455482275350369
997        0.0004472382522671044
998        0.00044311624072547207
999        0.0006038746908491318
1000        0.0006018136850783158
1001        0.0005812036273701543
1002        0.0005750206100577059
1003        0.00044517724649628844
1004        0.00046578730420444967
1005        0.0004905193734542437
1006        0.07268342951360253
1007        0.00045342126957955293
1008        0.0004513602638087366
1009        0.0004492992580379208
1010        0.00046372629843363384
1011        0.0004781533388293466
1012        0.00045960428689200116
1013        0.0004575432811211851
1014        0.0004657873042044499
1015        0.000467848309975266
1016        0.00044311624072547207
1017        0.0005173124484748537
1018        0.0005296784830997502
1019        0.0005667765869744413
1020        0.0005131904369332211
1021        0.0005338004946413826
1022        0.0005399835119538313
1023        0.00045342126957955293
1024        0.00047609233305853047
1025        0.0005338004946413827
1026        0.0005358615004121993
1027        0.0005070074196207728
1028        0.0004637262984336336
1029        0.0027638087386644516
1030        0.0004637262984336335
1031        0.0004596042868920014
1032        0.00046372629843363373
1033        0.0005296784830997501
1034        0.0005214344600164857
1035        0.0005544105523495443
1036        0.0006038746908491324
1037        0.0005111294311624053
1038        0.000511129431162405
1039        0.000496702390766692
1040        0.0004719703215168983
1041        0.0004410552349546559
1042        0.0006945589447650434
1043        0.000686314921681778
1044        0.0007213520197856538
1045        0.0006533388293487196
1046        0.0006739488870568818
1047        0.0004616652926628174
1048        0.0004554822753503691
1049        0.0004513602638087368
1050        0.0004451772464962882
1051        0.0004637262984336336
1052        0.0004554822753503692
1053        0.00046990931574608224
1054        0.0004575432811211851
1055        0.0004575432811211853
1056        0.0004554822753503689
1057        0.0004596042868920014
1058        0.0004596042868920014
1059        0.0004575432811211851
1060        0.00045960428689200127
1061        0.0005317394888705667
1062        0.0005296784830997505
1063        0.0005276174773289342
1064        0.000467848309975266
1065        0.0004513602638087368
1066        0.0005379225061830152
1067        0.0005399835119538314
1068        0.000484336356141795
1069        0.0005812036273701544
1070        0.0006100577081615804
1071        0.0006306677658697422
1072        0.0005605935696619927
1073        0.00045960428689200143
1074        0.0004616652926628174
1075        0.0005255564715581183
1076        0.0005420445177246475
1077        0.0005255564715581182
1078        0.09116859027205243
1079        0.00046784830997526614
1080        0.0004513602638087366
1081        0.0004554822753503688
1082        0.00045960428689200154
1083        0.0007295960428689182
1084        0.0006739488870568814
1085        0.0006780708985985141
1086        0.0006966199505358593
1087        0.0007172300082440209
1088        0.15962077493816978
1089        0.16643858202802955
1090        0.14935284418796357
1091        0.12968054410552343
1092        0.1297650453421268
1093        0.15765251442704023
1094        0.15374484748557285
1095        0.11879225061830155
1096        0.15930544105523484
1097        0.15068425391591087
1098        0.13701154163231644
1099        0.16425185490519356
1100        0.17085531739488857
1101        0.16927040395713086
1102        0.1602926628194558
1103        0.1555441055234953
1104        0.125525556471558
1105        0.0006904369332234113
1106        0.0006615828524319848
1107        0.0006821929101401465
1108        0.0006430338004946387
1109        0.0006904369332234106
1110        0.0005441055234954635
1111        0.0007502061005770798
1112        0.0007048639736191237
1113        0.0004657873042044496
1114        0.00045960428689200143
1115        0.0004637262984336335
1116        0.0004554822753503689
1117        0.0004410552349546561
1118        0.0004596042868920013
1119        0.000455482275350369
1120        0.00045136026380873683
1121        0.023211046990931624
1122        0.0005255564715581181
1123        0.0005173124484748535
1124        0.0005049464138499568
1125        0.0005028854080791406
1126        0.0004905193734542436
1127        0.0005131904369332214
1128        0.00044723825226710453
1129        0.0004575432811211852
1130        0.0028647980214344497
1131        0.021347897774113805
1132        0.0007131079967023887
1133        0.0007151690024732051
1134        0.000651277823577903
1135        0.0006389117889530065
1136        0.0006801319043693296
1137        0.0007873042044517702
1138        0.0007399010717229988
1139        0.0007337180544105502
1140        0.0008244023083264611
1141        0.0008347073371805418
1142        0.0006677658697444331
1143        0.0007151690024732049
1144        0.0006924979389942278
1145        0.0006141797197032127
1146        0.0006677658697444329
1147        0.0004534212695795529
1148        0.00045754328112118507
1149        0.08121599340478129
1150        0.17351607584501214
1151        0.19431574608408864
1152        0.1899917559769165
1153        0.0004492992580379206
1154        0.0004575432811211853
1155        0.000593569661995051
1156        0.0005647155812036249
1157        0.000587386644682603
1158        0.0005379225061830153
1159        0.21199505358614976
1160        0.0007893652102225869
1161        0.00076051112943116
1162        0.0008244023083264616
1163        0.0008491343775762558
1164        0.0007666941467436093
1165        0.000812036273701565
1166        0.0007811211871393228
1167        0.0007378400659521828
1168        0.0007790601813685055
1169        0.0008099752679307489
1170        0.0007852431986809545
1171        0.0007295960428689182
1172        0.00045960428689200127
1173        0.00046578730420445
1174        0.0004637262984336338
1175        0.0004410552349546561
1176        0.0005915086562242346
1177        0.0005956306677658671
1178        0.0006533388293487201
1179        0.03420239076669425
1180        0.22653338829348693
1181        0.000525556471558118
1182        0.0005090684253915889
1183        0.0005234954657873021
1184        0.0005234954657873021
1185        0.0005008244023083241
1186        0.0005482275350370957
1187        0.0004596042868920013
1188        0.0004657873042044499
1189        0.0010882110469909302
1190        0.0011294311624072532
1191        0.0010964550700741944
1192        0.001112943116240724
1193        0.001077906018136849
1194        0.0010511129431162384
1195        0.0010655399835119523
1196        0.0011170651277823572
1197        0.00044517724649628844
1198        0.0004678483099752661
1199        0.0006141797197032127
1200        0.0005750206100577057
1201        0.0005647155812036249
1202        0.0005956306677658673
1203        0.005230832646331395
1204        0.011933223413025556
1205        0.009725886232481419
1206        0.03697856553998356
1207        0.025655399835119566
1208        0.00046784830997526587
1209        0.0004492992580379206
1210        0.09326875515251419
1211        0.00045342126957955304
1212        0.0004719703215168982
1213        0.00046578730420444983
1214        0.000509068425391589
1215        0.0004699093157460821
1216        0.00044723825226710453
1217        0.00046784830997526587
1218        0.0004637262984336336
1219        0.0004740313272877142
1220        0.0004575432811211851
1221        0.0005296784830997504
1222        0.0005008244023083241
1223        0.0005276174773289341
1224        0.007042456718878797
1225        0.13561830173124453
1226        0.000484336356141795
1227        0.014276586974443546
1228        0.009375515251442694
1229        0.012320692497938985
1230        0.003367683429513586
1231        0.007984336356141777
1232        0.00991962077493815
1233        0.00782563891178894
1234        0.00790395713107995
1235        0.019056059356966214
1236        0.0004678483099752658
1237        0.00046784830997526603
1238        0.013932399010717295
1239        0.0004657873042044499
1240        0.0004513602638087368
1241        0.0005935696619950511
1242        0.0006203627370156615
1243        0.0006079967023907642
1244        0.0005997526793074995
1245        0.0005482275350370958
1246        0.0005173124484748535
1247        0.000533800494641383
1248        0.0005399835119538312
1249        0.0005399835119538312
1250        0.0005090684253915887
1251        0.0005193734542456693
1252        0.0005131904369332213
1253        0.0004967023907666921
1254        0.0004492992580379206
1255        0.0004822753503709792
1256        0.0004637262984336336
1257        0.00047609233305853036
1258        0.0571723000824401
1259        0.0004472382522671044
1260        0.0004740313272877143
1261        0.0004575432811211849
1262        0.00046372629843363357
1263        0.0006059356966199482
1264        0.0006079967023907639
1265        0.0006141797197032124
1266        0.0005894476504534191
1267        0.0006842539159109622
1268        0.0006574608408903519
1269        0.0006553998351195357
1270        0.000667765869744433
1271        0.0006718878812860651
1272        0.17143652102225854
1273        0.0005214344600164857
1274        0.0005379225061830151
1275        0.0005296784830997504
1276        0.0005193734542456698
1277        0.000533800494641383
1278        0.0005234954657873021
1279        0.00045342126957955304
1280        0.0004596042868920013
1281        0.0004575432811211853
1282        0.0004472382522671044
1283        0.02969909315746098
1284        0.1695156636438579
1285        0.14250206100577054
1286        0.005092745259686719
1287        0.030014427040395773
1288        0.0024402308326463298
1289        0.0024876339653751036
1290        0.002539159109645508
1291        0.002427864798021433
1292        0.00251648804616653
1293        0.0025494641384995855
1294        0.0024154987633965386
1295        0.002483511953833472
1296        0.0026360263808738664
1297        0.002444352844187963
1298        0.0024690849134377567
1299        0.0025350370981038744
1300        0.002219703215169003
1301        0.004942291838417131
1302        0.020888293487221786
1303        0.07222382522671042
1304        0.16234130255564683
1305        0.4087386644682605
1306        0.052081615828524316
1307        0.0637015663643857
1308        0.36321104699093154
1309        0.018388293487221784
1310        0.029956718878812915
1311        0.15383140972794698
1312        0.00720115416323164
1313        0.02299464138499595
1314        0.10486809563066758
1315        0.009528029678483074
1316        0.007378400659521826
1317        0.0028091508656224087
1318        0.039165292662819574
1319        0.36250824402308335
1320        0.36332852431986784
1321        0.37436933223413055
1322        0.3729122011541633
1323        0.4135902720527617
1324        0.4248474855729597
1325        0.4057563891178893
1326        0.41074608408903557
1327        0.4283965375103054
1328        0.43343569661995035
1329        0.44718878812860696
1330        0.44330997526793114
1331        0.44879431162407235
1332        0.44255770816158263
1333        0.4287015663643858
1334        0.4347403132728771
1335        0.02279884583676841
1336        0.2028689200329758
1337        0.00046578730420444956
1338        0.0004575432811211851
1339        0.20034006595218437
1340        0.24628606760098903
1341        0.000663643858202801
1342        0.0006760098928276976
1343        0.0006842539159109623
1344        0.0006842539159109628
1345        0.0006945589447650434
1346        0.007271228359439386
1347        0.04100783182192922
1348        0.00045960428689200127
1349        0.0005441055234954635
1350        0.00045548227535036913
1351        0.0004575432811211853
1352        0.013938582028029752
1353        0.13992580379225034
1354        0.000509068425391589
1355        0.0005420445177246473
1356        0.0005420445177246473
1357        0.0004719703215168983
1358        0.0004781533388293465
1359        0.0004554822753503689
1360        0.0004492992580379206
1361        0.05935490519373444
1362        0.06831615828524301
1363        0.2030131904369328
1364        0.13524319868095608
1365        0.2174999999999997
1366        0.0005173124484748536
1367        0.0004987633965375083
1368        0.0005338004946413823
1369        0.0004802143446001627
1370        0.0004596042868920013
1371        0.00045754328112118534
1372        0.00047609233305853063
1373        0.03620981038746919
1374        0.35819661995053587
1375        0.07285037098103855
1376        0.056242786479802076
1377        0.0004637262984336338
1378        0.00046166529266281764
1379        0.00046784830997526603
1380        0.0004678483099752658
1381        0.0004596042868920013
1382        0.00046372629843363384
1383        0.0004719703215168981
1384        0.00046166529266281753
1385        0.0005028854080791405
1386        0.0005255564715581182
1387        0.0005152514427040376
1388        0.06620774938169822
1389        0.02999587798845838
1390        0.17223825226710615
1391        0.1725556471558119
1392        0.17471558120362718
1393        0.025665704863973654
1394        0.03469084913437761
1395        0.02100370981038749
1396        0.021366446826051145
1397        0.0005008244023083238
1398        0.0008594394064303367
1399        0.023208985985160822
1400        0.18227947238252226
1401        0.00044311624072547223
1402        0.00046166529266281737
1403        0.03628194558944773
1404        0.3406121187139324
1405        0.00045960428689200116
1406        0.00046166529266281726
1407        0.00044311624072547207
1408        0.0004657873042044498
1409        0.02747938994229192
1410        0.08837386644682589
1411        0.1906636438582026
1412        0.1589942291838415
1413        0.17660552349546552
1414        0.24257831821929096
1415        0.03639942291838423
1416        0.009513602638087353
1417        0.04576669414674361
1418        0.00490519373454244
1419        0.025513190436933283
1420        0.06584295136026372
1421        0.04796372629843362
1422        0.06573784006595215
1423        0.21767724649629003
1424        0.25334501236603435
1425        0.24261747732893635
1426        0.25469909315746064
1427        0.31898804616652904
1428        0.271028441879637
1429        0.2724175597691671
1430        0.3410222588623246
1431        0.29137469084913414
1432        0.2910923330585324
1433        0.29318013190436915
1434        0.1917023907666937
1435        0.17686727122835919
1436        0.1697217642209396
1437        0.3581615828524317
1438        0.4049093157460842
1439        0.38254946413849944
1440        0.00045136026380873656
1441        0.00044311624072547196
1442        0.007161995053586127
1443        0.03880461665292669
1444        0.000455482275350369
1445        0.00045960428689200154
1446        0.03211046990931582
1447        0.03451154163231669
1448        0.03421475680131909
1449        0.24889942291838396
1450        0.0004513602638087366
1451        0.00046166529266281753
1452        0.036312860676009986
1453        0.05965993404781528
1454        0.1631430338004943
1455        0.1138417147568011
1456        0.17619332234130233
1457        0.0049072547403132575
1458        0.038847897774113876
1459        0.01393652102225891
1460        0.09514427040395694
1461        0.054284830997526734
1462        0.025265869744435312
1463        0.22236809563066742
1464        0.00045754328112118534
1465        0.0004637262984336335
1466        0.05273083264633139
1467        0.08416941467436098
1468        0.09099752679307478
1469        0.20149422918384133
1470        0.0006286067600989259
1471        0.0005708985985160737
1472        0.0005873866446826031
1473        0.0005956306677658671
1474        0.00047815333882934684
1475        0.00045342126957955304
1476        0.021007831821929147
1477        0.029903132728771695
1478        0.04125309150865626
1479        0.032438169826875585
1480        0.0140787304204452
1481        0.1399938169826873
1482        0.11573990107172277
1483        0.10218878812860657
1484        0.33902514427040387
1485        0.33396537510304997
1486        0.35875927452596884
1487        0.0344023083264634
1488        0.19360057708161554
1489        0.02751442704039577
1490        0.03881286067601002
1491        0.23220733718054365
1492        0.04079142621599344
1493        0.00045960428689200143
1494        0.0004472382522671046
1495        0.0005111294311624053
1496        0.0005111294311624051
1497        0.0005255564715581182
1498        0.016028441879637277
1499        0.09760923330585305
1500        0.26661788953009036
1501        0.441914674361088
1502        0.43951154163231676
1503        0.43778854080791424
1504        0.381232481450948
1505        0.00061005770816158
1506        0.000566776586974441
1507        0.0005853256389117867
1508        0.0005605935696619929
1509        0.00046578730420444956
1510        0.00044723825226710453
1511        0.31892621599340454
1512        0.3224670239076668
1513        0.317901896125309
1514        0.3055832646331406
1515        0.3413849958779883
1516        0.4020465787304204
1517        0.41328318219291044
1518        0.4105873866446828
1519        0.43671475680131877
1520        0.4207131079967023
1521        0.39634171475680124
1522        0.009394064303380016
1523        0.12486397361912598
1524        0.0005152514427040375
1525        0.002755564715581187
1526        0.012058944765045328
1527        0.04788128606760103
1528        0.21488252267106323
1529        0.11988870568837556
1530        0.14195383347073337
1531        0.0004616652926628178
1532        0.00046784830997526587
1533        0.4193981863149217
1534        0.4217209398186314
1535        0.43291014014839213
1536        0.4345774938169828
1537        0.4428421269579554
1538        0.4329657873042047
1539        0.43267518549051914
1540        0.44866034624896933
1541        0.44149835119538333
1542        0.45054410552349544
1543        0.44820074196207743
1544        0.44393652102225906
1545        0.0005090684253915889
1546        0.0005296784830997505
1547        0.0004946413849958758
1548        0.007407254740313257
1549        0.011770403957131076
1550        0.10184047815333871
1551        0.00505976916735364
1552        0.009525968672712258
1553        0.06339241549876323
1554        0.0006821929101401461
1555        0.0006760098928276978
1556        0.0006533388293487195
1557        0.0007316570486397346
1558        0.0006821929101401465
1559        0.0004389942291838397
1560        0.00048021434460016293
1561        0.00046372629843363373
1562        0.00045548227535036913
1563        0.0028153338829348482
1564        0.022941055234954773
1565        0.06150247320692492
1566        0.04135408079142623
1567        0.06381286067600976
1568        0.044064303380049526
1569        0.07317188788128594
1570        0.12156842539159085
1571        0.23666735366859015
1572        0.021366446826051134
1573        0.026376751854905223
1574        0.030278235779060213
1575        0.037258862324814554
1576        0.02822753503709814
1577        0.0325803792250619
1578        0.052615416323165735
1579        0.07740313272877158
1580        0.00048433635614179474
1581        0.009381698268755118
1582        0.1923701566364383
1583        0.2031347897774111
1584        0.19257213520197827
1585        0.01172300082440229
1586        0.07723206924979376
1587        0.0005585325638911764
1588        0.0005915086562242349
1589        0.0006162407254740286
1590        0.0005976916735366833
1591        0.08829348722176394
1592        0.1221001648804613
1593        0.12920032976092305
1594        0.11598309975267909
1595        0.14853462489694944
1596        0.23719703215168983
1597        0.2981224237427862
1598        0.30421269579554805
1599        0.33242580379225023
1600        0.0004637262984336338
1601        0.0004575432811211855
1602        0.007506183017312416
1603        0.007333058532563868
1604        0.05014427040395715
1605        0.11814097279472348
1606        0.25975267930750184
1607        0.0005502885408079119
1608        0.0005173124484748536
1609        0.0005152514427040373
1610        0.16543281121187095
1611        0.013932399010717213
1612        0.07712695795548219
1613        0.08613355317394866
1614        0.07990107172300076
1615        0.08862530915086544
1616        0.07493198680956298
1617        0.0792683429513602
1618        0.10016281945589432
1619        0.02335943940643038
1620        0.045560593569661974
1621        0.04098309975267941
1622        0.0004575432811211852
1623        0.0005234954657873023
1624        0.00045548227535036913
1625        0.00044929925803792063
1626        0.00048227535037097876
1627        0.00045960428689200127
1628        0.016755976916735405
1629        0.009513602638087367
1630        0.025562654575432858
1631        0.016603462489694996
1632        0.1128524319868093
1633        0.0005193734542456697
1634        0.0005049464138499566
1635        0.0005234954657873023
1636        0.0004596042868920013
1637        0.0004822753503709791
1638        0.0005152514427040373
1639        0.0005111294311624049
1640        0.000535861500412199
1641        0.00046166529266281737
1642        0.0005131904369332214
1643        0.03894888705688381
1644        0.0188746908491344
1645        0.02766900247320698
1646        0.09753297609233297
1647        0.10919414674361073
1648        0.0724814509480626
1649        0.00048639736191261155
1650        0.0004596042868920013
1651        0.05458779884583676
1652        0.21741755976916696
1653        0.265917147568013
1654        0.09293487221764198
1655        0.0004719703215168983
1656        0.0004575432811211852
1657        0.038586150041220214
1658        0.03204451772464971
1659        0.022821516900247422
1660        0.029754740313272965
1661        0.12919002473206892
1662        0.0570197856553998
1663        0.06610263808738649
1664        0.10661376751854895
1665        0.19929925803792226
1666        0.15290189612530888
1667        0.1871784830997525
1668        0.19257831821929064
1669        0.00046578730420444983
1670        0.00045960428689200127
1671        0.03654575432811223
1672        0.016178895300906854
1673        0.17344187963726265
1674        0.061314921681780626
1675        0.22499175597691637
1676        0.1359068425391588
1677        0.13755564715581167
1678        0.12517312448474813
1679        0.41153751030502866
1680        0.0006821929101401458
1681        0.0006471558120362711
1682        0.0007151690024732045
1683        0.0006389117889530064
1684        0.0006450948062654555
1685        0.07722382522671042
1686        0.11523495465787269
1687        0.09369950535861485
1688        0.12488870568837566
1689        0.14695177246496274
1690        0.1653792250618298
1691        0.15136232481450926
1692        0.23574196207749373
1693        0.2338128606760097
1694        0.24969703215168995
1695        0.2673536685902718
1696        0.2525741962077491
1697        0.24139736191261327
1698        0.2577555647155811
1699        0.2380131904369332
1700        0.28266488046166527
1701        0.2603709810387469
1702        0.26310181368507807
1703        0.2431306677658696
1704        0.2969208573784007
1705        0.313159521846661
1706        0.0320774938169828
1707        0.12909934047815294
1708        0.103932399010717
1709        0.12626751854905166
1710        0.007197032151689994
1711        0.11080997526793045
1712        0.21289365210222552
1713        0.07028235779060171
1714        0.114907254740313
1715        0.17781739488870538
1716        0.023062654575432825
1717        0.009542456718878791
1718        0.02330997526793077
1719        0.13759480626545723
1720        0.10395713107996672
1721        0.1204657873042042
1722        0.15189818631492144
1723        0.21752061005770784
1724        0.3691549876339654
1725        0.00047197032151689833
1726        0.00046784830997526565
1727        0.043765457543281226
1728        0.08834913437757602
1729        0.00046990931574608197
1730        0.0004740313272877145
1731        0.007246496290189577
1732        0.11323165704863941
1733        0.15173536685902678
1734        0.04531327287716408
1735        0.23060799670239052
1736        0.038553173948887166
1737        0.0498619126133553
1738        0.38775350370981054
1739        0.383977741137675
1740        0.41927452596867276
1741        0.39747526793075016
1742        0.4273021434460017
1743        0.4149340478153338
1744        0.0005173124484748537
1745        0.0005214344600164858
1746        0.0005049464138499564
1747        0.13392003297609206
1748        0.3696887881286066
1749        0.37637881286067604
1750        0.36471970321516894
1751        0.4387139323990107
1752        0.4457584501236604
1753        0.0004513602638087371
1754        0.0004719703215168981
1755        0.06340684253915906
1756        0.0339550700741963
1757        0.07255564715581188
1758        0.005193734542456688
1759        0.02068219291014024
1760        0.09341508656224207
1761        0.00280708985985159
1762        0.025857378400659534
1763        0.020958367683429572
1764        0.030140148392415567
1765        0.016685902720527633
1766        0.01452596867271231
1767        0.33333058532563903
1768        0.32043693322341293
1769        0.35218672712283583
1770        0.34700948062654574
1771        0.3364633140972792
1772        0.3565436933223411
1773        0.39242374278648023
1774        0.3897382522671064
1775        0.3654987633965374
1776        0.0004719703215168983
1777        0.00046166529266281753
1778        0.00046372629843363373
1779        0.0004492992580379207
1780        0.00936521022258859
1781        0.00045548227535036886
1782        0.0004534212695795528
1783        0.0004987633965375081
1784        0.0004616652926628176
1785        0.0005523495465787276
1786        0.00048433635614179496
1787        0.00046166529266281726
1788        0.00047609233305853036
1789        0.04142827699917565
1790        0.0005152514427040373
1791        0.052627782357790476
1792        0.0370836768342952
1793        0.0485408079142621
1794        0.03900453421269584
1795        0.04380461665292665
1796        0.044107584501236606
1797        0.0005111294311624053
1798        0.0005276174773289341
1799        0.0005626545754328089
1800        0.0004616652926628173
1801        0.0004596042868920013
1802        0.0004554822753503692
1803        0.0005173124484748537
1804        0.0005131904369332213
1805        0.0005688375927452574
1806        0.02979389942291843
1807        0.00967023907666939
1808        0.0997547403132727
1809        0.000581203627370154
1810        0.020915086562242422
1811        0.020830585325639
1812        0.027277411376751944
1813        0.2130379225061828
1814        0.22193116240725452
1815        0.3382089859851605
1816        0.00731450948062651
1817        0.011900247320692494
1818        0.002829760923330579
1819        0.061399422918384135
1820        0.02292868920032985
1821        0.00046372629843363357
1822        0.13055853256389086
1823        0.12916735366858995
1824        0.180781121187139
1825        0.3078854080791426
1826        0.23834501236603436
1827        0.20526586974443506
1828        0.23626957955482247
1829        0.4346681780708984
1830        0.24019579554822723
1831        0.2617848309975265
1832        0.3740272052761748
1833        0.3929410552349546
1834        0.041098516075845117
1835        0.40397568013190416
1836        0.4085016488046167
1837        0.38861912613355293
1838        0.389583676834295
1839        0.4009027205276174
1840        0.40021640560593574
1841        0.3926257213520198
1842        0.40604905193734536
1843        0.020908903544929976
1844        0.030032976092333127
1845        0.023171887881286112
1846        0.14462901896125283
1847        0.07056059356966184
1848        0.12514839241549844
1849        0.2947403132728769
1850        0.06346867271228347
1851        0.0687469084913437
1852        0.35152308326463294
1853        0.24118713932398989
1854        0.27499175597691644
1855        0.3296990931574607
1856        0.34947444352844165
1857        0.3734563066776587
1858        0.38710428689200316
1859        0.3683697444352843
1860        0.38974031327287717
1861        0.37446619950535875
1862        0.05220115416323158
1863        0.28205276174773247
1864        0.00044929925803792036
1865        0.0004554822753503691
1866        0.0934068425391589
1867        0.03839447650453431
1868        0.3474938169826873
1869        0.07199711459192062
1870        0.05465581203627342
1871        0.07038953009068401
1872        0.32912407254740295
1873        0.03892827699917566
1874        0.02752267106347908
1875        0.09459810387469064
1876        0.15571516900247284
1877        0.21232481450948032
1878        0.31976504534212696
1879        0.15231657048639705
1880        0.009243610882110448
1881        0.08837592745259672
1882        0.06817807089859845
1883        0.04565539983511956
1884        0.06805853256389105
1885        0.05503297609233299
1886        0.07446207749381684
1887        0.1618816982687549
1888        0.18162819455894447
1889        0.1785943940643032
1890        0.17224855729596023
1891        0.25092333058532545
1892        0.2578297609233305
1893        0.22216611706512765
1894        0.21735985160758425
1895        0.4037654575432811
1896        0.3688066776586973
1897        0.35220527617477304
1898        0.31555853256389105
1899        0.34456512778235754
1900        0.38933635614179724
1901        0.4084521846661171
1902        0.37353050288540784
1903        0.3856244847485572
1904        0.3739282769991755
1905        0.3730647155812034
1906        0.39653751030502876
1907        0.363169826875515
1908        0.4390704863973618
1909        0.4282481450948063
1910        0.41883347073371824
1911        0.416807502061006
1912        0.4258429513602639
1913        0.42637469084913454
1914        0.42209604286891983
1915        0.45080379225061856
1916        0.425787304204452
1917        0.429270403957131
1918        0.04768755152514426
1919        0.10179307502060972
1920        0.04780296784830996
1921        0.06152514427040384
1922        0.02763808738664479
1923        0.17229802143445969
1924        0.0006780708985985134
1925        0.0006842539159109625
1926        0.0006615828524319845
1927        0.0006718878812860655
1928        0.0007110469909315719
1929        0.34944971145919196
1930        0.3595074196207749
1931        0.3321228359439404
1932        0.3335449299258037
1933        0.33888911788952975
1934        0.33339241549876336
1935        0.3307399010717228
1936        0.3381677658697442
1937        0.34368301731244844
1938        0.37273907666941464
1939        0.3782749381698266
1940        0.3497959604286891
1941        0.42217642209398165
1942        0.4188437757625722
1943        0.41007831821929097
1944        0.20259892827699885
1945        0.020647155812036334
1946        0.20540189612530896
1947        0.01173330585325636
1948        0.06593981863149204
1949        0.00045548227535036913
1950        0.11790601813685052
1951        0.3311170651277823
1952        0.18796784830997507
1953        0.24459398186314893
1954        0.3430770816158284
1955        0.3319682605111294
1956        0.26496290189612515
1957        0.26450741962077473
1958        0.3129554822753502
1959        0.30244435284418786
1960        0.3877102225886231
1961        0.3633037922506184
1962        0.3690539983511954
1963        0.1560243198680954
1964        0.16907873042044502
1965        0.03444558944765057
1966        0.08203009068425376
1967        0.10368507831821916
1968        0.09586974443528423
1969        0.10681574608408892
1970        0.20245259686727113
1971        0.2376607584501234
1972        0.06391384995877974
1973        0.07718054410552327
1974        0.06126545754328088
1975        0.41545548227535023
1976        0.4067291838417147
1977        0.4353112118713933
1978        0.09695795548227508
1979        0.16494023083264606
1980        0.1905626545754325
1981        0.28920032976092325
1982        0.3018425391591095
1983        0.27594600164880445
1984        0.40386644682605144
1985        0.3695960428689201
1986        0.38132110469909314
1987        0.12221558120362706
1988        0.4092044517724645
1989        0.1654946413849956
1990        0.33576463314097277
1991        0.31127164056059337
1992        0.3430049464138499
1993        0.009742374278647948
1994        0.040783182192910196
1995        0.007444352844187952
1996        0.01175597691673535
1997        0.16139736191261306
1998        0.323171887881286
1999        0.39065746084089037
2000        0.09778235779060157
2001        0.12154369332234106
2002        0.2347650453421267
2003        0.06566776586974421
2004        0.21292044517724623
2005        0.41408903544929915
2006        0.08634995877988433
2007        0.41367065127782354
2008        0.09777411376751828
2009        0.009556883759274487
2010        0.2162366034624894
2011        0.263699505358615
2012        0.3428544929925803
2013        0.14703627370156602
2014        0.11110469909315715
2015        0.1540725474031324
2016        0.1992477328936518
2017        0.18970939818631463
2018        0.15818425391591057
2019        0.30644476504534207
2020        0.17844600164880423
2021        0.21121187139323946
2022        0.126599340478153
2023        0.03882110469909325
2024        0.10434872217642184
2025        0.10901896125309117
2026        0.2456183017312444
2027        0.04980008244023081
2028        0.009466199505358583
2029        0.09282357790601793
2030        0.043732481450948164
2031        0.05426628194558928
2032        0.12058944765045315
2033        0.24614798021434428
2034        0.02962077493816992
2035        0.06378606760098907
2036        0.29966611706512764
2037        0.09052349546578706
2038        0.1331698268755148
2039        0.041084089035449335
2040        0.11555441055234919
2041        0.20684253915910933
2042        0.1129369332234127
2043        0.013959192085737869
2044        0.0074917559769167
2045        0.0976236603462486
2046        0.10661788953009044
2047        0.10168384171475664
2048        0.1788169826875512
2049        0.20095630667765846
2050        0.26185284418796356
2051        0.27372835943940627
2052        0.3509892827699918
2053        0.32106760098928255
2054        0.3086273701566362
2055        0.36576463314097274
2056        0.2884356966199503
2057        0.0004596042868920014
2058        0.0004575432811211852
2059        0.05208367683429497
2060        0.18975267930750175
2061        0.18396949711459157
2062        0.13147980214344576
2063        0.025408079142621682
2064        0.13355935696619928
2065        0.18714756801319005
2066        0.20064509480626516
2067        0.2241920857378396
2068        0.16107378400659486
2069        0.216914674361088
2070        0.39892003297609213
2071        0.2866467436108819
2072        0.2775700741962075
2073        0.2859707337180541
2074        0.2934006595218464
2075        0.2933903544929924
2076        0.2569579554822751
2077        0.3657254740313273
2078        0.22350164880461623
2079        0.3981162407254739
2080        0.21710428689200298
2081        0.1907605111294308
2082        0.2259253915910961
2083        0.19640766694146714
2084        0.15800082440230806
2085        0.37576463314097275
2086        0.3044868095630665
2087        0.3559027205276173
2088        0.33860676009892804
2089        0.10623660346248943
2090        0.16522464962901864
2091        0.1469084913437755
2092        0.15877576257213497
2093        0.1465539983511951
2094        0.13404781533388269
2095        0.15736809563066742
2096        0.16591508656224196
2097        0.13293899422918362
2098        0.05235366859027209
2099        0.06595218466611694
2100        0.05445795548227532
2101        0.04312448474855737
2102        0.04119332234130268
2103        0.11085119538334677
2104        0.025265869744435326
2105        0.07715169002473175
2106        0.12062036273701551
2107        0.40373042044517726
2108        0.36043487221764203
2109        0.334204451772465
2110        0.31843981863149196
2111        0.2258635614179719
2112        0.21673742786479783
2113        0.2508965375103048
2114        0.19257419620774918
2115        0.2464839241549873
2116        0.21452184666117036
2117        0.1316900247320689
2118        0.11536892003297583
2119        0.20311211871393212
2120        0.18639736191261305
2121        0.0008656224237427844
2122        0.0008676834295136007
2123        0.0007790601813685055
2124        0.0008594394064303363
2125        0.0007893652102225862
2126        0.0008223413025556453
2127        0.0009068425391591084
2128        0.12200535861500379
2129        0.16248763396537477
2130        0.2898330585325638
2131        0.37646125309150863
2132        0.19930131904369294
2133        0.22908079142621568
2134        0.10839447650453397
2135        0.040766694146743616
2136        0.22466611706512743
2137        0.13585737840065928
2138        0.259437345424567
2139        0.3545465787304202
2140        0.09577906018136831
2141        0.17161582852431947
2142        0.23663643858202776
2143        0.0006409727947238231
2144        0.0007234130255564694
2145        0.0006780708985985138
2146        0.0007378400659521821
2147        0.0006760098928276978
2148        0.14546166529266244
2149        0.17641384995877948
2150        0.045482275350370915
2151        0.06318425391591086
2152        0.2147650453421267
2153        0.3105605935696619
2154        0.42508450123660346
2155        0.2164406430338003
2156        0.13971764220939786
2157        0.16376339653751015
2158        0.1603091508656222
2159        0.23230626545754307
2160        0.21132934872217618
2161        0.03606347897774129
2162        0.0004699093157460823
2163        0.000467848309975266
2164        0.33778441879637233
2165        0.20769579554822723
2166        0.20435078318219255
2167        0.1989323990107169
2168        0.1580152514427038
2169        0.16122629843363526
2170        0.05454657873042032
2171        0.1964427040395711
2172        0.12737840065952175
2173        0.016191261335531813
2174        0.05920651277823571
2175        0.09091302555647125
2176        0.016358202802967948
2177        0.013876751854905181
2178        0.24036479802143437
2179        0.1455214344600163
2180        0.15808532563891156
2181        0.1681100577081615
2182        0.19275144270403946
2183        0.17050700741962047
2184        0.263149216817807
2185        0.19956718878812843
2186        0.100063891178895
2187        0.041098516075845117
2188        0.1133882934872215
2189        0.09949299258037911
2190        0.12063272877164036
2191        0.2677967848309974
2192        0.10557295960428664
2193        0.13787304204451753
2194        0.10666117065127763
2195        0.05261129431162405
2196        0.22733718054410518
2197        0.38878812860676
2198        0.20282151690024694
2199        0.33095012366034615
2200        0.2858429513602636
2201        0.3859006595218466
2202        0.20117889530090657
2203        0.1991281945589445
2204        0.2130214344600161
2205        0.22549876339653716
2206        0.2283615004122008
2207        0.19163849958779855
2208        0.28652308326463305
2209        0.18755770816158246
2210        0.3732028029678483
2211        0.15606553998351166
2212        0.19875721352019743
2213        0.19392827699917536
2214        0.2214427040395711
2215        0.34942291838417133
2216        0.2529389942291837
2217        0.2000556471558117
2218        0.1874876339653747
2219        0.22168384171475647
2220        0.18999999999999964
2221        0.3830482275350372
2222        0.33220321516900236
2223        0.034367271228359544
2224        0.08796166529266253
2225        0.11112118713932358
2226        0.3190993404781532
2227        0.159705276174773
2228        0.11516900247320659
2229        0.013897361912613388
2230        0.26369332234130216
2231        0.19690436933223374
2232        0.32574608408903516
2233        0.3362304204451773
2234        0.3653215169002473
2235        0.34766075845012345
2236        0.340323577906018
2237        0.3423145094806263
2238        0.05921887881286061
2239        0.2481636438582025
2240        0.2914571310799668
2241        0.28498145094806254
2242        0.29304822753503684
2243        0.2711500412201152
2244        0.27094600164880456
2245        0.2758408903544927
2246        0.2821784830997523
2247        0.052201154163231574
2248        0.09280296784830977
2249        0.0706492168178069
2250        0.07492580379225046
2251        0.05027617477328939
2252        0.2951628194558943
2253        0.12897568013190394
2254        0.0793755152514426
2255        0.26104286892003264
2256        0.15549258037922475
2257        0.2839901071722999
2258        0.3079843363561416
2259        0.22328318219290982
2260        0.2393858202802964
2261        0.32873660346248973
2262        0.3424113767518547
2263        0.1221723000824399
2264        0.10881904369332206
2265        0.2957646331409725
2266        0.1993920032976089
2267        0.11316570486397337
2268        0.050267930750206136
2269        0.08853050288540781
2270        0.0031079967023907584
2271        0.002957543281121175
2272        0.0053029678483099505
2273        0.02112324814509481
2274        0.0008532563891178879
2275        0.007788540807914253
2276        0.14466199505358582
2277        0.18047403132728726
2278        0.040871805441055356
2279        0.00046372629843363373
2280        0.31069868095630654
2281        0.00046372629843363373
2282        0.07319455894476484
2283        0.1399525968672709
2284        0.17003297609233273
2285        0.19016488046166496
2286        0.0593940643033799
2287        0.04335737840065956
2288        0.10865210222588585
2289        0.11123042044517698
2290        0.043215169002473255
2291        0.056679719703215045
2292        0.043260511129431196
2293        0.0635037098103873
2294        0.00045342126957955304
2295        0.3030090684253912
2296        0.4078792250618304
2297        0.4436046990931573
2298        0.0638932399010716
2299        0.1826133553173946
2300        0.3696475680131901
2301        0.26201772464962886
2302        0.30732481450948046
2303        0.03658079142621608
2304        0.03886438582028041
2305        0.061065539983511705
2306        0.11089447650453393
2307        0.16825226710634766
2308        0.23289983511953824
2309        0.3355502885408078
2310        0.24831203627370121
2311        0.2833367683429513
2312        0.04599340478153339
2313        0.05943940643033791
2314        0.06165292662819452
2315        0.048044105523495514
2316        0.0665333882934872
2317        0.3005770816158284
2318        0.05663849958779878
2319        0.3174051937345423
2320        0.19279266281945565
2321        0.01660140148392416
2322        0.018627370156636444
2323        0.16204451772464926
2324        0.09332028029678457
2325        0.04574402308326467
2326        0.04124278647980217
2327        0.052617477328936485
2328        0.05009480626545761
2329        0.08598103874690823
2330        0.07726298433635598
2331        0.13625309150865592
2332        0.2843136850783181
2333        0.15090478153338796
2334        0.15132522671063442
2335        0.19987015663643828
2336        0.07146331409727938
2337        0.038623248145094886
2338        0.052475267930750115
2339        0.07015457543281099
2340        0.07007625721351998
2341        0.09032151690024706
2342        0.1156512778235776
2343        0.15491549876339625
2344        0.2307976092333056
2345        0.24365622423742772
2346        0.30008862324814506
2347        0.05684666117065117
2348        0.18517518549051906
2349        0.3132563891178892
2350        0.0658697444352843
2351        0.029752679307502142
2352        0.08597485572959578
2353        0.11502061005770785
2354        0.15850370981038722
2355        0.047308326463313996
2356        0.2723000824402306
2357        0.3750803792250617
2358        0.39263808738664474
2359        0.3639076669414672
2360        0.3749814509480624
2361        0.30910964550700726
2362        0.3004554822753501
2363        0.2640436933223411
2364        0.24866652926628155
2365        0.09687139323990081
2366        0.362535037098104
2367        0.02088004946413859
2368        0.025208161582852467
2369        0.30214962901896114
2370        0.09724031327287687
2371        0.12374484748557268
2372        0.12900659521846636
2373        0.3816797197032151
2374        0.2918363561417971
2375        0.1806038746908488
2376        0.1494229183841711
2377        0.18242992580379191
2378        0.22435490519373416
2379        0.22846661170651264
2380        0.11533800494641357
2381        0.3743404781533388
2382        0.11997938994229158
2383        0.2601009892827697
2384        0.05903957131079963
2385        0.1340684253915908
2386        0.1581883759274523
2387        0.03439406430338013
2388        0.03439818631492171
2389        0.03902720527617488
2390        0.014303380049464146
2391        0.05457131079967019
2392        0.0661005770816157
2393        0.2327431986809561
2394        0.2147011541632313
2395        0.05274525968672693
2396        0.054521846661170686
2397        0.0654389942291837
2398        0.06807914262159931
2399        0.03644888705688387
2400        0.10564303380049435
2401        0.0433615004122011
2402        0.07265457543281093
2403        0.19453833470733695
2404        0.09226092333058505
2405        0.08167971970321491
2406        0.26649216817807064
2407        0.24608821104699058
2408        0.31339447650453406
2409        0.305715169002473
2410        0.2578544929925802
2411        0.28853874690849113
2412        0.29819249793899394
2413        0.28200535861500403
2414        0.09055234954657843
2415        0.09107584501236574
2416        0.06339241549876333
2417        0.24547197032151666
2418        0.2494105523495463
2419        0.2578091508656222
2420        0.2527926628194556
2421        0.25702390766694116
2422        0.4005152514427043
2423        0.4039056059356968
2424        0.04773495465787296
2425        0.09283182192910111
2426        0.03673948887056895
