1        0.40198268755152505
2        0.47203215169002505
3        0.470997526793075
4        0.4710840890354493
5        0.4714385820280296
6        0.47128194558944747
7        0.4681780708985984
8        0.22960634789777373
9        0.2644826875515247
10        0.4711850783182194
11        0.4716343775762572
12        0.1868466611706509
13        0.46964550700741925
14        0.4719332234130256
15        0.28346248969497084
16        0.46018961253091495
17        0.4640560593569665
18        0.47306265457543284
19        0.47179307502060985
20        0.47172712283594415
21        0.4707089859851611
22        0.21328936521022224
23        0.4397032151690025
24        0.16505358615004084
25        0.4544497114591921
26        0.4707893652102228
27        0.21062448474855702
28        0.3700185490519373
29        0.45558326463314097
30        0.4702452596867269
31        0.061937345424567115
32        0.07798845836768319
33        0.4729183841714755
34        0.43775144270403965
35        0.4617353668590274
36        0.15354286892003263
37        0.46577081615828514
38        0.45694146743610875
39        0.4556924979389943
40        0.33795960428689165
41        0.46276999175597694
42        0.4719785655399837
43        0.4689406430338004
44        0.46061211871393254
45        0.4649484748557295
46        0.44095424567188757
47        0.44799051937345447
48        0.35880461665292657
49        0.4099835119538334
50        0.4500185490519372
51        0.47245671887881274
52        0.46803586150041204
53        0.4672959604286892
54        0.47155812036273703
55        0.4715663643858201
56        0.4669682605111295
57        0.42378194558944754
58        0.38227122835943933
59        0.46923742786479816
60        0.46175391591096443
61        0.4724876339653751
62        0.47160964550700757
63        0.47265663643858175
64        0.31713726298433625
65        0.46661788953009053
66        0.4716714756801319
67        0.4712901896125307
68        0.469080791426216
69        0.47258450123660384
70        0.2317147568013188
71        0.4717291838417151
72        0.4717580379225063
73        0.47200948062654574
74        0.20543899422918357
75        0.47138705688375915
76        0.3842848309975268
77        0.4446269579554823
78        0.32357790601813663
79        0.4410511129431159
80        0.4152122835943938
81        0.42940643033800463
82        0.39684047815333867
83        0.42290601813685086
84        0.47139736191261333
85        0.4247485572959603
86        0.4604225061830174
87        0.4650474031327287
88        0.46242786479802134
89        0.46692291838417177
90        0.44177864798021427
91        0.4697794723825225
92        0.4568940643033797
93        0.46706718878812853
94        0.47259480626545747
95        0.4717126957955483
96        0.4712015663643858
97        0.21083676834295115
98        0.354674361088211
99        0.28304822753503694
100        0.2982007419620772
101        0.05713726298433611
102        0.4518796372629839
103        0.4539736191261337
104        0.42880049464138525
105        0.4689859851607585
106        0.46173536685902716
107        0.41492992580379207
108        0.4364241549876339
109        0.43363355317394875
110        0.47203215169002477
111        0.4168528441879637
112        0.4670074196207753
113        0.4610799670239074
114        0.43448887056883756
115        0.3864014839241547
116        0.4075700741962072
117        0.45122011541632356
118        0.47215581203627366
119        0.46864385820280285
120        0.4714612530915088
121        0.4714591920857378
122        0.3085160758450122
123        0.22471764220939783
124        0.4409089035449299
125        0.4436335531739488
126        0.471434460016488
127        0.4689117889530092
128        0.10699917559769132
129        0.15127988458367655
130        0.054060181368507744
131        0.47103874690849135
132        0.3513066776586972
133        0.45774525968672686
134        0.4675783182192908
135        0.46894888705688387
136        0.4711624072547403
137        0.27689612530915075
138        0.472104286892003
139        0.47205688375927457
140        0.2743755152514424
141        0.4644661995053588
142        0.27425597691673514
143        0.26165704863973593
144        0.4202411376751853
145        0.4202081615828524
146        0.4714859851607585
147        0.4726607584501236
148        0.47150865622423715
149        0.4715746084089033
150        0.4724196207749378
151        0.47242374278648
152        0.47235985160758465
153        0.4722464962901895
154        0.4683759274525965
155        0.47226092333058534
156        0.36481450948062644
157        0.2551896125309147
158        0.4128998351195382
159        0.4711892003297604
160        0.4581430338004948
161        0.4553647980214343
162        0.4245239076669412
163        0.47024113767518555
164        0.4650020610057708
165        0.464598103874691
166        0.4558882934872219
167        0.47182399010717235
168        0.4721372629843366
169        0.31165704863973615
170        0.45619538334707327
171        0.2923413025556469
172        0.4198206924979392
173        0.45287922506183015
174        0.3283037922506181
175        0.34726298433635583
176        0.3668116240725474
177        0.43173124484748576
178        0.3420383347073369
179        0.30789983511953806
180        0.39604080791426205
181        0.47186108821104705
182        0.4724917559769167
183        0.2570032976092331
184        0.2121558120362735
185        0.19482275350370956
186        0.14647774113767487
187        0.2876896125309148
188        0.4197114591920857
189        0.4713973619126137
190        0.07570898598516067
191        0.07840890354492977
192        0.061984748557295834
193        0.47136644682605144
194        0.24140560593569635
195        0.4231924979389941
196        0.47157048639736204
197        0.4359418796372633
198        0.43388499587798846
199        0.45519579554822764
200        0.2573371805441053
201        0.4459975267930748
202        0.4728936521022256
203        0.450647155812036
204        0.46683017312448477
205        0.45181574608408925
206        0.45535037098103887
207        0.4678812860676008
208        0.4594909315746083
209        0.4619888705688374
210        0.4629513602638084
211        0.3478421269579554
212        0.14638087386644652
213        0.40901690024732035
214        0.250781121187139
215        0.13272671063478952
216        0.12871187139323964
217        0.4660861500412203
218        0.4724402308326459
219        0.43652720527617467
220        0.44580173124484795
221        0.34205276174773275
222        0.2972794723825225
223        0.1701793075020607
224        0.4723845836768342
225        0.4687633965375103
226        0.47011747732893616
227        0.47166323165704815
228        0.47188994229183834
229        0.4728256389117888
230        0.4616323165704867
231        0.2909830997526791
232        0.2545568837592743
233        0.24287304204451743
234        0.24855523495465762
235        0.4671558120362738
236        0.4543136850783182
237        0.45308944765045295
238        0.07367683429513595
239        0.0718425391591095
240        0.47196001648804625
241        0.30977328936520987
242        0.47139117889530086
243        0.35424773289365186
244        0.43032976092333064
245        0.46796372629843347
246        0.20325432811211844
247        0.47168384171475686
248        0.47250412201154157
249        0.472194971145919
250        0.4715684253915909
251        0.47213932399010683
252        0.47240725474031314
253        0.35411376751854884
254        0.47177246496290176
255        0.47177040395713093
256        0.4713891178895302
257        0.47160552349546564
258        0.47180956306677674
259        0.47124484748557294
260        0.45795548227535043
261        0.07102844187963711
262        0.11987840065952157
263        0.16350783182192882
264        0.45696619950535866
265        0.46146331409727964
266        0.38757213520197836
267        0.38448062654575416
268        0.32154575432811183
269        0.32613355317394865
270        0.3069744435284416
271        0.31107996702390744
272        0.4290333882934869
273        0.41785037098103894
274        0.4071248969497114
275        0.29928895300906816
276        0.4125144270403957
277        0.4099690849134376
278        0.47069043693322365
279        0.469128194558945
280        0.4669394064303376
281        0.46963520197856545
282        0.46288953009068423
283        0.47139530090684256
284        0.47172300082440244
285        0.4710490519373456
286        0.4661871393239902
287        0.4696599340478153
288        0.36146743610882104
289        0.4350865622423743
290        0.435838829348722
291        0.4624732069249792
292        0.4555873866446827
293        0.4642662819455894
294        0.46771228359439393
295        0.46947032151690027
296        0.35886850783182156
297        0.339694971145919
298        0.46265045342126954
299        0.4632110469909316
300        0.4448557295960429
301        0.47201154163231634
302        0.2123804616652923
303        0.22509068425391562
304        0.46100370981038724
305        0.2717312448474853
306        0.37765869744435293
307        0.4665581203627369
308        0.3242559769167352
309        0.4711850783182191
310        0.4647506183017311
311        0.4663293487221762
312        0.4724422918384169
313        0.472464962901896
314        0.3023371805441053
315        0.3378194558944763
316        0.46275556471558105
317        0.467133140972795
318        0.30862737015663627
319        0.38956306677658664
320        0.25692497938994197
321        0.1636211871393237
322        0.4294084913437758
323        0.47259686727122857
324        0.3846455070074196
325        0.4720115416323166
326        0.468779884583677
327        0.3259686727122834
328        0.402209398186315
329        0.3502225886232479
330        0.32970321516900236
331        0.471601401483924
332        0.27640148392415476
333        0.26067188788128576
334        0.4508676834295135
335        0.22017312448474827
336        0.43843157460840887
337        0.1560119538334704
338        0.3568136850783181
339        0.4259501236603458
340        0.4406327287716406
341        0.43703421269579534
342        0.47209604286892015
343        0.46970527617477315
344        0.3924505358615003
345        0.44903751030502886
346        0.29247732893652073
347        0.22534212695795525
348        0.27653338829348706
349        0.39541220115416315
350        0.352116652926628
351        0.46236809563066794
352        0.3569538334707334
353        0.46231038746908454
354        0.351152102225886
355        0.2756121187139322
356        0.1512922506183014
357        0.1403709810387466
358        0.32066364385820256
359        0.38740313272877136
360        0.4648804616652928
361        0.22468260511129398
362        0.19342951360263783
363        0.2079245671887878
364        0.23755152514427016
365        0.264569249793899
366        0.3791570486397358
367        0.38234542456718856
368        0.29059150865622413
369        0.377464962901896
370        0.44061005770816114
371        0.3627720527617474
372        0.1537304204451769
373        0.40571516900247323
374        0.4032563891178895
375        0.3513623248145092
376        0.19823577906018106
377        0.46082440230832666
378        0.448025556471558
379        0.4323165704863973
380        0.46938994229183834
381        0.4664880461665291
382        0.45821310799670234
383        0.46749999999999986
384        0.45025350370981015
385        0.46600577081615796
386        0.4730317394888706
387        0.23203215169002456
388        0.06646537510305016
389        0.11103050288540774
390        0.16289777411376727
391        0.443410964550701
392        0.4622980214344601
393        0.33510511129431125
394        0.4434398186314922
395        0.132821516900247
396        0.15591508656224204
397        0.46508037922506185
398        0.46474855729596093
399        0.42180750206100565
400        0.43344187963726305
401        0.42220115416323145
402        0.45945177246496294
403        0.4607728771640564
404        0.4044373454245672
405        0.37904781533388293
406        0.42727122835943926
407        0.454212695795548
408        0.29531739488870556
409        0.39171063478977713
410        0.2585469909315744
411        0.4462922506183016
412        0.30490725474031294
413        0.42403544929925807
414        0.42729802143446
415        0.45701154163231644
416        0.465482275350371
417        0.44445795548227524
418        0.4319414674361087
419        0.4662036273701565
420        0.3916570486397361
421        0.42720733718054427
422        0.42186933223413026
423        0.46910758450123674
424        0.4421702390766696
425        0.4054431162407253
426        0.44775968672712296
427        0.4395651277823577
428        0.4049113767518548
429        0.4292312448474853
430        0.4252967848309974
431        0.4166117065127779
432        0.24817807089859817
433        0.15609233305853237
434        0.4598062654575433
435        0.32282357790601823
436        0.19418590272052721
437        0.18521846661170613
438        0.4592044517724648
439        0.20377370156636432
440        0.22260511129431126
441        0.21235779060181342
442        0.014690849134377602
443        0.029000412201154235
444        0.08530502885408069
445        0.33964756801319035
446        0.46317807089859875
447        0.39197444352844185
448        0.45256801319043666
449        0.45723825226710646
450        0.37753915910964525
451        0.2927679307502058
452        0.2976380873866444
453        0.24280502885408045
454        0.43159315746084104
455        0.429235366859027
456        0.3470960428689198
457        0.3450103050288538
458        0.4084047815333883
459        0.11116446826051074
460        0.36555647155812004
461        0.4179905193734541
462        0.41956306677658695
463        0.4554843363561416
464        0.4377967848309971
465        0.4715230832646333
466        0.05942910140148382
467        0.07559769167353644
468        0.2526339653751027
469        0.41967436108821105
470        0.4673722176422095
471        0.4721084089035451
472        0.2767250618301727
473        0.4624835119538332
474        0.46736191261335547
475        0.46314097279472344
476        0.4514777411376752
477        0.332743198680956
478        0.4204987633965373
479        0.470816158285243
480        0.4214818631492168
481        0.1780338004946411
482        0.0902823577906016
483        0.13980626545754307
484        0.07819043693322335
485        0.38529678483099716
486        0.048089447650453324
487        0.18449505358614982
488        0.05259892827699912
489        0.11383759274525934
490        0.4718775762572136
491        0.4703441879637264
492        0.4695630667765869
493        0.4722114591920857
494        0.2812633965375102
495        0.33295342126957933
496        0.31487221764220913
497        0.22633759274525939
498        0.18871599340478123
499        0.464694971145919
500        0.39500206100577073
501        0.39977535037098094
502        0.47035243198680954
503        0.4231945589447652
504        0.4503256389117889
505        0.40761129431162396
506        0.41868301731244856
507        0.4696331409727948
508        0.42263190436933207
509        0.45907666941467434
510        0.40599546578730394
511        0.4004431162407255
512        0.4384563066776586
513        0.4646908491343777
514        0.46703833470733713
515        0.4636170651277822
516        0.4686521022258867
517        0.4691323165704863
518        0.4725968672712279
519        0.16790395713107958
520        0.27783388293487205
521        0.2244373454245669
522        0.34202184666117025
523        0.35777205276174745
524        0.4294311624072548
525        0.20819043693322306
526        0.14605317394888684
527        0.27212901896125286
528        0.4192559769167352
529        0.3959356966199505
530        0.47006595218466607
531        0.46955688375927446
532        0.472514427040396
533        0.4105111294311623
534        0.39415704863973616
535        0.4704967023907667
536        0.30881079967023883
537        0.3985511129431161
538        0.39571516900247333
539        0.385348309975268
540        0.4014323990107171
541        0.37965787304204435
542        0.40412819455894483
543        0.3780338004946412
544        0.3908285243198677
545        0.40223825226710586
546        0.4158594394064302
547        0.39759068425391575
548        0.4688107996702392
549        0.05454451772464959
550        0.16262984336356104
551        0.14403338829348697
552        0.36362118713932384
553        0.1968425391591093
554        0.33792250618301717
555        0.07316982687551501
556        0.3623907666941465
557        0.426535449299258
558        0.4728112118713934
559        0.38951566364385815
560        0.3602493816982685
561        0.3811830173124482
562        0.3564694971145917
563        0.4445774938169827
564        0.15163437757625686
565        0.4273351195383344
566        0.41297815333882915
567        0.44881698268755144
568        0.4302081615828523
569        0.45171063478977713
570        0.45573577906018115
571        0.3910140148392415
572        0.43475267930750194
573        0.3214097279472381
574        0.43281327287716387
575        0.1514447650453418
576        0.3988458367683431
577        0.06857172300082422
578        0.3571125309150864
579        0.4329266281945591
580        0.2571846661170649
581        0.462796784830997
582        0.4679204451772463
583        0.4235428689200329
584        0.29906842539159084
585        0.46145094806265435
586        0.46431162407254745
587        0.46288746908491346
588        0.4713149216817806
589        0.1799484748557293
590        0.2636088211046988
591        0.26264427040395705
592        0.43205070074196184
593        0.36118920032976054
594        0.3747712283594392
595        0.20829760923330556
596        0.1889571310799667
597        0.2406183017312446
598        0.23888705688375894
599        0.264278647980214
600        0.4691075845012367
601        0.47242992580379195
602        0.471232481450948
603        0.47207131079966996
604        0.33700535861500364
605        0.26972176422093963
606        0.42418384171475687
607        0.45373042044517686
608        0.461704451772465
609        0.09450123660346225
610        0.47060181368507836
611        0.18445383347073346
612        0.4715313272877163
613        0.27864385820280263
614        0.28332646331409694
615        0.2596640560593567
616        0.2508182192910137
617        0.47201154163231673
618        0.06411788953009039
619        0.38764220939818606
620        0.4716879637262985
621        0.46997938994229194
622        0.4711191261335529
623        0.37225886232481414
624        0.33988664468260504
625        0.2296784830997523
626        0.3328709810387467
627        0.11402102225886206
628        0.15117477328936488
629        0.47152308326463344
630        0.24686933223413005
631        0.24830585325638893
632        0.4396145919208576
633        0.46759480626545746
634        0.19358821104699062
635        0.32431780708985974
636        0.46750412201154184
637        0.4709233305853258
638        0.46972794723825223
639        0.46946413849958774
640        0.4719126133553172
641        0.47131904369332245
642        0.42855317394888687
643        0.4099113767518548
644        0.4098248145094807
645        0.38817394888705686
646        0.38512778235779044
647        0.3651999175597691
648        0.2560243198680953
649        0.262776174773289
650        0.19116859027205252
651        0.33689406430337987
652        0.4274484748557292
653        0.38209604286891996
654        0.3366034624896948
655        0.32918384171475656
656        0.45975886232481405
657        0.4654348722176424
658        0.4709501236603459
659        0.47177246496290237
660        0.4502926628194557
661        0.22861500412201136
662        0.29533182192910123
663        0.33924979389942256
664        0.33066570486397334
665        0.32586768342951333
666        0.3335655399835118
667        0.46904987633965384
668        0.43267930750206085
669        0.45535655399835123
670        0.44505770816158263
671        0.4441859027205275
672        0.4719167353668592
673        0.472194971145919
674        0.3031904369332231
675        0.3912098103874688
676        0.4004884583676831
677        0.4379534212695793
678        0.4642023907666939
679        0.4380750206100577
680        0.42208779884583697
681        0.43650659521846663
682        0.13715993404781504
683        0.11815539983511923
684        0.3422774113767517
685        0.07132934872217613
686        0.4632728771640558
687        0.4621228359439405
688        0.46155399835119526
689        0.461461253091509
690        0.46919414674361093
691        0.4611933223413026
692        0.464610469909316
693        0.46909934047815327
694        0.47132728771640553
695        0.47169620774938176
696        0.2522093981863146
697        0.4717765869744435
698        0.29602638087386607
699        0.39671063478977736
700        0.36850783182192903
701        0.2620754328112115
702        0.2699649629018959
703        0.08535449299258012
704        0.04741549876339661
705        0.06434047815333867
706        0.17685696619950508
707        0.3370094806265456
708        0.3363602638087385
709        0.3305111294311623
710        0.26967023907666904
711        0.3042209398186313
712        0.4120548227535036
713        0.33804822753503694
714        0.40025968672712253
715        0.4168713932399007
716        0.38732687551525125
717        0.04507625721352022
718        0.367417559769167
719        0.24544517724649595
720        0.4247155812036275
721        0.21042250618301706
722        0.470828524319868
723        0.12033182192910116
724        0.2869084913437755
725        0.28070280296784805
726        0.1796187139323987
727        0.19294723825226673
728        0.08573990107172269
729        0.08121393239901048
730        0.10177040395713086
731        0.11125103050288511
732        0.2973887056883758
733        0.3021619950535859
734        0.22923536685902687
735        0.33239901071722966
736        0.3647691673536685
737        0.34355935696619916
738        0.38678070898598493
739        0.4080193734542455
740        0.39484954657873045
741        0.3576751854905192
742        0.38851607584501224
743        0.3190148392415498
744        0.3349402308326463
745        0.19606760098928241
746        0.3351586974443526
747        0.2529122011541629
748        0.25746290189612503
749        0.06829967023907661
750        0.252238252267106
751        0.31660552349546556
752        0.11105111294311598
753        0.38749381698268726
754        0.1806079967023905
755        0.19598722176422065
756        0.20026793075020585
757        0.12120774938169797
758        0.12109645507007386
759        0.10214962901896102
760        0.2563705688375924
761        0.3917188788128603
762        0.3429101401483921
763        0.4368652102225885
764        0.4378874690849132
765        0.3336397361912611
766        0.34801937345424555
767        0.35415086562242337
768        0.4637943116240728
769        0.18353256389117864
770        0.3101607584501234
771        0.2487984336356139
772        0.15815746084089002
773        0.3208718054410551
774        0.3518095630667763
775        0.05028029678483101
776        0.4012819455894473
777        0.014596042868920054
778        0.1157172300082437
779        0.29521846661170636
780        0.4319620774938169
781        0.05948887056883743
782        0.472442291838417
783        0.42725267930750194
784        0.38546166529266257
785        0.45238252267106355
786        0.45091096455070095
787        0.4400515251442703
788        0.45370362737015646
789        0.4180358615004119
790        0.4634707337180544
791        0.16332852431986786
792        0.27660346248969453
793        0.13947032151689986
794        0.17724649629018926
795        0.23538746908491312
796        0.32334089035449265
797        0.26631079967023885
798        0.361883759274526
799        0.15599958779884548
800        0.1747052761747729
801        0.16539159109645485
802        0.0595218466611705
803        0.043208985985160826
804        0.05464962901896125
805        0.25633965375103024
806        0.1564262159934045
807        0.15157666941467407
808        0.47101813685078314
809        0.2147485572959601
810        0.39328730420445157
811        0.3804575432811211
812        0.47171681780709
813        0.4725185490519373
814        0.30692291838417113
815        0.3304163231657045
816        0.22663849958779853
817        0.03814303380049475
818        0.18681780708985954
819        0.1352019785655397
820        0.23754946413849928
821        0.12496702390766655
822        0.4710449299258037
823        0.27375721352019755
824        0.059462077493816795
825        0.1753627370156634
826        0.43080379225061805
827        0.14355935696619923
828        0.42470527617477294
829        0.2920239076669413
830        0.40879843363561463
831        0.07805441055234941
832        0.10896537510305
833        0.22700329760923302
834        0.04494847485572968
835        0.30897155812036253
836        0.22968672712283575
837        0.2731183017312445
838        0.29447856553998325
839        0.06176834295136008
840        0.038326463314097364
841        0.42801525144270386
842        0.3950144270403957
843        0.16832646331409698
844        0.17769991755976894
845        0.16355729596042856
846        0.4204225061830173
847        0.35614385820280275
848        0.042930750206100626
849        0.35897155812036274
850        0.24816982687551495
851        0.41969084913437754
852        0.4279637262984337
853        0.46663643858202797
854        0.17983099752679277
855        0.20375515251442672
856        0.18716817807089825
857        0.12755976916735337
858        0.3844476504534214
859        0.44549051937345463
860        0.38130049464138493
861        0.37960634789777403
862        0.3867333058532562
863        0.4236170651277822
864        0.0788726298433634
865        0.2294352844187961
866        0.22249381698268725
867        0.11842539159109629
868        0.1891158285243194
869        0.2691859027205275
870        0.40812654575432794
871        0.4078462489694972
872        0.09952596867271195
873        0.038307914262160056
874        0.4716859027205274
875        0.27576875515251403
876        0.1799402308326459
877        0.4691343775762573
878        0.4718672712283592
879        0.059418796372629756
880        0.04325020610057712
881        0.31773289365210206
882        0.32643652102225856
883        0.4721743610882109
884        0.12149422918384138
885        0.22150453421269556
886        0.16967023907666906
887        0.1820795548227532
888        0.09301112943116216
889        0.06899629018961238
890        0.40373660346248963
891        0.32362943116240694
892        0.39623454245671874
893        0.24056265457543252
894        0.08275556471558097
895        0.12313891178895293
896        0.13523701566364368
897        0.13540807914262137
898        0.10027823577906
899        0.11381286067600975
900        0.1144703215169001
901        0.11138499587798817
902        0.12379225061830151
903        0.17794517724649608
904        0.3993446001648803
905        0.36338004946413827
906        0.3345032976092332
907        0.3369847485572956
908        0.23803998351195357
909        0.2526071723000822
910        0.39979389942291804
911        0.4223680956306675
912        0.3965643033800494
913        0.38647980214344607
914        0.41041632316570464
915        0.09531327287716378
916        0.3490416323165702
917        0.3540086562242372
918        0.06135408079142606
919        0.3400948062654572
920        0.07447856553998328
921        0.36361706512778197
922        0.36563685078318203
923        0.3593342951360261
924        0.14466817807089824
925        0.08052967848309958
926        0.08095836768342933
927        0.06208161582852429
928        0.09765663643858188
929        0.4673351195383345
930        0.07583882934872199
931        0.22937139323990077
932        0.055004122011541506
933        0.23901071723000794
934        0.4098722176422092
935        0.41745671887881264
936        0.1491096455070071
937        0.23088004946413815
938        0.27503915910964527
939        0.21998969497114548
940        0.031147980214344676
941        0.3382440230832644
942        0.46946413849958796
943        0.22019785655399804
944        0.05226504534212694
945        0.13978771640560567
946        0.12288334707337142
947        0.4709872217642207
948        0.12813685078318188
949        0.19890766694146722
950        0.0807996702390766
951        0.07187551525144263
952        0.07835737840065947
953        0.40818837592745266
954        0.40765457543281114
955        0.4311417971970322
956        0.10416735366858995
957        0.10687963726298405
958        0.14191261335531719
959        0.042821516900247276
960        0.35420239076669396
961        0.42879225061830195
962        0.4044723825226708
963        0.23894476504534193
964        0.35156018136850753
965        0.30439200329760896
966        0.03812242374278658
967        0.42251854905193736
968        0.09710016488046139
969        0.28993198680956284
970        0.2661953833470732
971        0.29605935696619917
972        0.29731657048639726
973        0.3680688375927452
974        0.11763396537510275
975        0.16986191261335498
976        0.2148248145094803
977        0.26428895300906796
978        0.18760717230008211
979        0.07873454245671878
980        0.0859192085737838
981        0.21448680956306648
982        0.32631286067600973
983        0.2172877164056056
984        0.21741343775762556
985        0.19599134377576216
986        0.404169414674361
987        0.12798639736191228
988        0.391704451772465
989        0.1276793075020607
990        0.13287922506182986
991        0.0004575432811211852
992        0.00045342126957955293
993        0.00044929925803792063
994        0.00046578730420444967
995        0.00045342126957955304
996        0.0004657873042044498
997        0.00044311624072547207
998        0.000467848309975266
999        0.0005956306677658674
1000        0.0005770816158285217
1001        0.0006512778235779035
1002        0.000632728771640558
1003        0.00047197032151689833
1004        0.00048021434460016277
1005        0.007640148392415463
1006        0.08801525144270386
1007        0.00046990931574608224
1008        0.00046372629843363357
1009        0.00046166529266281753
1010        0.00046578730420445026
1011        0.0004699093157460821
1012        0.0004760923330585303
1013        0.00046990931574608186
1014        0.000467848309975266
1015        0.0004678483099752661
1016        0.00046578730420444983
1017        0.0005441055234954635
1018        0.0005461665292662795
1019        0.0006018136850783158
1020        0.0005358615004121988
1021        0.0005111294311624049
1022        0.0005502885408079119
1023        0.00046166529266281764
1024        0.00048433635614179507
1025        0.0005585325638911767
1026        0.0005379225061830153
1027        0.0005234954657873019
1028        0.0005090684253915888
1029        0.010084501236603441
1030        0.000467848309975266
1031        0.0004575432811211851
1032        0.0004657873042044496
1033        0.0005255564715581186
1034        0.0005338004946413829
1035        0.0005008244023083245
1036        0.0006636438582028008
1037        0.000527617477328934
1038        0.0005296784830997505
1039        0.0005234954657873021
1040        0.0004596042868920011
1041        0.0004637262984336335
1042        0.0006698268755152489
1043        0.0006368507831821907
1044        0.0006409727947238226
1045        0.0007275350370981017
1046        0.0006842539159109623
1047        0.00046990931574608224
1048        0.00046166529266281775
1049        0.0004451772464962882
1050        0.0004472382522671046
1051        0.0004905193734542437
1052        0.0004657873042044496
1053        0.00047609233305853063
1054        0.00046990931574608213
1055        0.00046578730420444983
1056        0.00046990931574608213
1057        0.0004740313272877143
1058        0.00045136026380873694
1059        0.00048433635614179507
1060        0.0004575432811211853
1061        0.000523495465787302
1062        0.0005729596042868899
1063        0.0005173124484748533
1064        0.00046166529266281753
1065        0.00047609233305853047
1066        0.000507007419620773
1067        0.0005111294311624051
1068        0.0005585325638911765
1069        0.0005729596042868896
1070        0.0006471558120362712
1071        0.000577081615828522
1072        0.0006306677658697419
1073        0.00046578730420444967
1074        0.0004554822753503691
1075        0.0005131904369332209
1076        0.0005358615004121989
1077        0.0005523495465787282
1078        0.11140148392415462
1079        0.00046166529266281737
1080        0.00046784830997526587
1081        0.0004740313272877147
1082        0.00046578730420444983
1083        0.0007151690024732045
1084        0.0006677658697444324
1085        0.0006801319043693299
1086        0.0007192910140148376
1087        0.0007728771640560571
1088        0.16018755152514408
1089        0.17936933223413024
1090        0.1672464962901895
1091        0.17651483924154993
1092        0.19272464962901892
1093        0.1641859027205275
1094        0.19356760098928277
1095        0.17494435284418788
1096        0.1646269579554822
1097        0.18077699917559767
1098        0.15284006595218452
1099        0.1934068425391592
1100        0.18384789777411384
1101        0.19061211871393233
1102        0.19274732069249784
1103        0.2065910964550701
1104        0.24521846661170651
1105        0.000713107996702389
1106        0.0006718878812860655
1107        0.0007192910140148364
1108        0.0007275350370981014
1109        0.0006863149216817785
1110        0.0005873866446826025
1111        0.0007089859851607567
1112        0.0008553173948887045
1113        0.00048021434460016277
1114        0.00046372629843363384
1115        0.00045960428689200154
1116        0.0004554822753503692
1117        0.000469909315746082
1118        0.0004596042868920014
1119        0.0004513602638087366
1120        0.000459604286892001
1121        0.016902308326463337
1122        0.0005688375927452572
1123        0.0005131904369332211
1124        0.0005317394888705666
1125        0.0005667765869744412
1126        0.0005173124484748536
1127        0.0004987633965375081
1128        0.0004513602638087366
1129        0.0004513602638087369
1130        0.0005338004946413828
1131        0.017633965375103092
1132        0.0006801319043693298
1133        0.000719291014014837
1134        0.0007646331409727923
1135        0.0007131079967023889
1136        0.0007316570486397342
1137        0.0007996702390766675
1138        0.0007543281121187113
1139        0.0007914262159934031
1140        0.0008841714756801296
1141        0.0009109645507007398
1142        0.0006636438582028008
1143        0.0007089859851607563
1144        0.0006821929101401463
1145        0.0007089859851607564
1146        0.0007337180544105507
1147        0.0004637262984336336
1148        0.0004699093157460823
1149        0.08060181368507817
1150        0.1917456718878811
1151        0.22009686727122812
1152        0.217442291838417
1153        0.0004451772464962882
1154        0.0004699093157460824
1155        0.0006450948062654555
1156        0.0006059356966199481
1157        0.0005976916735366832
1158        0.0006038746908491319
1159        0.27072135201978514
1160        0.000779060181368506
1161        0.0008759274525968655
1162        0.000785243198680954
1163        0.0008285243198680943
1164        0.0008388293487221748
1165        0.0009150865622423733
1166        0.0007811211871393221
1167        0.0007769991755976896
1168        0.0008305853256389106
1169        0.0008656224237427839
1170        0.0009027205276174758
1171        0.0008182192910140124
1172        0.0004925803792250602
1173        0.00045342126957955304
1174        0.00046166529266281726
1175        0.0004534212695795529
1176        0.0005564715581203605
1177        0.0006409727947238225
1178        0.0006595218466611684
1179        0.04747938994229193
1180        0.25487015663643825
1181        0.0005173124484748535
1182        0.0005482275350370959
1183        0.0005070074196207726
1184        0.0005564715581203604
1185        0.000509068425391589
1186        0.0004967023907666918
1187        0.00045548227535036913
1188        0.0004760923330585305
1189        0.0012056883759274505
1190        0.0012366034624896934
1191        0.0011438582028029665
1192        0.001218054410552348
1193        0.0011046990931574594
1194        0.00109851607584501
1195        0.0011479802143445983
1196        0.001176834295136025
1197        0.0004760923330585306
1198        0.00046990931574608175
1199        0.0005750206100577054
1200        0.000618301731244845
1201        0.0006244847485572932
1202        0.0005997526793074991
1203        0.007755564715581181
1204        0.003035861500412181
1205        0.01923536685902726
1206        0.024464138499587826
1207        0.04539983511953832
1208        0.0004596042868920013
1209        0.0004534212695795528
1210        0.15829967023907643
1211        0.000469909315746082
1212        0.0004575432811211852
1213        0.0005008244023083243
1214        0.000509068425391589
1215        0.0004699093157460821
1216        0.00046578730420445
1217        0.00046784830997526576
1218        0.00046578730420444983
1219        0.0004575432811211852
1220        0.00046166529266281737
1221        0.0004987633965375081
1222        0.0005049464138499563
1223        0.0005234954657873018
1224        0.019278647980214458
1225        0.13251236603462466
1226        0.007600989282769945
1227        0.012293899422918355
1228        0.010142209398186308
1229        0.010566776586974448
1230        0.00330791426215992
1231        0.012988458367683425
1232        0.0012366034624896934
1233        0.013398598516075833
1234        0.00844806265457542
1235        0.01064097279472382
1236        0.0004740313272877142
1237        0.00047609233305853074
1238        0.01224443528441882
1239        0.00045960428689200127
1240        0.00046578730420444983
1241        0.0006183017312448452
1242        0.0005976916735366833
1243        0.0006121187139323965
1244        0.000618301731244845
1245        0.0005296784830997505
1246        0.0005317394888705665
1247        0.000533800494641383
1248        0.0005420445177246474
1249        0.0005420445177246474
1250        0.0005255564715581183
1251        0.0005255564715581182
1252        0.0005296784830997503
1253        0.0005214344600164858
1254        0.00047403132728771427
1255        0.0004719703215168982
1256        0.00046166529266281726
1257        0.0004678483099752661
1258        0.05202596867271218
1259        0.00046784830997526614
1260        0.0004596042868920014
1261        0.00046372629843363373
1262        0.00047815333882934684
1263        0.0006286067600989252
1264        0.0006038746908491317
1265        0.000603874690849132
1266        0.0006183017312448454
1267        0.0006883759274525949
1268        0.0007069249793899397
1269        0.0007048639736191238
1270        0.0007543281121187117
1271        0.0007131079967023884
1272        0.18922300082440202
1273        0.0005070074196207727
1274        0.0005441055234954639
1275        0.0004925803792250598
1276        0.000539983511953831
1277        0.0005131904369332211
1278        0.0005131904369332213
1279        0.00045960428689200127
1280        0.0004802143446001632
1281        0.00045960428689200127
1282        0.0004719703215168983
1283        0.040906842539159195
1284        0.1583532563891178
1285        0.17249175597691654
1286        0.007452596867271196
1287        0.045284418796372544
1288        0.002813272877164054
1289        0.002776174773289366
1290        0.0028915910964550694
1291        0.0028421269579554805
1292        0.0026215993404781514
1293        0.0028421269579554805
1294        0.0027019785655399814
1295        0.0026360263808738638
1296        0.0026937345424567177
1297        0.0028647980214344553
1298        0.00263396537510305
1299        0.002734954657873043
1300        0.0027535037098103867
1301        0.002802967848309954
1302        0.01699505358615005
1303        0.06910346248969482
1304        0.20758862324814473
1305        0.4252555647155811
1306        0.05661582852431975
1307        0.05258037922506191
1308        0.38217023907666925
1309        0.03106760098928283
1310        0.0314179719703216
1311        0.16770403957131055
1312        0.012460840890354541
1313        0.007559769167353637
1314        0.10939612530915074
1315        0.012343363561417955
1316        0.007772052761747711
1317        0.0029678483099752585
1318        0.06488664468260508
1319        0.391646743610882
1320        0.413922093981863
1321        0.4030008244023082
1322        0.3857172300082439
1323        0.4212963726298434
1324        0.44569661995053556
1325        0.45093569661995014
1326        0.44256389117889533
1327        0.4628751030502884
1328        0.462258862324814
1329        0.46326669414674343
1330        0.4689076669414676
1331        0.47277411376751866
1332        0.4621949711459194
1333        0.45680338004946397
1334        0.46699299258037963
1335        0.02408079142621605
1336        0.19204451772464928
1337        0.00046578730420444967
1338        0.00046372629843363357
1339        0.24336150041220084
1340        0.278472794723825
1341        0.0007543281121187125
1342        0.0007069249793899402
1343        0.0007028029678483086
1344        0.0006821929101401463
1345        0.0006863149216817784
1346        0.010008244023083233
1347        0.0454018961253091
1348        0.0004575432811211852
1349        0.0005070074196207728
1350        0.0004719703215168984
1351        0.00045754328112118507
1352        0.021941467436108898
1353        0.1563746908491341
1354        0.0005399835119538314
1355        0.0005317394888705667
1356        0.0005296784830997505
1357        0.00046166529266281753
1358        0.00046578730420445
1359        0.0004657873042044498
1360        0.00045960428689200127
1361        0.08068837592745248
1362        0.07879843363561412
1363        0.2411191261335528
1364        0.1892971970321514
1365        0.20645919208573743
1366        0.0005420445177246478
1367        0.0005276174773289342
1368        0.0005090684253915888
1369        0.00046578730420444983
1370        0.00047197032151689833
1371        0.0004719703215168984
1372        0.00046372629843363357
1373        0.057124896949711214
1374        0.3851690024732066
1375        0.07154369332234098
1376        0.0500741962077493
1377        0.0004596042868920014
1378        0.00045960428689200143
1379        0.00046784830997526587
1380        0.0004451772464962884
1381        0.0004534212695795529
1382        0.0004637262984336335
1383        0.00045548227535036913
1384        0.000480214344600163
1385        0.0005441055234954636
1386        0.000537922506183015
1387        0.0005441055234954637
1388        0.06716611706512764
1389        0.08107996702390763
1390        0.18692704039571278
1391        0.20910346248969483
1392        0.22698474855729567
1393        0.04573784006595215
1394        0.05330791426215994
1395        0.05530708985985158
1396        0.03418178070898605
1397        0.0029163231657048394
1398        0.010416323165704884
1399        0.016953833470733704
1400        0.18892621599340453
1401        0.00045136026380873694
1402        0.0004637262984336339
1403        0.05214550700741963
1404        0.3609336356141793
1405        0.00046784830997526603
1406        0.0004616652926628176
1407        0.00046578730420444967
1408        0.0004740313272877144
1409        0.04519785655399838
1410        0.10904163231657034
1411        0.15055441055234933
1412        0.2222877164056056
1413        0.25858615004121993
1414        0.2815086562242372
1415        0.05230214344600147
1416        0.007555647155812001
1417        0.07152926628194547
1418        0.012545342126957938
1419        0.03123248145094815
1420        0.09061211871393222
1421        0.08508656224237403
1422        0.0782852431986808
1423        0.24656842539159085
1424        0.24612943116240707
1425        0.2498165704863971
1426        0.28092333058532554
1427        0.3502596867271228
1428        0.33283182192910105
1429        0.33109645507007407
1430        0.35441467436108787
1431        0.32632316570486386
1432        0.3275370981038745
1433        0.3571516900247319
1434        0.20632522671063444
1435        0.19317188788128586
1436        0.2148804616652924
1437        0.3962345424567188
1438        0.44545342126957976
1439        0.4228689200329757
1440        0.00045754328112118534
1441        0.0004760923330585306
1442        0.007514427040395684
1443        0.03632110469909325
1444        0.00046166529266281737
1445        0.00046372629843363373
1446        0.038557295960428825
1447        0.03341714756801329
1448        0.047899835119538305
1449        0.29631904369332196
1450        0.0004719703215168984
1451        0.00045960428689200154
1452        0.04312036273701571
1453        0.05955894476504519
1454        0.17566364385820266
1455        0.15373248145094792
1456        0.2506553998351194
1457        0.002788540807914233
1458        0.05954863973619125
1459        0.012164056059357
1460        0.10392621599340453
1461        0.08049051937345399
1462        0.04318631492168189
1463        0.2579060181368503
1464        0.0004657873042044499
1465        0.00044929925803792063
1466        0.05714344600164875
1467        0.12585119538334683
1468        0.08759686727122809
1469        0.22570280296784798
1470        0.0005997526793074995
1471        0.0005935696619950513
1472        0.000643033800494639
1473        0.0006389117889530067
1474        0.00044517724649628817
1475        0.0004802143446001631
1476        0.026619950535861556
1477        0.021943528441879686
1478        0.03150247320692505
1479        0.028907666941467482
1480        0.019719703215169006
1481        0.15184253915910953
1482        0.1655214344600162
1483        0.11661376751854875
1484        0.3733511953833468
1485        0.3581038746908489
1486        0.3939983511953833
1487        0.026319043693322434
1488        0.20328112118713904
1489        0.04293693322341311
1490        0.033404781533388384
1491        0.2722650453421268
1492        0.03319661995053593
1493        0.00045136026380873683
1494        0.0004678483099752658
1495        0.0005049464138499565
1496        0.0005317394888705665
1497        0.0005358615004121988
1498        0.024317807089859884
1499        0.09904987633965341
1500        0.25454039571310777
1501        0.4640519373454246
1502        0.4619703215169001
1503        0.46838623248145095
1504        0.42141797197032177
1505        0.0005976916735366832
1506        0.000618301731244845
1507        0.000591508656224235
1508        0.0005915086562242348
1509        0.0004657873042044498
1510        0.0004657873042044498
1511        0.36138705688375894
1512        0.3445527617477328
1513        0.34844600164880446
1514        0.36218054410552303
1515        0.3730296784830996
1516        0.42204245671887847
1517        0.43319043693322334
1518        0.41798021434460003
1519        0.4666859027205275
1520        0.45209604286892024
1521        0.4363066776586974
1522        0.02166323165704872
1523        0.13969703215168974
1524        0.0005255564715581181
1525        0.005241137675185457
1526        0.009901071723000804
1527        0.08068837592745248
1528        0.2386170651277819
1529        0.1682275350370978
1530        0.15384171475680108
1531        0.00046578730420444967
1532        0.00048021434460016293
1533        0.43766694146743573
1534        0.45566158285243213
1535        0.4546990931574608
1536        0.4603441879637263
1537        0.45991343775762566
1538        0.45560799670239055
1539        0.4573619126133552
1540        0.47209604286892015
1541        0.47184253915910995
1542        0.4720671887881288
1543        0.47022052761747707
1544        0.4674278647980211
1545        0.000523495465787302
1546        0.0005173124484748537
1547        0.0005173124484748533
1548        0.017046578730420495
1549        0.014554822753503702
1550        0.11401071723000797
1551        0.010152514427040378
1552        0.01716199505358619
1553        0.047520610057708114
1554        0.000696619950535859
1555        0.0007131079967023892
1556        0.0007028029678483078
1557        0.00077699917559769
1558        0.0007234130255564692
1559        0.0004719703215168981
1560        0.00047609233305853036
1561        0.0004657873042044498
1562        0.00046166529266281775
1563        0.0027658697444352637
1564        0.03619950535861511
1565        0.06651277823577899
1566        0.08598516075844997
1567        0.062244435284418705
1568        0.07169414674361078
1569        0.0862592745259686
1570        0.16090272052761725
1571        0.26022258862324793
1572        0.03903957131079971
1573        0.03182399010717234
1574        0.03670032976092338
1575        0.03900659521846663
1576        0.03666941467436111
1577        0.05775350370981032
1578        0.09073784006595208
1579        0.11245465787304192
1580        0.0004699093157460824
1581        0.005195795548227505
1582        0.25153132728771616
1583        0.21555441055234925
1584        0.2295733718054408
1585        0.016964138499587854
1586        0.09529678483099734
1587        0.0005873866446826026
1588        0.0005873866446826033
1589        0.0006450948062654551
1590        0.0005750206100577056
1591        0.11358615004121976
1592        0.11612118713932372
1593        0.1729843363561416
1594        0.18710840890354474
1595        0.18526174773289322
1596        0.3024443528441877
1597        0.33049258037922485
1598        0.3279513602638086
1599        0.3566220115416322
1600        0.00047197032151689833
1601        0.00046990931574608186
1602        0.00519579554822751
1603        0.012267106347897747
1604        0.07369538334707328
1605        0.11872835943940611
1606        0.31339653751030466
1607        0.0005049464138499566
1608        0.0005255564715581181
1609        0.000523495465787302
1610        0.21262159934047795
1611        0.026234542456718968
1612        0.10644064303380019
1613        0.10987840065952172
1614        0.10458161582852421
1615        0.09552967848309958
1616        0.09330173124484734
1617        0.11480626545754306
1618        0.12130667765869735
1619        0.057454657873041964
1620        0.06901896125309145
1621        0.05232069249793888
1622        0.00046166529266281737
1623        0.0005152514427040377
1624        0.00045548227535036913
1625        0.00046784830997526587
1626        0.00045342126957955277
1627        0.0004657873042044496
1628        0.017036273701566393
1629        0.01720733718054414
1630        0.01248763396537509
1631        0.02196413849958783
1632        0.11874484748557278
1633        0.0005441055234954637
1634        0.000521434460016486
1635        0.0005028854080791406
1636        0.0004637262984336336
1637        0.0004657873042044498
1638        0.000539983511953831
1639        0.0005276174773289343
1640        0.0005255564715581176
1641        0.0004534212695795529
1642        0.0005173124484748538
1643        0.0361562242374279
1644        0.05974443528441873
1645        0.029183841714756836
1646        0.11175391591096441
1647        0.09547403132728755
1648        0.07910552349546572
1649        0.0004657873042044495
1650        0.000469909315746082
1651        0.06147361912613345
1652        0.23841508656224203
1653        0.3217889530090682
1654        0.11563272877164024
1655        0.00045960428689200154
1656        0.00047197032151689833
1657        0.05036892003297605
1658        0.04048639736191266
1659        0.035919208573784125
1660        0.04754740313272857
1661        0.10692704039571278
1662        0.06422712283594378
1663        0.11118301731244822
1664        0.12140560593569644
1665        0.210915086562242
1666        0.1985490519373452
1667        0.2387675185490518
1668        0.21095836768342938
1669        0.00046166529266281753
1670        0.0004575432811211852
1671        0.028683017312448586
1672        0.02865622423742794
1673        0.22362118713932364
1674        0.07111088211046968
1675        0.2526648804616649
1676        0.18156018136850752
1677        0.13773289365210195
1678        0.15366240725474
1679        0.42897361912613347
1680        0.000702802967848308
1681        0.0007295960428689178
1682        0.0007378400659521831
1683        0.0007419620774938154
1684        0.0007378400659521829
1685        0.06458779884583665
1686        0.15612324814509454
1687        0.13269579554822727
1688        0.17987015663643832
1689        0.15187757625721338
1690        0.1444435284418794
1691        0.2436335531739487
1692        0.28405399835119527
1693        0.26960634789777405
1694        0.3070981038746908
1695        0.30576257213520175
1696        0.29122629843363557
1697        0.27572341302555636
1698        0.31010098928276997
1699        0.2921331409727946
1700        0.29733924154987634
1701        0.2922444352844186
1702        0.29403751030502856
1703        0.328046166529266
1704        0.35503091508656226
1705        0.33794105523495466
1706        0.05501648804616638
1707        0.1627473206924976
1708        0.12779884583676804
1709        0.12781533388293453
1710        0.02412819455894486
1711        0.11235366859027186
1712        0.2274134377576254
1713        0.09268342951360242
1714        0.13507625721351998
1715        0.21595836768342921
1716        0.02208367683429515
1717        0.026683841714756847
1718        0.024128194558944823
1719        0.12821310799670216
1720        0.14169620774938135
1721        0.12281327287716368
1722        0.21516075845012342
1723        0.27240519373454203
1724        0.3782192910140145
1725        0.0004781533388293465
1726        0.00045136026380873667
1727        0.06384789777411362
1728        0.11860057708161545
1729        0.0004719703215168984
1730        0.0004596042868920014
1731        0.005298845836768321
1732        0.12346042868919994
1733        0.16573577906018097
1734        0.0381718878812862
1735        0.2631018136850781
1736        0.04727947238252269
1737        0.07842539159109614
1738        0.4244332234130255
1739        0.42517106347897743
1740        0.42568837592745234
1741        0.4471434460016486
1742        0.4538355317394887
1743        0.44042456718878775
1744        0.0005276174773289343
1745        0.0005564715581203604
1746        0.0005296784830997503
1747        0.1302473206924976
1748        0.3969126133553169
1749        0.38690230832646316
1750        0.3629142621599338
1751        0.4701483924154988
1752        0.470199917559769
1753        0.000486397361912611
1754        0.0004534212695795531
1755        0.06685696619950518
1756        0.03341508656224245
1757        0.07821929101401466
1758        0.021809563066776637
1759        0.016885820280296834
1760        0.11228153338829325
1761        0.0029018961253091413
1762        0.04585943940643034
1763        0.022011541632316604
1764        0.04094600164880467
1765        0.031593157460840925
1766        0.04345012366034627
1767        0.38234542456718856
1768        0.39212489694971153
1769        0.3694558944765044
1770        0.3257234130255563
1771        0.3695486397361908
1772        0.34449299258037913
1773        0.41773701566364346
1774        0.4004328112118715
1775        0.4009130255564716
1776        0.00046784830997526625
1777        0.00045548227535036913
1778        0.0004554822753503689
1779        0.00046578730420444967
1780        0.019387881286067624
1781        0.0004575432811211852
1782        0.00045960428689200143
1783        0.0005420445177246474
1784        0.0004905193734542434
1785        0.0005708985985160733
1786        0.00047609233305853047
1787        0.00047609233305853036
1788        0.0004802143446001623
1789        0.05719291014014826
1790        0.0005255564715581175
1791        0.062141384995878006
1792        0.045564715581203646
1793        0.0479863973619126
1794        0.053089447650453335
1795        0.0592827699917559
1796        0.06245465787304199
1797        0.000539983511953831
1798        0.0005482275350370957
1799        0.0005894476504534189
1800        0.0004575432811211852
1801        0.00046990931574608213
1802        0.00045754328112118534
1803        0.0005379225061830152
1804        0.0005276174773289343
1805        0.0005008244023083243
1806        0.01924154987633972
1807        0.005340065952184649
1808        0.13502061005770796
1809        0.0006265457543281093
1810        0.028588211046991024
1811        0.024280708985985236
1812        0.014668178070898643
1813        0.28560593569661985
1814        0.2914220939818629
1815        0.34244023083264613
1816        0.0123742786479802
1817        0.007598928276999155
1818        0.007800906842539131
1819        0.06280502885408074
1820        0.021622011541632343
1821        0.000484336356141795
1822        0.17032769991755942
1823        0.1447197032151687
1824        0.23214344600164863
1825        0.3522135201978563
1826        0.24744641384995855
1827        0.26690024732069234
1828        0.22982687551525113
1829        0.45702184666117046
1830        0.2698454245671887
1831        0.3072114591920856
1832        0.37591920857378414
1833        0.4276380873866445
1834        0.03325845012366046
1835        0.4193652102225884
1836        0.43721558120362725
1837        0.4406389117889531
1838        0.41452596867271196
1839        0.4482419620774938
1840        0.4326071723000823
1841        0.43572753503709777
1842        0.43390148392415495
1843        0.03826463314097285
1844        0.03135408079142631
1845        0.02424361088211053
1846        0.1684789777411374
1847        0.07771846661170635
1848        0.1609253915910963
1849        0.321265457543281
1850        0.056962077493816855
1851        0.059511541632316506
1852        0.4015478153338828
1853        0.3080338004946412
1854        0.3201154163231653
1855        0.3568157460840889
1856        0.3503276999175596
1857        0.3992930750206098
1858        0.39452802967848305
1859        0.41921063478977727
1860        0.4127699917559769
1861        0.39536892003297575
1862        0.05680338004946414
1863        0.2856450948062652
1864        0.0004699093157460818
1865        0.00047609233305853063
1866        0.12368713932398986
1867        0.042798845836768414
1868        0.366298433635614
1869        0.09936933223412994
1870        0.054931986809562926
1871        0.1107563891178892
1872        0.3156018136850781
1873        0.057141384995877925
1874        0.033495465787304286
1875        0.1167106347897771
1876        0.15140148392415476
1877        0.2005750206100574
1878        0.36162613355317363
1879        0.1376133553173947
1880        0.009853668590272025
1881        0.12813685078318188
1882        0.047611294311624
1883        0.0620053586150039
1884        0.07616859027205261
1885        0.07105523495465778
1886        0.05981244847485557
1887        0.20351813685078288
1888        0.20656842539159082
1889        0.223136850783182
1890        0.18706512778235754
1891        0.27642621599340456
1892        0.23911376751854893
1893        0.29837180544105485
1894        0.26347485572959606
1895        0.42014633140972796
1896        0.4325948062654576
1897        0.34259686727122807
1898        0.3564509480626542
1899        0.3957399010717231
1900        0.41507213520197866
1901        0.4333573784006595
1902        0.41006183017312464
1903        0.41286067600989307
1904        0.4104492992580379
1905        0.42471764220939806
1906        0.39699505358614995
1907        0.40818425391591084
1908        0.46032976092333067
1909        0.4419806265457542
1910        0.44771434460016496
1911        0.44076875515251457
1912        0.4611067600989285
1913        0.45916117065127776
1914        0.4598413025556473
1915        0.47258244023083257
1916        0.4331286067600988
1917        0.4550432811211871
1918        0.0594332234130255
1919        0.17247114591920812
1920        0.043231657048639745
1921        0.04561624072547409
1922        0.031366446826051185
1923        0.20585943940643012
1924        0.0007687551525144247
1925        0.0006966199505358592
1926        0.0006760098928276976
1927        0.0007316570486397342
1928        0.0007584501236603443
1929        0.4060779060181369
1930        0.36539571310799646
1931        0.4144929925803794
1932        0.3841797197032153
1933        0.36598309975267923
1934        0.38630461665292665
1935        0.3862716405605935
1936        0.37948474855729586
1937        0.38455894476504504
1938        0.4348948887056883
1939        0.41097279472382525
1940        0.40083676834295134
1941        0.4455997526793075
1942        0.4270197856553996
1943        0.4440292662819457
1944        0.23683429513602616
1945        0.023971558120362838
1946        0.2746434460016487
1947        0.01456306677658701
1948        0.06921681780708974
1949        0.014447650453421326
1950        0.14653338829348697
1951        0.391442704039571
1952        0.15827081615828503
1953        0.24769991755976906
1954        0.4059521846661168
1955        0.39442085737840055
1956        0.3080544105523494
1957        0.33832440230832633
1958        0.33331203627370143
1959        0.3578483099752677
1960        0.4090643033800493
1961        0.40618095630667755
1962        0.43841302555647155
1963        0.23633140972794695
1964        0.2057976092333055
1965        0.02845630667765882
1966        0.07619126133553147
1967        0.13989694971145888
1968        0.1541158285243196
1969        0.10974031327287694
1970        0.2233491343775762
1971        0.2867765869744435
1972        0.049647568013190514
1973        0.11585325638911752
1974        0.04732275350370973
1975        0.44073165704863976
1976        0.44147155812036276
1977        0.4310799670239077
1978        0.0879389942291836
1979        0.2027143446001646
1980        0.2183120362737014
1981        0.32604492992580353
1982        0.31595424567188773
1983        0.33521434460016475
1984        0.4174093157460838
1985        0.42271434460016477
1986        0.4064942291838416
1987        0.1773103874690845
1988        0.40864798021434434
1989        0.2034274525968672
1990        0.3517477328936521
1991        0.34995259686727076
1992        0.37084089035449275
1993        0.012469084913437787
1994        0.04551731244847482
1995        0.002943116240725453
1996        0.012629843363561427
1997        0.1280667765869742
1998        0.3761500412201151
1999        0.4370424567188786
2000        0.16099752679307477
2001        0.13244435284418773
2002        0.2856389117889526
2003        0.07781121187139316
2004        0.248349134377576
2005        0.43353668590272043
2006        0.09886026380873826
2007        0.4512860676009891
2008        0.1089901071722997
2009        0.021931162407254817
2010        0.28172918384171447
2011        0.262741137675185
2012        0.38737221764220925
2013        0.17477947238252234
2014        0.15864385820280275
2015        0.20083264633140943
2016        0.1911644682605108
2017        0.20519167353668563
2018        0.17531533388293458
2019        0.33977947238252254
2020        0.18903338829348687
2021        0.18974443528441853
2022        0.16579760923330553
2023        0.04273907666941467
2024        0.1516591096455066
2025        0.10962489694971118
2026        0.2605358615004119
2027        0.06375515251442679
2028        0.01696826051112946
2029        0.09743610882110448
2030        0.04815539983511954
2031        0.03327287716405611
2032        0.17971558120362702
2033        0.25945795548227507
2034        0.03826463314097293
2035        0.061586974443528265
2036        0.341207749381698
2037        0.09520610057708138
2038        0.12317807089859817
2039        0.031026380873866503
2040        0.1542600989282767
2041        0.2577370156636435
2042        0.13228565539983483
2043        0.012269167353668588
2044        0.019192085737840106
2045        0.13166735366859006
2046        0.10948268755152496
2047        0.12197856553998329
2048        0.23774319868095603
2049        0.27019167353668555
2050        0.31015663643858193
2051        0.32769579554822736
2052        0.4057543281121187
2053        0.34408697444352826
2054        0.32604286892003276
2055        0.3917868920032973
2056        0.32190024732069233
2057        0.0004657873042044498
2058        0.0004575432811211852
2059        0.05003709810387465
2060        0.19955070074196182
2061        0.2170115416323162
2062        0.16069868095630632
2063        0.0455008244023084
2064        0.18002885408079117
2065        0.19795548227535012
2066        0.20077493816982656
2067        0.26576875515251414
2068        0.19082852431986772
2069        0.2621681780708983
2070        0.4196434460016485
2071        0.32084913437757606
2072        0.2946372629843361
2073        0.33706306677658676
2074        0.33125515251442683
2075        0.3521846661170649
2076        0.28112737015663614
2077        0.408790189612531
2078        0.26420445177246493
2079        0.4223371805441054
2080        0.23386644682605087
2081        0.2271764220939817
2082        0.24768342951360237
2083        0.2106162407254738
2084        0.22187757625721327
2085        0.362361912613355
2086        0.3796228359439404
2087        0.37220321516900223
2088        0.3705193734542457
2089        0.1868940643033798
2090        0.15142621599340453
2091        0.1653730420445175
2092        0.16784418796372594
2093        0.189245671887881
2094        0.191174773289365
2095        0.1911314921681777
2096        0.14634171475680102
2097        0.14407254740313252
2098        0.05899835119538323
2099        0.040581203627370284
2100        0.07379018961253068
2101        0.08032563891178869
2102        0.06399010717229998
2103        0.12548845836768324
2104        0.02613355317394896
2105        0.09010305028854054
2106        0.15140354492992558
2107        0.42972382522671054
2108        0.3629410552349547
2109        0.3987592745259685
2110        0.3818219291014012
2111        0.23554410552349522
2112        0.23623248145094788
2113        0.2705131904369331
2114        0.2785799670239074
2115        0.2340993404781533
2116        0.27083882934872194
2117        0.13246496290189583
2118        0.14501236603462464
2119        0.2153297609233303
2120        0.21589035449299224
2121        0.000929513602638086
2122        0.0009295136026380855
2123        0.0008656224237427843
2124        0.0008759274525968658
2125        0.0008656224237427849
2126        0.0008161582852431974
2127        0.0008532563891178878
2128        0.1395795548227532
2129        0.18737221764220913
2130        0.3285655399835115
2131        0.4014447650453421
2132        0.23049876339653724
2133        0.25963726298433604
2134        0.1367023907666938
2135        0.03582440230832659
2136        0.27387262984336325
2137        0.1441549876339651
2138        0.2855956306677657
2139        0.3967291838417147
2140        0.12342333058532531
2141        0.21079348722176391
2142        0.28593981863149165
2143        0.0006821929101401461
2144        0.0006883759274525945
2145        0.000692497938994227
2146        0.0006574608408903524
2147        0.0007172300082440208
2148        0.14644476504534187
2149        0.13769579554822722
2150        0.04997938994229179
2151        0.08084089035449281
2152        0.22394064303380035
2153        0.35366446826051123
2154        0.448658285243199
2155        0.27423742786479777
2156        0.1800103050288537
2157        0.18990725474031314
2158        0.19883553173948854
2159        0.26316364385820273
2160        0.25051525144270376
2161        0.031131492168178183
2162        0.00047609233305853036
2163        0.0004699093157460823
2164        0.36055028854080784
2165        0.25323784006595196
2166        0.2506718878812858
2167        0.22675185490519348
2168        0.2380111294311622
2169        0.19310799670239043
2170        0.05915910964550694
2171        0.2173413025556469
2172        0.17814921681780682
2173        0.02633553173948896
2174        0.10425185490519347
2175        0.1160593569661991
2176        0.03101195383347087
2177        0.007576257213520168
2178        0.3097444352844186
2179        0.18056677658697415
2180        0.2187654575432809
2181        0.2085140148392413
2182        0.24428895300906828
2183        0.25144476504534197
2184        0.3025927452596867
2185        0.20141384995877956
2186        0.14141178895300885
2187        0.04997526793075003
2188        0.12022671063478954
2189        0.11854905193734515
2190        0.11610882110469883
2191        0.2575020610057705
2192        0.13052967848309938
2193        0.12583676834295093
2194        0.11378606760098893
2195        0.07604492992580361
2196        0.2638520197856552
2197        0.424824814509481
2198        0.2196887881286065
2199        0.3443940643033798
2200        0.3209047815333879
2201        0.4068342951360263
2202        0.205513190436933
2203        0.23428483099752648
2204        0.2373825226710632
2205        0.2193981863149213
2206        0.22933223413025522
2207        0.24410552349546552
2208        0.3589983511953831
2209        0.22887675185490483
2210        0.38202596867271205
2211        0.1518075020610055
2212        0.2082625721352016
2213        0.18691055234954645
2214        0.27247938994229165
2215        0.43643033800494613
2216        0.2946434460016486
2217        0.203293487221764
2218        0.22974855729596022
2219        0.20577906018136807
2220        0.2274690849134374
2221        0.4153895300906839
2222        0.35182192910140136
2223        0.0386088211046992
2224        0.10633140972794702
2225        0.136745671887881
2226        0.36113561417971934
2227        0.19416323165704832
2228        0.14209398186314892
2229        0.021832234130255684
2230        0.3090931574608407
2231        0.26162201154163206
2232        0.3775845012366033
2233        0.36511129431162415
2234        0.3711953833470733
2235        0.37898186314921667
2236        0.3621867271228357
2237        0.3854616652926628
2238        0.09282563891178866
2239        0.2841178895300903
2240        0.3919455894476503
2241        0.3351937345424566
2242        0.31255152514427015
2243        0.33071104699093146
2244        0.3220733718054409
2245        0.34271228359439376
2246        0.3237139323990107
2247        0.07838211046990903
2248        0.12971558120362706
2249        0.07836974443528427
2250        0.06899629018961237
2251        0.05746290189612525
2252        0.27762984336356117
2253        0.15878606760098904
2254        0.08259892827699904
2255        0.2783759274525966
2256        0.2641178895300905
2257        0.33422300082440204
2258        0.32314715581203607
2259        0.29989076669414655
2260        0.2658779884583675
2261        0.33911788953009064
2262        0.3846496290189614
2263        0.11790395713107969
2264        0.12561211871393205
2265        0.32814097279472365
2266        0.2518054410552347
2267        0.12032357790601778
2268        0.03589035449299265
2269        0.14920445177246464
2270        0.005515251442704022
2271        0.0008140972794723804
2272        0.0032151690024731926
2273        0.012594806265457543
2274        0.003182192910140139
2275        0.005570898598516064
2276        0.1660696619950533
2277        0.19374484748557264
2278        0.04992786479802147
2279        0.0004575432811211851
2280        0.37573165704863953
2281        0.00045548227535036886
2282        0.04519785655399841
2283        0.16818837592745237
2284        0.19875309150865597
2285        0.2015828524319865
2286        0.10647155812036234
2287        0.061382934872217534
2288        0.12078730420445151
2289        0.13466817807089826
2290        0.0262015663643859
2291        0.11819661995053567
2292        0.049624896949711284
2293        0.061572547403132644
2294        0.0004637262984336334
2295        0.3285119538334705
2296        0.4524464138499588
2297        0.461622011541632
2298        0.07110676009892812
2299        0.22132522671063437
2300        0.4156904369332232
2301        0.33343157460840855
2302        0.3280873866446823
2303        0.04984542456718879
2304        0.0850721352019783
2305        0.06849546578730392
2306        0.10901690024732041
2307        0.2079348722176418
2308        0.2491838417147566
2309        0.3584913437757626
2310        0.3045754328112118
2311        0.33340684253915903
2312        0.06706924979389942
2313        0.08152102225886215
2314        0.05587180544105522
2315        0.07643033800494625
2316        0.06692085737840058
2317        0.3156801319043691
2318        0.045438994229183925
2319        0.38161995053586134
2320        0.200445177246496
2321        0.01943322341302556
2322        0.026403544929925846
2323        0.16055853256389085
2324        0.09919208573783968
2325        0.05272464962901892
2326        0.04335943940643036
2327        0.040492580379225124
2328        0.059767106347897725
2329        0.0807460840890352
2330        0.08769373454245656
2331        0.14017518549051902
2332        0.311543693322341
2333        0.18474649629018935
2334        0.1842126957955479
2335        0.22854492992580347
2336        0.10420032976092296
2337        0.05945177246496281
2338        0.06165292662819442
2339        0.08078936521022245
2340        0.07138087386644672
2341        0.09716611706512744
2342        0.13734542456718843
2343        0.14501442704039544
2344        0.27430544105523463
2345        0.2712366034624894
2346        0.33963520197856545
2347        0.07879018961253077
2348        0.19387469084913406
2349        0.2991075845012363
2350        0.0616261335531739
2351        0.03858615004122021
2352        0.11624278647980185
2353        0.13224855729596013
2354        0.1679348722176419
2355        0.05913437757625699
2356        0.3116467436108819
2357        0.4296001648804614
2358        0.42949093157460827
2359        0.40856966199505357
2360        0.4071784830997525
2361        0.2809068425391589
2362        0.3258511953833469
2363        0.27240931574608374
2364        0.28818631492168156
2365        0.07347073371805424
2366        0.39675391591096426
2367        0.02637262984336362
2368        0.03798845836768354
2369        0.3340539983511951
2370        0.15891384995877955
2371        0.17004946413849936
2372        0.18267518549051912
2373        0.3926566364385821
2374        0.2862283594394062
2375        0.18387675185490482
2376        0.2007192910140146
2377        0.20998145094806234
2378        0.24813891178895262
2379        0.23359027205276134
2380        0.14211253091508624
2381        0.37066982687551525
2382        0.14391797197032116
2383        0.27607378400659505
2384        0.08053173948887021
2385        0.1890807914262156
2386        0.16870774938169808
2387        0.03406430338004954
2388        0.05974031327287713
2389        0.03833882934872229
2390        0.03347485572959607
2391        0.0856863149216815
2392        0.09175185490519353
2393        0.2934274525968671
2394        0.2627514427040395
2395        0.045189612530915066
2396        0.0710779060181366
2397        0.07870981038746898
2398        0.06856347897774097
2399        0.052234130255564615
2400        0.11403338829348683
2401        0.06403132728771617
2402        0.08061005770816142
2403        0.259828936521022
2404        0.10435490519373435
2405        0.10841302555647124
2406        0.2786562242374275
2407        0.2880193734542454
2408        0.276084089035449
2409        0.3631389117889528
2410        0.2815663643858201
2411        0.3323351195383345
2412        0.31963726298433615
2413        0.3005544105523494
2414        0.09000824402308315
2415        0.0733305853256387
2416        0.08103462489694961
2417        0.3094517724649626
2418        0.313068837592745
2419        0.288002885408079
2420        0.31156842539159096
2421        0.334078730420445
2422        0.44322135201978574
2423        0.3963953009068424
2424        0.057184666117064825
2425        0.09483924154987605
2426        0.05516694146743584
