1        0.692794117647
2        0.722205882353
3        0.707941176471
4        0.645
5        0.461911764706
6        0.520588235294
7        0.512058823529
8        0.618676470588
9        0.648235294118
10        0.488676470588
11        0.500882352941
12        0.288529411765
13        0.438382352941
14        0.636176470588
15        0.455735294118
16        0.497794117647
17        0.338823529412
18        0.435588235294
19        0.473382352941
20        0.596176470588
21        0.487058823529
22        0.408382352941
23        0.481911764706
24        0.627794117647
25        0.499264705882
26        0.503970588235
27        0.467352941176
28        0.577941176471
29        0.519117647059
30        0.603823529412
31        0.612352941176
32        0.635588235294
33        0.700882352941
34        0.711911764706
