1        0.348088235294
2        0.308235294118
3        0.337205882353
4        0.284705882353
5        0.186470588235
6        0.169117647059
7        0.171617647059
8        0.271176470588
9        0.259852941176
10        0.157352941176
11        0.185441176471
12        0.0992647058824
13        0.161470588235
14        0.292794117647
15        0.169558823529
16        0.182205882353
17        0.102058823529
18        0.160441176471
19        0.17
20        0.188529411765
21        0.194264705882
22        0.146617647059
23        0.173970588235
24        0.239264705882
25        0.166470588235
26        0.156764705882
27        0.137352941176
28        0.208088235294
29        0.178676470588
30        0.209558823529
31        0.220441176471
32        0.265441176471
33        0.309558823529
34        0.353823529412
