1        0.467058823529
2        0.452058823529
3        0.466323529412
4        0.379705882353
5        0.271764705882
6        0.239852941176
7        0.246323529412
8        0.380147058824
9        0.430147058824
10        0.2725
11        0.2225
12        0.145
13        0.233529411765
14        0.408529411765
15        0.235882352941
16        0.268970588235
17        0.161617647059
18        0.239411764706
19        0.249117647059
20        0.349411764706
21        0.237941176471
22        0.256617647059
23        0.245441176471
24        0.355294117647
25        0.2825
26        0.273676470588
27        0.240147058824
28        0.327794117647
29        0.315294117647
30        0.299411764706
31        0.360294117647
32        0.415294117647
33        0.458529411765
34        0.467205882353
