1        0.418088235294
2        0.3625
3        0.398088235294
4        0.347205882353
5        0.198235294118
6        0.216176470588
7        0.225294117647
8        0.313088235294
9        0.339117647059
10        0.223970588235
11        0.213676470588
12        0.129117647059
13        0.202352941176
14        0.333823529412
15        0.236764705882
16        0.222058823529
17        0.123088235294
18        0.216764705882
19        0.213676470588
20        0.303529411765
21        0.230882352941
22        0.241470588235
23        0.178970588235
24        0.299411764706
25        0.222352941176
26        0.212352941176
27        0.179558823529
28        0.271323529412
29        0.282794117647
30        0.288970588235
31        0.312352941176
32        0.344264705882
33        0.416176470588
34        0.436470588235
