1        0.0419117647059
2        0.0364705882353
3        0.0408823529412
4        0.0361764705882
5        0.0327941176471
6        0.0332352941176
7        0.0333823529412
8        0.0329411764706
9        0.0355882352941
10        0.0314705882353
11        0.0330882352941
12        0.0302941176471
13        0.0319117647059
14        0.0367647058824
15        0.0319117647059
16        0.0325
17        0.0310294117647
18        0.0307352941176
19        0.0319117647059
20        0.0355882352941
21        0.0330882352941
22        0.0326470588235
23        0.0313235294118
24        0.0342647058824
25        0.0326470588235
26        0.0323529411765
27        0.0317647058824
28        0.0347058823529
29        0.0320588235294
30        0.0336764705882
31        0.0333823529412
32        0.0361764705882
33        0.0401470588235
34        0.0466176470588
