1        0.0835294117647
2        0.0697058823529
3        0.0760294117647
4        0.0623529411765
5        0.0475
6        0.0441176470588
7        0.0458823529412
8        0.0523529411765
9        0.0655882352941
10        0.0420588235294
11        0.0454411764706
12        0.0352941176471
13        0.0422058823529
14        0.0630882352941
15        0.0410294117647
16        0.0448529411765
17        0.0363235294118
18        0.0395588235294
19        0.0430882352941
20        0.0542647058824
21        0.0413235294118
22        0.0430882352941
23        0.0447058823529
24        0.0552941176471
25        0.0451470588235
26        0.0454411764706
27        0.0426470588235
28        0.0582352941176
29        0.0461764705882
30        0.0536764705882
31        0.05
32        0.0595588235294
33        0.0769117647059
34        0.0942647058824
