1        0.155147058824
2        0.113382352941
3        0.135882352941
4        0.0960294117647
5        0.0713235294118
6        0.0704411764706
7        0.0672058823529
8        0.0888235294118
9        0.0857352941176
10        0.0542647058824
11        0.0777941176471
12        0.0557352941176
13        0.0652941176471
14        0.0992647058824
15        0.0627941176471
16        0.0685294117647
17        0.0505882352941
18        0.0644117647059
19        0.0607352941176
20        0.0789705882353
21        0.0627941176471
22        0.0651470588235
23        0.0669117647059
24        0.0888235294118
25        0.0613235294118
26        0.0576470588235
27        0.0613235294118
28        0.0735294117647
29        0.0823529411765
30        0.0797058823529
31        0.0951470588235
32        0.106176470588
33        0.136176470588
34        0.152205882353
