1        0.810147058824
2        0.803676470588
3        0.807941176471
4        0.781470588235
5        0.605147058824
6        0.630588235294
7        0.631617647059
8        0.749852941176
9        0.790882352941
10        0.582352941176
11        0.637794117647
12        0.420294117647
13        0.5325
14        0.766470588235
15        0.57
16        0.619852941176
17        0.524705882353
18        0.597352941176
19        0.605735294118
20        0.753088235294
21        0.584558823529
22        0.616911764706
23        0.618676470588
24        0.767058823529
25        0.657058823529
26        0.642352941176
27        0.535294117647
28        0.753382352941
29        0.667794117647
30        0.723382352941
31        0.716764705882
32        0.762647058824
33        0.799117647059
34        0.797058823529
