1        0.001460630682917398
2        0.00232733604178758
3        0.0013522925130586227
4        0.0013755078351712178
5        0.001174308376862064
6        0.002062294447668796
7        0.0026562197717159954
8        0.000959566647320565
9        0.0013019926484813332
10        0.0013406848520023252
11        0.0020622944476687962
12        0.0009595666473205651
13        0.0010059972915457537
14        0.0013967885471077588
15        0.0012188044109112063
16        0.0034803637067130876
17        0.004010446894950659
18        0.0025556200425614194
19        0.0010311472238343964
20        0.0011549622751015716
21        0.0019520216676339756
22        0.0015767072934803686
23        0.001685045463339143
24        0.0018243373960147072
25        0.001408396208164061
26        0.0008434900367575904
27        0.001013735732249951
28        0.0014238730895724534
29        0.0012091313600309573
30        0.0010001934610176055
31        0.0009208744437995728
32        0.0014819113948539382
33        0.0008299477655252435
34        0.0013097310891855307
35        0.0010679048171793404
36        0.0014161346488682554
37        0.002979299671116261
38        0.0015650996324240727
39        0.0013310118011220762
40        0.002182240278583865
41        0.0015941187850648153
42        0.0009015283420390776
43        0.0013310118011220756
44        0.001396788547107763
45        0.0012226736312633045
46        0.001091120139291932
47        0.001715999226155932
48        0.0012865157670729364
49        0.0018301412265428552
50        0.0011278777326368752
51        0.0024124588895337537
52        0.0016889146836912413
53        0.0015573611917198721
54        0.001209131360030955
55        0.0014664345134455452
56        0.0013813116656993662
57        0.003124395434319977
58        0.0011220739021087268
59        0.001899787192880638
60        0.001627007158057657
61        0.0025014509576320324
62        0.0024530857032307968
63        0.002880634552137739
64        0.002362159024956469
65        0.0012961888179531865
66        0.0027510156703424225
67        0.001555426581543825
68        0.002545946991681173
69        0.0009827819694331595
70        0.001243954343199846
71        0.0017604952602050723
72        0.0010988585799961302
73        0.0014780421745018409
74        0.001940414006577675
75        0.0021977171599922617
76        0.001770168311085321
77        0.001996517701683114
78        0.0012845811568968882
79        0.0020932482104855875
80        0.002110659702070034
81        0.002261559295801895
82        0.0017991874637260645
83        0.0015147997678467836
84        0.0013329464112981284
85        0.000911201392919325
86        0.0015612304120719706
87        0.0014412845811569007
88        0.0009092667827432751
89        0.0010814470884116844
90        0.0014200038692203545
91        0.0017276068872122278
92        0.002236409363513252
93        0.0010330818340104468
94        0.0028535500096730435
95        0.0014780421745018437
96        0.0010543625459469921
97        0.0016173341071774058
98        0.002818727026504149
99        0.0032172567227703535
100        0.001226542851615401
101        0.0015244728187270326
102        0.0034107177403753064
103        0.002395047397949311
104        0.001791449023021869
105        0.0016308763784097548
106        0.0015186689881988807
107        0.001197523698974659
108        0.001226542851615402
109        0.0009382859353840191
110        0.0009615012574966138
111        0.001038885664538596
112        0.0015960533952408594
113        0.002019733023795707
114        0.0014761075643257955
115        0.002213194041400657
116        0.0022189978719288047
117        0.003263687366995543
118        0.0034436061133681526
119        0.004465080286322295
120        0.0033720255368543135
121        0.0032675565873476436
122        0.0018204681756626084
123        0.0034165215709034656
124        0.0015999226155929672
125        0.0016908492938672907
126        0.0034474753337202526
127        0.0024124588895337606
128        0.00140259237763591
129        0.0009344167150319207
130        0.0011104662410524292
131        0.0023582898046043705
132        0.0025827045850261147
133        0.0014528922422132004
134        0.0010137357322499525
135        0.0016386148191139534
136        0.0016715031921067968
137        0.0017256722770361843
138        0.001559295801895924
139        0.001878506480944094
140        0.0016618301412265498
141        0.0017662990907332218
142        0.0017043915650996366
143        0.0018011220739021123
144        0.002716192687173531
145        0.0020777713290771895
146        0.0028883729928419364
147        0.0010988585799961328
148        0.0015128651576707364
149        0.001253627394080095
150        0.001859160379183596
151        0.0010833816985877374
152        0.0016927839040433393
153        0.0013639001741149218
154        0.000982781969433159
155        0.002472431804991289
156        0.0033797639775585164
157        0.002642677500483652
158        0.002534339330624879
159        0.0028767653317856422
160        0.002377635906364868
161        0.0018997871928806398
162        0.0023118591603791833
163        0.0022441478042174484
164        0.002039079125556204
165        0.0016715031921067992
166        0.0017933836331979177
167        0.0014761075643257957
168        0.0009789127490810606
169        0.0012652350551363896
170        0.0008860514606306813
171        0.0015612304120719697
172        0.0013484232927065236
173        0.0025981814664345136
174        0.00501644418649642
175        0.001228477461791452
176        0.0015264074289030813
177        0.0029193267556587295
178        0.0024917779067517845
179        0.001350357902882574
180        0.0018978525827045886
181        0.001607661056297164
182        0.001754691429676924
183        0.0012342812923196004
184        0.0018862449216482903
185        0.002073902108725092
186        0.002677500483652541
187        0.0009363513252079708
188        0.001209131360030955
189        0.0026001160766105634
190        0.0014490230218611006
191        0.0023428129231959777
192        0.0012497581737279976
193        0.0016463532598181543
194        0.001247823563551947
195        0.003099245502031334
196        0.0014412845811569033
197        0.0016328109885858082
198        0.001199458309150709
199        0.0015109305474946837
200        0.000961501257496613
201        0.001570903462952218
202        0.0013155349197136806
203        0.0012516927839040463
204        0.002275101567034246
205        0.0014393499709808506
206        0.0020003869220352106
207        0.0011936544786225588
208        0.0011336815631650266
209        0.0027355387889340214
210        0.0013619655639388701
211        0.0010659702070032917
212        0.0019384793964016282
213        0.0015283420390791319
214        0.0014354807506287532
215        0.002371832075836718
216        0.0021841748887599165
217        0.0012168698007351552
218        0.0008609015283420366
219        0.0010891855291158823
220        0.0011955890887986075
221        0.0025111240085122833
222        0.0014354807506287528
223        0.0019674985490423687
224        0.0008550976978138881
225        0.0010524279357709422
226        0.0011065970207003297
227        0.0011007931901721817
228        0.001510930547494684
229        0.0018668988198877953
230        0.0009208744437995728
231        0.0013948539369317103
232        0.0010775778680595866
233        0.0009208744437995728
234        0.0013716386148191163
235        0.0026871735345327876
236        0.00311085316308763
237        0.0011627007158057667
238        0.0028593538402012014
239        0.0014200038692203554
240        0.0011414200038692215
241        0.003277229638227891
242        0.0020545560069645964
243        0.0018456181079512502
244        0.0013077964790094835
245        0.0013348810214741773
246        0.0010543625459469937
247        0.0010988585799961315
248        0.0010891855291158853
249        0.002104855871541885
250        0.0012671696653124439
251        0.0011781775972141645
252        0.001346488682530472
253        0.0013522925130586218
254        0.0022364093635132533
255        0.0018959179725285375
256        0.0011240085122847766
257        0.0013097310891855341
258        0.0022692977365060974
259        0.0019094602437608832
260        0.0018282066163668054
261        0.001588314954536668
262        0.0013755078351712173
263        0.0013929193267556632
264        0.0009982588508415551
265        0.0018804410911201414
266        0.0008550976978138881
267        0.0013252079705939265
268        0.0010621009866511896
269        0.0019520216676339748
270        0.001129812342812924
271        0.0018088605146063105
272        0.0011452892242213204
273        0.0011104662410524313
274        0.001433546140452704
275        0.001427742309924557
276        0.0010156703424260003
277        0.0015863803443606158
278        0.0031650222480170227
279        0.0015031921067904885
280        0.001654091700522353
281        0.001895917972528538
282        0.001627007158057657
283        0.0011491584445734227
284        0.0010214741729541509
285        0.0018282066163668046
286        0.0022538208550976963
287        0.0010795124782356357
288        0.0012923195976010868
289        0.0011859160379183624
290        0.0011839814277423127
291        0.0010504933255948941
292        0.0011646353259818173
293        0.001203327529502807
294        0.002002321532211262
295        0.0016250725478816068
296        0.0015515573611917261
297        0.001129812342812924
298        0.0015709034629522178
299        0.0016753724124588972
300        0.0008860514606306807
301        0.0010621009866511896
302        0.0012168698007351524
303        0.0014683691236215936
304        0.001634745598761857
305        0.001532211259431233
306        0.001580576513832471
307        0.001982975430450766
308        0.0014838460050299914
309        0.000988585799961308
310        0.0017972528535500102
311        0.0022189978719288073
312        0.0024975817372799346
313        0.0021686980073515215
314        0.0020294060746759547
315        0.0017682337009092709
316        0.0011859160379183629
317        0.0012613658347842944
318        0.0014799767846778943
319        0.0015147997678467851
320        0.0010427548848906943
321        0.0010195395627781011
322        0.001694718514219387
323        0.0013735732249951687
324        0.00128264654672084
325        0.0012110659702070062
326        0.0010098665118978532
327        0.0019133294641129857
328        0.0015902495647127175
329        0.0012594312246082455
330        0.0011685045463339164
331        0.001158831495453669
332        0.0018107951247823598
333        0.0020177984136196606
334        0.0015322112594312288
335        0.0017972528535500154
336        0.001843683497775203
337        0.0020526213967885466
338        0.0019384793964016282
339        0.0019616947185142207
340        0.002031340684852001
341        0.001485780615206041
342        0.0015496227510156757
343        0.0027529502805184775
344        0.0035132520797059264
345        0.0034997098084735842
346        0.0034358676726639497
347        0.0016212033275295075
348        0.0036834977751982944
349        0.0019752369897465677
350        0.0011143354614045285
351        0.0028245308570322997
352        0.0010253433933062506
353        0.00138518088605146
354        0.0014296769201006037
355        0.0016889146836912455
356        0.001760495260205072
357        0.0016792416328109956
358        0.0016386148191139553
359        0.002994776552524661
360        0.003323660282453081
361        0.0020158638034436095
362        0.002079705939253242
363        0.001526407428903084
364        0.0020216676339717575
365        0.0010679048171793393
366        0.0019907138711549653
367        0.0010021280711936548
368        0.0010504933255948922
369        0.0013755078351712132
370        0.001977171599922618
371        0.0013677693944670187
372        0.0013290771909460271
373        0.0012265428516154032
374        0.0014045269878119613
375        0.0018514219384794014
376        0.0022267363126330037
377        0.002191913329464111
378        0.0018939833623524902
379        0.0014277423099245566
380        0.0019307409556974283
381        0.001986844650802863
382        0.0019655639388663185
383        0.0019713677693944725
384        0.0018146643451344587
385        0.0015128651576707343
386        0.0022344747533372075
387        0.0023873089572451155
388        0.0025749661443219152
389        0.001534145869607278
390        0.002073902108725094
391        0.0019984523118591587
392        0.0017276068872122308
393        0.001058231766299092
394        0.0018011220739021117
395        0.0011801122073902116
396        0.0017585606500290204
397        0.002176436448055718
398        0.0019578254981621234
399        0.003735732249951628
400        0.0016018572257690124
401        0.00352485974076223
402        0.003379763977558513
403        0.0015225382085509813
404        0.0014528922422131984
405        0.0011685045463339164
406        0.0009150706132714245
407        0.0017662990907332172
408        0.001394853936931714
409        0.0011317469529889734
410        0.0012942542077771376
411        0.0020835751596053396
412        0.0011336815631650232
413        0.0018398142774231016
414        0.0015883149545366675
415        0.0015979880054169142
416        0.004145869607274123
417        0.002658154381892047
418        0.0011994583091507096
419        0.0018475527181273004
420        0.0011994583091507094
421        0.0018688334300638457
422        0.0017895144128458184
423        0.0010021280711936548
424        0.002159024956471269
425        0.0014490230218610978
426        0.001828206616366808
427        0.0015979880054169135
428        0.0011839814277423129
429        0.0018707680402398922
430        0.0013271425807699798
431        0.0012729734958405908
432        0.0015089959373186346
433        0.00145095763203715
434        0.0032907719094602463
435        0.0019055910234087859
436        0.0012130005803830553
437        0.0014606306829173985
438        0.0031669568581930755
439        0.002530470110272774
440        0.0023041207196749856
441        0.002315728380731281
442        0.0018030566840781615
443        0.0013871154962275152
444        0.0013019926484813366
445        0.0013213387502418314
446        0.0012168698007351546
447        0.0015070613271425855
448        0.0011743083768620654
449        0.002267363126330047
450        0.0018668988198877945
451        0.00204101373573225
452        0.0019694331592184176
453        0.0020739021087250943
454        0.0014509576320371478
455        0.0012555620042561458
456        0.0011607661056297171
457        0.0012903849874250372
458        0.002145482685238928
459        0.0010543625459469932
460        0.0019036564132327346
461        0.0036312633004449593
462        0.0031979106210098663
463        0.001994583091507063
464        0.002472431804991295
465        0.004550203134068481
466        0.0032346682143548112
467        0.001657960920874447
468        0.0020816405494292925
469        0.0032133875024182635
470        0.002636873669955503
471        0.002056490617140647
472        0.0024066550590056096
473        0.004275488489069446
474        0.0025498162120332784
475        0.003648674792029404
476        0.003768620622944477
477        0.0026078545173147624
478        0.00318823757012962
479        0.0017392145482685243
480        0.004834590829947756
481        0.002236409363513253
482        0.0024685625846391965
483        0.003551944283226931
484        0.00200038692203521
485        0.003933062487908681
486        0.0016076610562971573
487        0.0024782356355194466
488        0.004745598761849474
489        0.004143934997098084
490        0.0020874443799574396
491        0.002151286515767074
492        0.0033159218417488892
493        0.004103308183401039
494        0.00171986844650803
495        0.002898046043722189
496        0.0035577481137550786
497        0.0032075836718901143
498        0.0038305281485780597
499        0.0016579609208744448
500        0.0035906364867479158
501        0.005370477848713472
502        0.0028670922809053982
503        0.0020294060746759547
504        0.002095182820661638
505        0.002116463532598178
506        0.0018572257690075463
507        0.002151286515767076
508        0.0023002514993228874
509        0.0023408783130199266
510        0.0034610176049525996
511        0.00171599922615593
512        0.003443606113368151
513        0.002985103501644416
514        0.004619849100406268
515        0.002702650415941188
516        0.0020564906171406474
517        0.00237376668601277
518        0.002406655059005611
519        0.002077771329077192
520        0.0032559489262913546
521        0.003031534145869607
522        0.003151479976784679
523        0.002066163668020897
524        0.0019191332946411322
525        0.0025807699748500684
526        0.00216676339717547
527        0.0033294641129812353
528        0.005233120526213956
529        0.005931514799767846
530        0.00627587541110465
531        0.0021899787192880622
532        0.002019733023795705
533        0.0019481524472818737
534        0.0021667633971754713
535        0.0019810408202747165
536        0.002118398142774232
537        0.002135809634358677
538        0.0033468756045656792
539        0.0041806925904430215
540        0.002404720448829565
541        0.0026716966531243978
542        0.0027877732636873687
543        0.001872702650415941
544        0.0030915070613271446
545        0.0026775004836525453
546        0.002445347262526601
547        0.004082027471464495
548        0.0024511510930547496
549        0.002350551363900175
550        0.002843876958792807
551        0.0037628167924163266
552        0.003600309537628167
553        0.002534339330624882
554        0.0048461984910040615
555        0.002513058618688338
556        0.0029289998065389826
557        0.004004643064422518
558        0.0037531437415360795
559        0.0032810988585799928
560        0.002702650415941187
561        0.00273166956858193
562        0.002162894176823371
563        0.0024956471271038875
564        0.003300444960340491
565        0.0015206035983749292
566        0.0027394080092861288
567        0.001599922615592959
568        0.001412265428516156
569        0.0019481524472818761
570        0.0035558135035790284
571        0.001975236989746568
572        0.0015612304120719697
573        0.0016270071580576527
574        0.0018049912942542101
575        0.003385567808086667
576        0.003491971367769394
577        0.0073882762623331336
578        0.002704585026117239
579        0.0028883729928419434
580        0.0019230025149932306
581        0.0034494099438962993
582        0.0026349390597794563
583        0.001986844650802864
584        0.002426001160766109
585        0.0026194621783710574
586        0.0026194621783710574
587        0.002398916618301415
588        0.002021667633971756
589        0.0020023215322112625
590        0.002447281872702652
591        0.001837879667247051
592        0.0017566260398529712
593        0.001582511124008515
594        0.002826465467208357
595        0.0020158638034436073
596        0.0023273360417875783
597        0.0029154575353066347
598        0.0020661636680208936
599        0.001986844650802866
600        0.0012168698007351529
601        0.0032153221125943063
602        0.001675372412458893
603        0.00126523505513639
604        0.006020506867866115
605        0.0018901141420003902
606        0.0018765718707680415
607        0.0018049912942542101
608        0.0019113948539369338
609        0.0029173921454826836
610        0.0015070613271425828
611        0.0034610176049525957
612        0.0012130005803830538
613        0.0018224027858386596
614        0.0014954536660862865
615        0.001245888953375896
616        0.005020313406848512
617        0.002994776552524667
618        0.0036564132327335996
619        0.002646546720835752
620        0.0014432191913329481
621        0.003327529502805181
622        0.0013368156316502244
623        0.0018417488875991503
624        0.006061133681563151
625        0.0014200038692203558
626        0.0026407428903076078
627        0.0033720255368543226
628        0.0018088605146063122
629        0.0013716386148191154
630        0.0018340104468949515
631        0.002942542077771329
632        0.0019230025149932321
633        0.001586380344360615
634        0.002284774617914492
635        0.0023776359063648698
636        0.0017121300058038336
637        0.0013561617334107198
638        0.001627007158057656
639        0.002265428516153996
640        0.004666279744631448
641        0.005569742696846576
642        0.0016289417682337033
643        0.002923195976010831
644        0.0018204681756626084
645        0.0019578254981621216
646        0.002751015670342424
647        0.0019578254981621216
648        0.0012942542077771346
649        0.0016811762429870417
650        0.0026987811955890883
651        0.002230605532985104
652        0.0021106597020700345
653        0.0021222673631263317
654        0.0024995163474559883
655        0.0016889146836912376
656        0.0038827626233313927
657        0.00311859160379183
658        0.003675759334494091
659        0.0015089959373186328
660        0.002358289804604372
661        0.0023060553298510362
662        0.002073902108725092
663        0.0021628941768233713
664        0.0021861094989359645
665        0.001973302379570519
666        0.0063223060553298386
667        0.00236215902495647
668        0.0025420777713290764
669        0.002981234281292318
670        0.0020777713290771947
671        0.002075836718901143
672        0.002669762042948344
673        0.003106983942735535
674        0.0023757012961888166
675        0.002333139872315729
676        0.002000386922035212
677        0.002573031534145871
678        0.002222867092280906
679        0.0019520216676339704
680        0.0025014509576320345
681        0.0015670342426001196
682        0.0014238730895724534
683        0.003319791062100978
684        0.0023041207196749865
685        0.0035461404526987775
686        0.002222867092280904
687        0.0021048558715418843
688        0.002070032888372993
689        0.003126330044496031
690        0.0014761075643257918
691        0.002211259431224607
692        0.001998452311859163
693        0.002596246856258466
694        0.0013697040046430683
695        0.0014200038692203539
696        0.002317662990907333
697        0.002557554652737474
698        0.0020855097697813877
699        0.004161346488682523
700        0.0029560843490036757
701        0.003155349197136777
702        0.0033720255368543195
703        0.002466627974463144
704        0.003896304894563741
705        0.003190172180305666
706        0.0017276068872122288
707        0.002323466821435479
708        0.004507641710195387
709        0.0024492164828786986
710        0.0012420197330237958
711        0.0017895144128458134
712        0.0031688914683691187
713        0.002576900754497964
714        0.003909847165796082
715        0.0022131940414006576
716        0.0023950473979493124
717        0.0029928419423486128
718        0.0014509576320371465
719        0.0024821048558715405
720        0.0015921841748887627
721        0.0014335461404527015
722        0.0021416134648868266
723        0.001619268717353456
724        0.0018920487521764415
725        0.0019075256335848345
726        0.0016734378022828418
727        0.0017372799380924767
728        0.0023969820081253617
729        0.002511124008512285
730        0.0031688914683691218
731        0.0021396788547107777
732        0.004881021474172943
733        0.0018262720061907533
734        0.0015167343780228316
735        0.001766299090733221
736        0.001526407428903079
737        0.0014432191913329483
738        0.0013851808860514626
739        0.001905591023408785
740        0.003662217063261748
741        0.006662797446314557
742        0.0028225962468562565
743        0.0029657573998839236
744        0.004097504352872889
745        0.0018301412265428543
746        0.0016463532598181496
747        0.0023099245502031344
748        0.00465854130392725
749        0.00590056103695105
750        0.0016289417682337044
751        0.003420390791255555
752        0.002445347262526602
753        0.0023640936351325232
754        0.0013890501064035617
755        0.0017237376668601313
756        0.002048752176436448
757        0.0014683691236215927
758        0.002189978719288066
759        0.0034397368930160557
760        0.0016347455987618515
761        0.0033372025536854283
762        0.0033236602824530813
763        0.005521377442445338
764        0.002621396788547106
765        0.0021590249564712727
766        0.0023853743470690666
767        0.001170439156509965
768        0.0014799767846778904
769        0.0018301412265428556
770        0.002333139872315731
771        0.003230798994002704
772        0.002756819500870573
773        0.004126523505513632
774        0.0017972528535500124
775        0.0015186689881988812
776        0.0015999226155929609
777        0.0019288063455213803
778        0.0017024569549235877
779        0.0068581930740955616
780        0.002422131940414007
781        0.0029715612304120702
782        0.002300251499322887
783        0.0017933836331979133
784        0.0011994583091507079
785        0.00351518668988198
786        0.0015225382085509807
787        0.005238924356742106
788        0.003430063842135802
789        0.0014161346488682546
790        0.001617334107177408
791        0.0029019152640742825
792        0.002071967498549044
793        0.0027587541110466202
794        0.002131940414006575
795        0.0014741729541497416
796        0.0019152640742890325
797        0.0015554265815438226
798        0.0020913136003095373
799        0.0015438189204875225
800        0.001834010446894953
801        0.001420003869220356
802        0.0013600309537628182
803        0.002760688721222672
804        0.004147804217450175
805        0.004966144321919126
806        0.0022615592958018975
807        0.003996904623718315
808        0.0037125169278390342
809        0.004602437608821812
810        0.0030237957051654045
811        0.0015418843103114743
812        0.002385374347069065
813        0.003470690655832845
814        0.0016656993615786454
815        0.006163668020893779
816        0.0012110659702070036
817        0.0014412845811569014
818        0.0015631650222480205
819        0.0020855097697813916
820        0.002234474753337205
821        0.001853356548655447
822        0.004735925710969228
823        0.0021609595666473203
824        0.002304120719674985
825        0.003917585606500281
826        0.0032965757399883947
827        0.002288643838266591
828        0.002845811568968853
829        0.00218030566840782
830        0.002035209905204104
831        0.0023331398723157285
832        0.001592184174888764
833        0.002532404720448827
834        0.0014509576320371463
835        0.0016966531243954378
836        0.002892242213194038
837        0.001538015089959375
838        0.0014722383439736918
839        0.0022692977365060935
840        0.0016927839040433391
841        0.0017295414973882773
842        0.0015554265815438217
843        0.0015960533952408614
844        0.0016308763784097535
845        0.0014973882762623358
846        0.0016927839040433391
847        0.002737473399110081
848        0.0038518088605145983
849        0.0018862449216482924
850        0.0021861094989359658
851        0.0020487521764364493
852        0.0022286709228090556
853        0.0034107177403753077
854        0.0018939833623524897
855        0.0014761075643257902
856        0.0015244728187270267
857        0.001764364480557172
858        0.0033933062487908616
859        0.0016985877345714869
860        0.0015418843103114754
861        0.0038421358096343548
862        0.0023195976010833815
863        0.00216676339717547
864        0.0024047204488295594
865        0.0012691042754884906
866        0.0011452892242213202
867        0.001156896885277617
868        0.001834010446894954
869        0.002362159024956472
870        0.0025246662797446307
871        0.0014238730895724556
872        0.002762623331398723
873        0.0017972528535500107
874        0.004548268523892424
875        0.0020874443799574404
876        0.0022170632617527605
877        0.0018088605146063105
878        0.002097117430837686
879        0.0026620236022441447
880        0.0032153221125943124
881        0.0013348810214741757
882        0.0026059199071387104
883        0.0016231379377055564
884        0.004730121880441083
885        0.0035635519442832253
886        0.0023969820081253604
887        0.0025130586186883296
888        0.0013097310891855302
889        0.002766492551750818
890        0.0036254594699168087
891        0.002230605532985106
892        0.0015767072934803656
893        0.003495840588121488
894        0.0021454826852389266
895        0.0016734378022828442
896        0.0011975236989746573
897        0.0021532211259431234
898        0.0019791062100986685
899        0.002356355194428319
900        0.0032830334687560412
901        0.0015825111240085161
902        0.001476107564325792
903        0.001739214548268528
904        0.001303927258657383
905        0.002538208550976979
906        0.001307796479009481
907        0.0017063261752756841
908        0.0015496227510156725
909        0.0011433546140452702
910        0.0018804410911201408
911        0.0018165989553105063
912        0.002396982008125364
913        0.0012749081060166394
914        0.005933449409943884
915        0.002108725091893986
916        0.002389243567421165
917        0.0018978525827045866
918        0.0017585606500290225
919        0.0026581543818920456
920        0.0014025923776359093
921        0.0013077964790094816
922        0.0017140646159798838
923        0.00148771522538209
924        0.0022905784484426378
925        0.001323273360417878
926        0.003553878893402977
927        0.001735345327916427
928        0.0012091313600309543
929        0.0022983168891468364
930        0.002600116076610563
931        0.0017024569549235872
932        0.004267750048365242
933        0.003631263300444956
934        0.0017991874637260593
935        0.0016482878699941989
936        0.0022480170245695505
937        0.001578641903656417
938        0.0015244728187270293
939        0.0023157283807312815
940        0.0016115302766492561
941        0.001369704004643065
942        0.0025904430257303146
943        0.003343006384213581
944        0.001706326175275685
945        0.0019133294641129825
946        0.002466627974463146
947        0.0015206035983749313
948        0.0019771715999226183
949        0.002275101567034242
950        0.0021628941768233713
951        0.0023660282453085726
952        0.0022828400077384414
953        0.002211259431224607
954        0.003994970013542262
955        0.0022267363126330067
956        0.0020932482104855875
957        0.006144321919133282
958        0.0026272006190752577
959        0.001911394853936934
960        0.0017469529889727242
961        0.0018301412265428543
962        0.002054556006964599
963        0.0013290771909460267
964        0.001617334107177408
965        0.0036660862836138497
966        0.002097117430837688
967        0.002495647127103887
968        0.0035306635712903816
969        0.0011955890887986075
970        0.0020719674985490446
971        0.0028284000773844066
972        0.0033894370284387678
973        0.003319791062100984
974        0.00239891661830141
975        0.0032578835364673996
976        0.0014161346488682552
977        0.0025556200425614203
978        0.0023021861094989398
979        0.003929193267556582
980        0.002743277229638226
981        0.0016560263106983981
982        0.005360804797833223
983        0.005614238730895714
984        0.002176436448055719
985        0.0059199071387115425
986        0.001468369123621593
987        0.0012729734958405892
988        0.0020332752950280556
989        0.0023815051267169684
990        0.0011568968852776165
991        0.0012613658347842929
992        0.001576707293480368
993        0.004418649642097111
994        0.003789901334881013
995        0.005385954730121871
996        0.0013387502418262737
997        0.001640549429290001
998        0.0038730895724511443
999        0.001832075836718905
1000        0.002383439736893017
1001        0.004985490423679615
1002        0.002027471464499907
1003        0.004844263880828004
1004        0.0016598955310504959
1005        0.0019075256335848352
1006        0.004927452118398135
1007        0.0017856451924937147
1008        0.002766492551750822
1009        0.0022073902108725113
1010        0.0028264654672083595
1011        0.004157477268330427
1012        0.0021048558715418856
1013        0.002950280518475528
1014        0.0021125943122460833
1015        0.0023428129231959725
1016        0.0018920487521764374
1017        0.0015902495647127134
1018        0.004412845811568958
1019        0.0018843103114722422
1020        0.002327336041787579
1021        0.0019191332946411313
1022        0.001770168311085318
1023        0.0022441478042174493
1024        0.0014238730895724547
1025        0.0016734378022828418
1026        0.0018107951247823576
1027        0.0019384793964016267
1028        0.0024279357709421543
1029        0.0027510156703424247
1030        0.0021377442445347293
1031        0.0019674985490423717
1032        0.0012845811568968865
1033        0.002137744244534727
1034        0.002426001160766106
1035        0.0020313406848520015
1036        0.002215128651576707
1037        0.0025536854323853723
1038        0.0025517508222093247
1039        0.0015554265815438228
1040        0.0021261365834784277
1041        0.0017643644805571711
1042        0.00472818727026503
1043        0.0027316695685819267
1044        0.001946217837105825
1045        0.0038421358096343504
1046        0.0012091313600309551
1047        0.001563165022248019
1048        0.0014412845811568975
1049        0.00208164054942929
1050        0.0031688914683691244
1051        0.001530276649255178
1052        0.00260785451731476
1053        0.0030257303153414543
1054        0.0024879086863996893
1055        0.0017043915650996355
1056        0.0023370090926678262
1057        0.00277810021280712
1058        0.005943122460824127
1059        0.0027664925517508197
1060        0.0015070613271425818
1061        0.0019674985490423704
1062        0.002035209905204103
1063        0.0014490230218610972
1064        0.0016405494292900003
1065        0.001886244921648291
1066        0.002131940414006577
1067        0.003544205842522725
1068        0.004569549235828975
1069        0.0029851035016444146
1070        0.003542271232346679
1071        0.0025343393306248778
1072        0.0017837105823176635
1073        0.0026368736699555035
1074        0.002944476687947374
1075        0.0023931127877732648
1076        0.0036196556393886564
1077        0.0025246662797446307
1078        0.00422712323466821
1079        0.0029367382472431807
1080        0.002350551363900175
1081        0.0052776165602631
1082        0.0060824143934996985
1083        0.006030179918746364
1084        0.0029928419423486193
1085        0.006386148191139476
1086        0.003426194621783709
1087        0.003658347842909655
1088        0.0026020506867866105
1089        0.0026407428903076013
1090        0.003811182046817565
1091        0.009386728574192297
1092        0.0026697620429483463
1093        0.005531050493325593
1094        0.0036331979106210086
1095        0.0036970400464306427
1096        0.00402785838653511
1097        0.002164828786999422
1098        0.0066492551750822115
1099        0.0025923776359063643
1100        0.004478622557554654
1101        0.0031669568581930703
1102        0.0036873669955503935
1103        0.0026097891274908134
1104        0.003996904623718314
1105        0.0022925130586186893
1106        0.0035635519442832253
1107        0.002244147804217451
1108        0.004693364287096146
1109        0.005333720255368536
1110        0.0025169278390404343
1111        0.003786032114528922
1112        0.0028322692977365066
1113        0.0027529502805184775
1114        0.002325401431611533
1115        0.003443606113368153
1116        0.0035287289611143358
1117        0.0032946411298123432
1118        0.002663958212420196
1119        0.003669955503965949
1120        0.0041187850648094345
1121        0.0029676920100599725
1122        0.003532598181466433
1123        0.004795898626426772
1124        0.005107370864770749
1125        0.002218997871928806
1126        0.0030857032307989953
1127        0.005459469916811752
1128        0.006908492938672851
1129        0.004793964016250719
1130        0.0025749661443219187
1131        0.00233120526213968
1132        0.004325788353646734
1133        0.004484426388082797
1134        0.002460824143935
1135        0.001965563938866317
1136        0.0036641516734377995
1137        0.0032133875024182618
1138        0.00289417682337009
1139        0.004385761269104274
1140        0.0032772296382278976
1141        0.006691816598955299
1142        0.004554072354420585
1143        0.003710582317662987
1144        0.0022093248210485602
1145        0.0026639582124201983
1146        0.0033430063842135828
1147        0.0027007158057651397
1148        0.0022867092280905396
1149        0.003292706519636296
1150        0.0039311278777326335
1151        0.003606113368156317
1152        0.003807312826465465
1153        0.0033217256722770385
1154        0.006989746566066931
1155        0.0023892435674211644
1156        0.003919520216676335
1157        0.003964016250725473
1158        0.0035325981814664353
1159        0.00208937899013349
1160        0.005691623137937705
1161        0.0022905784484426412
1162        0.0034803637067130975
1163        0.0034726252660089
1164        0.004519249371251687
1165        0.0034687560456568
1166        0.00443606113368156
1167        0.0057632037144515254
1168        0.0027819694331592195
1169        0.003433933062487909
1170        0.004271619268717344
1171        0.0055000967305088
1172        0.007500483652544007
1173        0.003377829367382473
1174        0.002354420584252277
1175        0.005031921067904808
1176        0.0033700909266782706
1177        0.0015147997678467814
1178        0.0035538788934029804
1179        0.005743857612691029
1180        0.003691236215902491
1181        0.001934610176049526
1182        0.0038150512671696647
1183        0.0034571483846005027
1184        0.0023331398723157306
1185        0.00695492358289804
1186        0.00411878506480944
1187        0.0023795705165409174
1188        0.002217063261752759
1189        0.0059373186302959895
1190        0.00530857032307989
1191        0.00342426001160766
1192        0.004037531437415357
1193        0.0027413426194621802
1194        0.003654478622557551
1195        0.0018359450570710023
1196        0.002253820855097699
1197        0.002663958212420198
1198        0.0021957825498162132
1199        0.002627200619075258
1200        0.0022789707873863436
1201        0.0033894370284387673
1202        0.003482298316889145
1203        0.002936738247243176
1204        0.0029386728574192283
1205        0.002582704585026116
1206        0.0033623524859740747
1207        0.0022228670922809033
1208        0.002725865738053781
1209        0.0033197910621009857
1210        0.002066163668020894
1211        0.0027103888566453863
1212        0.004051073708647701
1213        0.0026349390597794555
1214        0.002793577094215515
1215        0.0032501450957631993
1216        0.002958018959179724
1217        0.0025556200425614272
1218        0.005368543238537426
1219        0.003346875604565678
1220        0.00494099438963048
1221        0.005298897272199644
1222        0.00388663184368349
1223        0.003006384213580965
1224        0.0017856451924937137
1225        0.0020371445153801525
1226        0.002348616753724126
1227        0.0019055910234087833
1228        0.0028496807893209518
1229        0.005227316695685813
1230        0.0027684271619268703
1231        0.0023118591603791833
1232        0.0035828980460437193
1233        0.0030199264848133063
1234        0.003994970013542264
1235        0.0038421358096343574
1236        0.0018997871928806362
1237        0.0030276649255175083
1238        0.0034668214354807514
1239        0.002133875024182629
1240        0.004588895337589475
1241        0.002985103501644416
1242        0.0022344747533372036
1243        0.0035074482491777863
1244        0.003517121300058032
1245        0.0023776359063648667
1246        0.0026446121106597008
1247        0.0028574192300251525
1248        0.0018688334300638431
1249        0.004449603404913902
1250        0.0032056490617140662
1251        0.0037434706906558303
1252        0.004252273166956852
1253        0.007012961888179528
1254        0.003482298316889145
1255        0.004169084929386722
1256        0.004161346488682528
1257        0.004010446894950663
1258        0.002977365060940219
1259        0.0024395434319984546
1260        0.003588701876571867
1261        0.004279357709421545
1262        0.002990907332172566
1263        0.0032869026891081464
1264        0.004188431031147217
1265        0.0040491390984716494
1266        0.002253820855097698
1267        0.00273940800928613
1268        0.00478429096537047
1269        0.0025788353646740174
1270        0.0027742309924550196
1271        0.0064112981234281195
1272        0.0028303346875604546
1273        0.00256529309344167
1274        0.0028284000773844066
1275        0.005542658154381887
1276        0.003354614045269878
1277        0.005989553105049324
1278        0.003555813503579024
1279        0.0031011801122073916
1280        0.0027452118398142776
1281        0.003194041400657766
1282        0.0030179918746372604
1283        0.002083575159605341
1284        0.0016463532598181485
1285        0.0022209324821048575
1286        0.005637454053008311
1287        0.0026562197717159993
1288        0.00292899980653898
1289        0.003733797639775578
1290        0.0035055136390017396
1291        0.003306248790868641
1292        0.004010446894950664
1293        0.0024279357709421556
1294        0.0030392725865738047
1295        0.002903849874250337
1296        0.0027026504159411878
1297        0.0027974463145676127
1298        0.003491971367769392
1299        0.0030547494679822
1300        0.0035384020119945776
1301        0.0024143934997098116
1302        0.0029851035016444202
1303        0.0031069839427355383
1304        0.0028458115689688514
1305        0.0031340684852002344
1306        0.002778100212807119
1307        0.004321919133294636
1308        0.002522731669568583
1309        0.003281098858579994
1310        0.0023118591603791846
1311        0.003433933062487906
1312        0.003271425807699746
1313        0.0030470110272780002
1314        0.005977945443993021
1315        0.006887212226736306
1316        0.0052408589669181585
1317        0.005759334494099428
1318        0.002710388856645385
1319        0.0032965757399883925
1320        0.0038808280131553464
1321        0.0020642290578448443
1322        0.002222867092280907
1323        0.0028767653317856414
1324        0.0024279357709421573
1325        0.002493712516927839
1326        0.0025285355000967315
1327        0.0028342039079125568
1328        0.002189978719288065
1329        0.003813116656993613
1330        0.002578835364674019
1331        0.002385374347069066
1332        0.0027297349584058826
1333        0.002273166956858193
1334        0.0027394080092861296
1335        0.0028477461791449016
1336        0.0026600889920681023
1337        0.006063068291739206
1338        0.0018959179725285373
1339        0.006399690462371822
1340        0.005045463339137154
1341        0.0033894370284387656
1342        0.0032598181466434494
1343        0.0038324627587541056
1344        0.002708454246469334
1345        0.002801315534919712
1346        0.004076223640936347
1347        0.003600309537628166
1348        0.004134261946217832
1349        0.004726252660088987
1350        0.002691042754884887
1351        0.002857419230025152
1352        0.002530470110272778
1353        0.002621396788547106
1354        0.004027858386535109
1355        0.004873283033468753
1356        0.003642870961501256
1357        0.0027490810601663775
1358        0.0033391371638614837
1359        0.0026194621783710574
1360        0.002122267363126333
1361        0.0022267363126330085
1362        0.0024163281098858597
1363        0.0021686980073515197
1364        0.002447281872702653
1365        0.00306055329851035
1366        0.0036157864190365604
1367        0.001715999226155932
1368        0.0028883729928419447
1369        0.004956471271038882
1370        0.004834590829947759
1371        0.0044321919133294575
1372        0.002764557941574771
1373        0.0015206035983749292
1374        0.0026562197717159997
1375        0.002404720448829561
1376        0.0023679628554846236
1377        0.003333333333333332
1378        0.003286902689108144
1379        0.00491971367769394
1380        0.0025885084155542657
1381        0.004459276455794154
1382        0.00346682143548075
1383        0.005062874830721606
1384        0.00341652157090346
1385        0.004165215709034631
1386        0.0024105242793577095
1387        0.0028535500096730504
1388        0.0032849680789320958
1389        0.003163087637840977
1390        0.005977945443993026
1391        0.0019984523118591626
1392        0.005693557748113754
1393        0.0032830334687560434
1394        0.0035887018765718677
1395        0.003973689301605726
1396        0.00321725672277036
1397        0.003273360417875795
1398        0.004940994389630485
1399        0.0020255368543238535
1400        0.003586767266395822
1401        0.004054942928999805
1402        0.001990713871154965
1403        0.0022615592958018984
1404        0.0015747726833043151
1405        0.0028477461791449
1406        0.009767846778874064
1407        0.003849874250338552
1408        0.004049139098471652
1409        0.0022944476687947386
1410        0.003513252079705932
1411        0.00236989746566067
1412        0.004234861675372409
1413        0.0031185916037918373
1414        0.003776359063648671
1415        0.003424260011607659
1416        0.003573224995163474
1417        0.0038247243180499118
1418        0.0023118591603791846
1419        0.0024492164828787007
1420        0.0025633584832656215
1421        0.0035635519442832253
1422        0.0033410717740375287
1423        0.0030063842135809662
1424        0.0035132520797059373
1425        0.0038750241826271967
1426        0.0034107177403753146
1427        0.0018301412265428567
1428        0.003350744824917781
1429        0.0038498742503385525
1430        0.00394467014896498
1431        0.0030934416715031935
1432        0.0030373379763977562
1433        0.0018127297349584085
1434        0.002861288450377248
1435        0.00277423099245502
1436        0.002816792416328112
1437        0.0025207970593925295
1438        0.00555233120526213
1439        0.0037241245888953375
1440        0.005529115883149538
1441        0.007231572838073121
1442        0.004014316115302759
1443        0.004585026117237372
1444        0.003298510350164444
1445        0.003795705165409165
1446        0.0032385374347069056
1447        0.005699361578641898
1448        0.00434319984523118
1449        0.009990326949119758
1450        0.009326755658734759
1451        0.00895144128458116
1452        0.006202360224414779
1453        0.008007351518668982
1454        0.005031921067904813
1455        0.004556006964596631
1456        0.008761849487328305
1457        0.0037512091313600315
1458        0.006045656800154762
1459        0.00845231185916038
1460        0.003786032114528923
1461        0.006523505513639001
1462        0.005341458696072728
1463        0.003958212420197327
1464        0.0030489456374540543
1465        0.004701102727800343
1466        0.0037512091313600293
1467        0.005511704391565094
1468        0.0033139872315728343
1469        0.006778874056877535
1470        0.004927452118398137
1471        0.00347069065583285
1472        0.003687366995550395
1473        0.0029889727219965167
1474        0.003623524859740761
1475        0.005190559102340869
1476        0.004944863609982581
1477        0.004910040626813694
1478        0.004828786999419615
1479        0.00378603211452892
1480        0.003940800928612881
1481        0.006362932869026887
1482        0.005059005610369508
1483        0.0037918359450570677
1484        0.004530857032307989
1485        0.00450377248984329
1486        0.005594892629135224
1487        0.0029792996711162697
1488        0.004615979880054166
1489        0.0024608241439349984
1490        0.005356935577481139
1491        0.00196169471851422
1492        0.0029851035016444168
1493        0.004482491777906749
1494        0.002114528922422133
1495        0.007860321145289216
1496        0.006260398529696263
1497        0.009758173727993806
1498        0.0035093828593538365
1499        0.005881214935190553
1500        0.0036815631650222442
1501        0.00477461791449023
1502        0.002162894176823372
1503        0.0029483459082994758
1504        0.002702650415941189
1505        0.005173147610756427
1506        0.00302379570516541
1507        0.002642677500483655
1508        0.004525053201779839
1509        0.0031379377055523335
1510        0.0046914296769200925
1511        0.004683691236215898
1512        0.002400851228477462
1513        0.0032830334687560473
1514        0.0033043141806925907
1515        0.004215515573611916
1516        0.004289030760301795
1517        0.009814277423099245
1518        0.0041265235055136336
1519        0.0033778293673824714
1520        0.0022654285161539936
1521        0.0034068485200232155
1522        0.003522925130586186
1523        0.005660669375120907
1524        0.004908106016637637
1525        0.002497581737279939
1526        0.0018823757012961895
1527        0.0035151866898819853
1528        0.005532985103501634
1529        0.0027045850261172375
1530        0.005049332559489261
1531        0.004335461404526985
1532        0.008808280131553485
1533        0.002137744244534729
1534        0.004577287676533176
1535        0.0025169278390404335
1536        0.0035132520797059395
1537        0.004884890694525048
1538        0.005380150899593723
1539        0.005107370864770747
1540        0.005712903849874246
1541        0.004420584252273167
1542        0.0033159218417488884
1543        0.002921261365834785
1544        0.003290771909460242
1545        0.003846005029986458
1546        0.0028574192300251508
1547        0.004020119945830914
1548        0.0033410717740375304
1549        0.002505320177984134
1550        0.004209711743083765
1551        0.009259044302573035
1552        0.003480363706713095
1553        0.005420777713290766
1554        0.003931127877732635
1555        0.004105242793577091
1556        0.002458889533758948
1557        0.004917779067517886
1558        0.00761849487328303
1559        0.002892242213194042
1560        0.0025285355000967324
1561        0.005059005610369505
1562        0.0037086477074869356
1563        0.0031882375701296193
1564        0.002801315534919712
1565        0.004072354420584247
1566        0.008409750435287284
1567        0.0032598181466434546
1568        0.004664345134455405
1569        0.004215515573611914
1570        0.0038905010640355943
1571        0.0028748307216095955
1572        0.004819113948539363
1573        0.003706713097310889
1574        0.008556780808667043
1575        0.004884890694525048
1576        0.008930160572644614
1577        0.012091313600309527
1578        0.0067827432772296315
1579        0.010123815051267162
1580        0.00774424453472625
1581        0.005445927645579405
1582        0.0038131166569936137
1583        0.004561810795124776
1584        0.006687947378603209
1585        0.011514799767846771
1586        0.006964596633778289
1587        0.003354614045269878
1588        0.0033778293673824736
1589        0.0063803443606113295
1590        0.0032501450957632054
1591        0.004815244728187266
1592        0.005536854323853735
1593        0.0030392725865738064
1594        0.004418649642097114
1595        0.004550203134068481
1596        0.007076804023989169
1597        0.005356935577481134
1598        0.0037840975043528726
1599        0.003275295028051848
1600        0.0056142387308957134
1601        0.0031224608241439346
1602        0.008765718707680404
1603        0.006366802089378978
1604        0.004420584252273161
1605        0.005538788934029786
1606        0.005954730121880441
1607        0.0027471464499903247
1608        0.006726639582124195
1609        0.0038905010640355947
1610        0.005983749274521182
1611        0.0019094602437608836
1612        0.003047011027278003
1613        0.004018185335654865
1614        0.004200038692203515
1615        0.005062874830721605
1616        0.008382665892822595
1617        0.00736506094022054
1618        0.0034571483846005044
1619        0.004271619268717352
1620        0.006039852969626609
1621        0.005542658154381887
1622        0.005107370864770742
1623        0.0048017024569549215
1624        0.0030508802476301045
1625        0.004470884116850449
1626        0.005985683884697231
1627        0.0044824917779067485
1628        0.005076417101953958
1629        0.005945057071000189
1630        0.005736119171986835
1631        0.005900561036951049
1632        0.002884503772489845
1633        0.002536273940800929
1634        0.0074753337202553664
1635        0.0037840975043528726
1636        0.007144515380150901
1637        0.006569936157864188
1638        0.0038769587928032495
1639        0.006032114528922415
1640        0.0058812149351905535
1641        0.005378216289417674
1642        0.00979106210098665
1643        0.007719094602437604
1644        0.00918552911588315
1645        0.003971754691429675
1646        0.003263687366995549
1647        0.0038730895724511487
1648        0.0054962275101566975
1649        0.005720642290578447
1650        0.0037202553685432333
1651        0.0051673437802282835
1652        0.0029270651963629337
1653        0.006233313987231566
1654        0.001576707293480365
1655        0.005712903849874243
1656        0.00650609402205455
1657        0.007914490230218613
1658        0.008609015283420387
1659        0.006776939446701483
1660        0.00846972335074481
1661        0.004383826658928219
1662        0.003627394080092863
1663        0.003039272586573805
1664        0.00533178564519249
1665        0.007233507448249164
1666        0.006115302766492539
1667        0.0052118398142774166
1668        0.002511124008512285
1669        0.0013445540723544245
1670        0.0020177984136196575
1671        0.005252466627974459
1672        0.0038053782162894146
1673        0.002300251499322886
1674        0.0010543625459469917
1675        0.011623137937705546
1676        0.002692977365060941
1677        0.003538402011994585
1678        0.004985490423679622
1679        0.0038808280131553442
1680        0.004083962081640545
1681        0.0031650222480170288
1682        0.004672083575159599
1683        0.005989553105049327
1684        0.003726059199071388
1685        0.00434126523505513
1686        0.0031476107564325797
1687        0.004445734184561809
1688        0.0019036564132327363
1689        0.003404913909847168
1690        0.004035596827239311
1691        0.007477268330431411
1692        0.01022248017024569
1693        0.0027200619075256347
1694        0.004345134455407229
1695        0.0028767653317856466
1696        0.0026871735345327954
1697        0.004379957438576122
1698        0.007742309924550199
1699        0.0015457535306635762
1700        0.003774424453472623
1701        0.006865931514799762
1702        0.00331398723157284
1703        0.004426388082801312
1704        0.004376088218224025
1705        0.003017991874637261
1706        0.0012710388856645434
1707        0.0033410717740375295
1708        0.0019365447862255795
1709        0.0018069259044302636
1710        0.002064229057844845
1711        0.001410330818340111
1712        0.004559876184948719
1713        0.00219191332946411
1714        0.0017469529889727272
1715        0.0024395434319984467
1716        0.0014335461404527039
1717        0.0014819113948539438
1718        0.0016792416328109893
1719        0.0021396788547107764
1720        0.001154962275101568
1721        0.0009653704778487119
1722        0.006581543818920481
1723        0.0035267943509382877
