1        0.00733410717740375
2        0.013735732249951681
3        0.0029618881795318184
4        0.004285161539949687
5        0.003281098858579992
6        0.01067711356161736
7        0.012404720448829596
8        0.0014045269878119593
9        0.002468562584639196
10        0.005447862255755455
11        0.010261172373766681
12        0.0014451538015089994
13        0.0015650996324240707
14        0.002838073128264656
15        0.003753143741536072
16        0.02028245308570322
17        0.0198568388469723
18        0.010853163087637866
19        0.003729928419423479
20        0.002584639195202168
21        0.006620236022441459
22        0.0046914296769200855
23        0.004987425033855667
24        0.008196943315921855
25        0.0036041787579802614
26        0.0012807119365447887
27        0.003027664925517513
28        0.003693170826078543
29        0.004397368930160568
30        0.0014470884116850483
31        0.0018630295995356971
32        0.0024240665505900574
33        0.0013522925130586214
34        0.0022673631263300472
35        0.002412458889533759
36        0.007958986264267746
37        0.011723737666860185
38        0.009992261559295838
39        0.0046566066937512
40        0.0074018185335654844
41        0.007268330431418059
42        0.003559682723931128
43        0.007514025923776349
44        0.003886631843683488
45        0.005364674018185325
46        0.0038963048945637392
47        0.006573805378216269
48        0.0026794350938285924
49        0.007247049719481521
50        0.002781969433159215
51        0.008872122267363149
52        0.008846972335074513
53        0.006231379377055513
54        0.0055523312052621265
55        0.005335654865544581
56        0.0030779647900947907
57        0.017537241245888947
58        0.002896111433546138
59        0.005177016831108517
60        0.007906751789514421
61        0.009131360030953781
62        0.01038885664538599
63        0.01213580963435872
64        0.008589669181659905
65        0.0033101180112207335
66        0.013230798994002752
67        0.00557941574772682
68        0.011476107564325815
69        0.0027123234668214318
70        0.003451344554072361
71        0.004822983168891457
72        0.0022441478042174515
73        0.0034049139098471693
74        0.010361772102921298
75        0.014049139098471688
76        0.006769201005997283
77        0.007032307989940021
78        0.004109112013929189
79        0.009069452505320208
80        0.008057651383246281
81        0.00686399690462371
82        0.01138711549622755
83        0.002977365060940216
84        0.003139872315728375
85        0.0024666279744631502
86        0.00399690462371832
87        0.0026697620429483445
88        0.0011839814277423114
89        0.001946217837105826
90        0.002507254788160186
91        0.003366221706326175
92        0.006030179918746359
93        0.003751209131360027
94        0.015115109305474978
95        0.010174114915844475
96        0.004743664151673429
97        0.006117237376668594
98        0.015397562391178201
99        0.013192106790481767
100        0.006117237376668586
101        0.006150125749661431
102        0.014354807506287513
103        0.0075449796865931455
104        0.005287289611143342
105        0.004393499709808461
106        0.008678661249758189
107        0.00474753337202552
108        0.006351325207970576
109        0.0018088605146063107
110        0.0023312052621396765
111        0.0020119945830915074
112        0.0038866318436834974
113        0.005393693170826071
114        0.004830721609595659
115        0.0077558521957825565
116        0.008349777519829767
117        0.014621783710582354
118        0.01900561036951055
119        0.01659895531050493
120        0.017974463145676137
121        0.016095956664732094
122        0.007190946024376073
123        0.01849680789320952
124        0.006068872122267345
125        0.008597407622364104
126        0.02083381698587736
127        0.01246275875411107
128        0.005627781002128062
129        0.0015360804797833292
130        0.0020893789901334867
131        0.010305668407815863
132        0.011454826852389266
133        0.006045656800154752
134        0.0033023795705165353
135        0.008117624298703816
136        0.008587734571483862
137        0.006771135616173331
138        0.008485200232153222
139        0.0071445153801508905
140        0.006469336428709603
141        0.005486554459276444
142        0.005250532017798398
143        0.007485006771135614
144        0.01446894950667442
145        0.012927065196362969
146        0.013132133875024215
147        0.002950280518475526
148        0.006633778293673813
149        0.004467014896498348
150        0.007953182433739601
151        0.003145676146256526
152        0.005620042561423858
153        0.0031940414006577664
154        0.0016463532598181515
155        0.014203907912555668
156        0.009916811762429895
157        0.008330431418069273
158        0.007078738634165204
159        0.008570323079899411
160        0.006658928225962454
161        0.005395627781002115
162        0.011994583091507112
163        0.013482298316889185
164        0.012184174888759957
165        0.006492551750822197
166        0.006463532598181453
167        0.005010640355968263
168        0.0022886438382665932
169        0.0035635519442832253
170        0.0022267363126330054
171        0.0031321338750241834
172        0.0038537434706906507
173        0.00827432772296381
174        0.01794737860321146
175        0.0052292513058618565
176        0.005544592764557937
177        0.011702456954923616
178        0.013828593538402026
179        0.00953956277810022
180        0.005916037918359438
181        0.010357902882569183
182        0.008098278196943318
183        0.00429676920100599
184        0.011834010446894964
185        0.01139678854710778
186        0.009885857999613109
187        0.0027935770942155197
188        0.006815631650222468
189        0.011261365834784286
190        0.0043219191332946345
191        0.0068214354807506145
192        0.005217643644805559
193        0.009349970980847368
194        0.0042116463532598115
195        0.016235248597407652
196        0.011547688140839663
197        0.005952795511704377
198        0.005552331205262128
199        0.006951054362545932
200        0.003633197910621001
201        0.0056896885277616435
202        0.005637454053008297
203        0.004269684658541295
204        0.009585993422325401
205        0.0035596827239311197
206        0.012998645772876813
207        0.004323853743470679
208        0.0070071580576513744
209        0.011404526987811997
210        0.006461597988005398
211        0.0026775004836525405
212        0.010232153221125959
213        0.0032172567227703565
214        0.006144321919133284
215        0.014029792996711183
216        0.010319210679048209
217        0.004165215709034622
218        0.001029212613658347
219        0.0015302766492551758
220        0.001582511124008515
221        0.012702650415941232
222        0.004000773844070411
223        0.01193461017604956
224        0.0010582317662990916
225        0.001499322886438384
226        0.0017740375314374197
227        0.002325401431611531
228        0.003944670148964975
229        0.00441478042174501
230        0.0015805765138324655
231        0.0032598181466434568
232        0.0031650222480170214
233        0.001754691429676924
234        0.0027529502805184788
235        0.015031921067904835
236        0.018165989553105034
237        0.0060379183594505515
238        0.012934803637067147
239        0.007860321145289232
240        0.005821242019733009
241        0.01212613658347845
242        0.004995163474559861
243        0.005339524085896681
244        0.003321725672277026
245        0.00369123621590249
246        0.0033023795705165336
247        0.003116656993615783
248        0.0033178564519249333
249        0.0060321145289224136
250        0.003012188044109107
251        0.002375701296188822
252        0.007020700328883723
253        0.005374347069065574
254        0.012542077771329091
255        0.005606500290191511
256        0.003629328690268907
257        0.003118591603791832
258        0.00797059392532404
259        0.007477268330431414
260        0.006947185142193836
261        0.00653317856451923
262        0.003936931708260773
263        0.004763010253433923
264        0.0030199264848133106
265        0.007982201586380336
266        0.0020506867866125007
267        0.004465080286322302
268        0.005339524085896683
269        0.00884503772489843
270        0.005029986457728753
271        0.006337782936738236
272        0.0037086477074869347
273        0.004089765912168689
274        0.005215709034629508
275        0.005142193847939634
276        0.004205842522731655
277        0.006403559682723917
278        0.011770168311085329
279        0.006101760495260195
280        0.006707293480363694
281        0.006525440123815035
282        0.0054730121880440935
283        0.0023640936351325215
284        0.002211259431224607
285        0.003818920487521765
286        0.006134648868253041
287        0.0024840394660475933
288        0.005939253240472033
289        0.0027955117043915595
290        0.003604178757980257
291        0.0033449409943896234
292        0.002226736312633004
293        0.0030624879086863952
294        0.006658928225962454
295        0.005358870187657169
296        0.003857612691042748
297        0.0030663571290385
298        0.004896498355581346
299        0.009396401625072569
300        0.0015670342426001198
301        0.0014412845811568975
302        0.0019520216676339741
303        0.0032772296382278963
304        0.004424453472625254
305        0.003950473979493123
306        0.006177210292126123
307        0.009052041013735758
308        0.006798220158638027
309        0.002741342619462177
310        0.009112013929193287
311        0.009841361965563957
312        0.011559295801895958
313        0.010193461017604983
314        0.008440704198104103
315        0.00623331398723156
316        0.003056684078158244
317        0.002698781195589089
318        0.005633584832656208
319        0.005184755271812719
320        0.001681176242987043
321        0.002578835364674019
322        0.004087831301992645
323        0.008107951247823566
324        0.003985296962662013
325        0.0036776939446701434
326        0.0033217256722770324
327        0.009881988779261002
328        0.005018378796672454
329        0.00239117817759721
330        0.0030857032307989906
331        0.0034107177403753094
332        0.010835751596053407
333        0.00761849487328305
334        0.007662990907332172
335        0.006939446701489642
336        0.006455794157477259
337        0.006386148191139475
338        0.007221899787192881
339        0.007138711549622747
340        0.005149932288643826
341        0.0037396014703037247
342        0.008094408976591213
343        0.015443993035403374
344        0.016502224801702478
345        0.01764944863609982
346        0.01630295995356937
347        0.00943315921841751
348        0.016527374733991122
349        0.00787773263687367
350        0.0025207970593925317
351        0.014178757980267015
352        0.0014180692590443072
353        0.0024995163474559887
354        0.003393306248790868
355        0.006689881988779254
356        0.006912362159024948
357        0.007815825111240082
358        0.006504159411878496
359        0.01736506094022055
360        0.018622557554652718
361        0.014877152253820884
362        0.011959760108338206
363        0.008334300638421367
364        0.00950087057457926
365        0.0024879086863996915
366        0.006136583478429083
367        0.0027432772296382274
368        0.0024434126523505497
369        0.0039059779454439975
370        0.009773650609402208
371        0.00353259818146643
372        0.0040510737086477035
373        0.0035751596053395173
374        0.0031011801122073864
375        0.007535306635712907
376        0.008349777519829762
377        0.006581543818920475
378        0.004811375507835155
379        0.005796092087444365
380        0.00812149351905591
381        0.008995937318630319
382        0.00882375701296189
383        0.009690462371832078
384        0.007413426194621782
385        0.00681369704004641
386        0.01702070032888374
387        0.014689495066744064
388        0.013871154962275138
389        0.00656993615786418
390        0.00652737473399109
391        0.007243180499129412
392        0.006931708260785441
393        0.005331785645192481
394        0.009067517895144128
395        0.0033991100793190144
396        0.006008899206809815
397        0.012913522925130622
398        0.007363126330044486
399        0.01747920294060748
400        0.007413426194621784
401        0.019094602437608837
402        0.014209711743083794
403        0.006436448055716759
404        0.006283613851808844
405        0.0034726252660088916
406        0.0029522151286515757
407        0.006587347649448626
408        0.003126330044496029
409        0.0029483459082994745
410        0.0038227897078738577
411        0.011476107564325823
412        0.0033120526213967875
413        0.006357129038498726
414        0.00533565486554458
415        0.00778874056877539
416        0.01591797252853552
417        0.01872509189398335
418        0.0030740955697426933
419        0.006239117817759705
420        0.003217256722770359
421        0.006877539175856057
422        0.006446121106597008
423        0.003147610756432577
424        0.007773263687366995
425        0.008071193654478621
426        0.0054053008318823625
427        0.004803637067130966
428        0.005782549816212023
429        0.008970787386341642
430        0.0032191913329464054
431        0.003354614045269874
432        0.004764944863609973
433        0.006061133681563156
434        0.014029792996711163
435        0.005879280325014492
436        0.002598181466434512
437        0.008125362739408011
438        0.014530857032308001
439        0.01329270651963633
440        0.015107370864770759
441        0.015277616560263123
442        0.008090539756239122
443        0.0032075836718901056
444        0.0029967111627007136
445        0.0020448829560843506
446        0.0024685625846391944
447        0.0048152447281872655
448        0.004112981234281286
449        0.008311085316308763
450        0.006500290191526393
451        0.00792803250145096
452        0.0076900754497968675
453        0.009315147997678488
454        0.008355581350357917
455        0.005538788934029782
456        0.0047262526600889785
457        0.0026213967885471067
458        0.009371251692783904
459        0.002555620042561423
460        0.005047397949313207
461        0.014459276455794165
462        0.01143741536080479
463        0.006595086090152821
464        0.006802089378990126
465        0.0192687173534533
466        0.01627781002128072
467        0.004852002321532212
468        0.006858193074095564
469        0.018910814470884114
470        0.010390791255562002
471        0.005896691816598942
472        0.012981234281292331
473        0.019922615592958028
474        0.011466434513445544
475        0.015569742696846607
476        0.0229057844844264
477        0.006604759141033072
478        0.020092861288450385
479        0.003915650996324238
480        0.025898626426775026
481        0.00753724124588895
482        0.012122267363126334
483        0.02067324434126525
484        0.004470884116850452
485        0.02070419810408203
486        0.009052041013735725
487        0.009800735151866899
488        0.019845231185916048
489        0.01934803637067131
490        0.006724704971948151
491        0.006600889920680978
492        0.011056297156123036
493        0.02077577868059588
494        0.004076223640936347
495        0.011005997291545756
496        0.015538788934029801
497        0.01420584252273167
498        0.01722963822789708
499        0.004352872896111429
500        0.015264074289030767
501        0.02424066550590056
502        0.010346295221512862
503        0.007221899787192875
504        0.004511510930547493
505        0.004685625846391944
506        0.004714644999032689
507        0.0051441284581156795
508        0.005173147610756427
509        0.012613658347842909
510        0.01793964016250725
511        0.0058386535113174555
512        0.010218610949893599
513        0.013708647707486952
514        0.01353646740181853
515        0.011162700715805773
516        0.007378603211452884
517        0.007392145482685234
518        0.00945250532017798
519        0.007194815244728181
520        0.014834590829947774
521        0.01834203907912556
522        0.018017024569549244
523        0.004407041981040812
524        0.006987811955890874
525        0.0056529309344167085
526        0.008461984910040622
527        0.016796285548461992
528        0.02289030760301798
529        0.02660862836138517
530        0.024561810795124747
531        0.0045772876765331726
532        0.004573418456181072
533        0.005035790288256913
534        0.005089959373186295
535        0.005538788934029788
536        0.007603017991874639
537        0.005736119171986833
538        0.009038498742503382
539        0.021301992648481337
540        0.007804217450183777
541        0.007931901721803062
542        0.00822015863803443
543        0.004619849100406265
544        0.012911588314954538
545        0.015950860901528335
546        0.009286128845037715
547        0.02170632617527567
548        0.009725285355000972
549        0.012870961501257506
550        0.0165738053782163
551        0.016239117817759732
552        0.020764171019539573
553        0.013834397368930178
554        0.02111046624105243
555        0.013385567808086685
556        0.014378022828400094
557        0.019831688914683707
558        0.014014316115302773
559        0.017527568195008718
560        0.00936544786225575
561        0.009309344167150317
562        0.006469336428709608
563        0.010768040239891669
564        0.01173341071774038
565        0.002426001160766107
566        0.011029212613658353
567        0.00413232733604178
568        0.00398916618301412
569        0.006925904430257292
570        0.012207390210872504
571        0.0063687366995550335
572        0.003441671503192106
573        0.0036951054362545956
574        0.006983942735538786
575        0.012070032888373005
576        0.01503579028825692
577        0.029589862642677496
578        0.0107854517314761
579        0.009479589862642667
580        0.008278196943315923
581        0.0140975043528729
582        0.014060746759527957
583        0.006399690462371829
584        0.010913136003095372
585        0.011361965563938854
586        0.01181659895531051
587        0.007736506094022048
588        0.0061907525633584735
589        0.008235635519442825
590        0.011596053395240868
591        0.004886825304701094
592        0.003197910621009865
593        0.0034203907912555617
594        0.009268717353453271
595        0.004722383439736889
596        0.010286322306055331
597        0.012925130586186887
598        0.006740181853356537
599        0.0053878893402979225
600        0.00248790868639969
601        0.01117817759721418
602        0.004662410524279352
603        0.0031592184174888795
604        0.027341845618107936
605        0.00696459663377829
606        0.005453666086283605
607        0.006529309344167143
608        0.00952988972721997
609        0.011042754884890708
610        0.004018185335654863
611        0.016954923582898036
612        0.0027394080092861275
613        0.00554846198491003
614        0.003375894757206421
615        0.002749081060166377
616        0.022561423873089532
617        0.013203714451538041
618        0.018264654672083568
619        0.01426194621783712
620        0.0035248597407622323
621        0.009680789320951838
622        0.003847939640162504
623        0.006461597988005405
624        0.022859353840201192
625        0.0028303346875604577
626        0.01355968272393115
627        0.019371251692783902
628        0.009336428709615008
629        0.005962468562584618
630        0.005697426968465846
631        0.014550203134068492
632        0.0093905977945444
633        0.006051460630682907
634        0.006246856258463911
635        0.012532404720448862
636        0.004677887405687747
637        0.0038924356742116406
638        0.004289030760301796
639        0.009346101760495263
640        0.021286515767072915
641        0.02909653704778486
642        0.0032578835364673996
643        0.012286709228090553
644        0.006095956664732043
645        0.00822015863803443
646        0.012160959566647332
647        0.009895531050493341
648        0.0019268717353453273
649        0.005213774424453462
650        0.011286515767072952
651        0.013590636486747944
652        0.0075662603985296945
653        0.008075062874830724
654        0.009264848133101177
655        0.0046759527955117005
656        0.0242232540143161
657        0.017030373379763996
658        0.02292706519636291
659        0.00606500290191525
660        0.00917005223447477
661        0.008961114335461415
662        0.007067130973108911
663        0.00774811375507834
664        0.007879667247049724
665        0.008516153994970027
666        0.026945250532017746
667        0.00809827819694331
668        0.0100038692203521
669        0.01115302766492554
670        0.0073921454826852365
671        0.008084735925710967
672        0.010056103695105444
673        0.0167227703617721
674        0.009193267556587361
675        0.009402205455600695
676        0.0077597214161346465
677        0.01549816212033276
678        0.010456568001547702
679        0.008049912942542073
680        0.012309924550203155
681        0.0059682723931127855
682        0.004060746759527952
683        0.014203907912555627
684        0.010646159798800564
685        0.017125169278390424
686        0.008225962468562583
687        0.007521764364480551
688        0.005875411104662397
689        0.01250145095763206
690        0.0035287289611143284
691        0.010586186883343014
692        0.008173727993809244
693        0.01349390597794548
694        0.004023989166183011
695        0.0028245308570323097
696        0.0070632617527568164
697        0.008123428129231964
698        0.006076610562971557
699        0.01906558328496807
700        0.019071387115496222
701        0.014397368930160581
702        0.020928612884503768
703        0.01093248210485589
704        0.015312439543431996
705        0.014436061133681583
706        0.004733991100793183
707        0.007378603211452888
708        0.01885471077577868
709        0.006293286902689103
710        0.0021648287869994198
711        0.010270845424646938
712        0.016778874056877554
713        0.015776745985683908
714        0.01846198491004064
715        0.006730508802476297
716        0.007247049719481519
717        0.013389437028438787
718        0.005051267169665304
719        0.00946991681176244
720        0.0030934416715031905
721        0.002797446314567613
722        0.006479009479589854
723        0.004764944863609974
724        0.00659508609015282
725        0.007372799380924745
726        0.0029947765525246664
727        0.008032501450957637
728        0.008792803250145103
729        0.00940994389630489
730        0.011354227123234664
731        0.007285741923002503
732        0.02365447862255754
733        0.0044534726252660065
734        0.006589282259624677
735        0.006066937512091297
736        0.007063261752756813
737        0.0034107177403753138
738        0.0044534726252659996
739        0.009491197523698985
740        0.018521957825498148
741        0.033787966724704986
742        0.013056684078158265
743        0.018738634165215727
744        0.018489069452505304
745        0.0046063068291739145
746        0.004329657573998832
747        0.0114606306829174
748        0.022054556006964574
749        0.028144708841168504
750        0.0071948152447281755
751        0.015312439543432003
752        0.015250532017798423
753        0.0069742696846585355
754        0.0026910427548848905
755        0.006769201005997287
756        0.0071077577868059565
757        0.0061191719868446395
758        0.006788547107757773
759        0.014615979880054173
760        0.004145869607274129
761        0.01927452118398142
762        0.013451344554072386
763        0.025730315341458674
764        0.009322886438382668
765        0.005612304120719663
766        0.007219965177016834
767        0.002099052041013737
768        0.006422905784484416
769        0.005908299477655246
770        0.00738440704198104
771        0.013677693944670166
772        0.012762623331398729
773        0.022087444379957424
774        0.006020506867866112
775        0.005960533952408582
776        0.0038285935384020104
777        0.005790288256916221
778        0.004552137744244528
779        0.02708454246469331
780        0.012545946991681189
781        0.008763784097504352
782        0.00849487328303347
783        0.005935384020119936
784        0.0024414780421745043
785        0.013010253433933083
786        0.007076804023989157
787        0.02340684852002317
788        0.018686399690462367
789        0.004840394660475909
790        0.004681756626039844
791        0.010406268136970405
792        0.006982008125362727
793        0.00997678467788741
794        0.00815244728187271
795        0.006200425614238722
796        0.0066976204294834545
797        0.0049042367962855386
798        0.0102805184755272
799        0.005883149545366597
800        0.004526987811955881
801        0.005101567034242589
802        0.0034087831301992627
803        0.011557361191719889
804        0.02143934997098083
805        0.02459856838846969
806        0.011882375701296207
807        0.016080479783323654
808        0.014821048558715442
809        0.022311859160379158
810        0.01461404526987813
811        0.006757593344940996
812        0.007635906364867475
813        0.011220739021087268
814        0.003950473979493128
815        0.025202166763397166
816        0.002764557941574774
817        0.004269684658541294
818        0.0049603404913909745
819        0.00816405494292899
820        0.007960920874443793
821        0.009516347455987624
822        0.023749274521183986
823        0.010586186883343025
824        0.012449216482878717
825        0.014287096150125767
826        0.016221706326175304
827        0.009286128845037723
828        0.012367962855484634
829        0.009713677693944683
830        0.010696459663377837
831        0.013604178757980276
832        0.00798220158638034
833        0.011234281292319608
834        0.0033178564519249377
835        0.004892629135229238
836        0.014513445540723558
837        0.005459469916811754
838        0.005231185916037909
839        0.007181272973495836
840        0.004414780421745009
841        0.006353259818146633
842        0.009042367962855487
843        0.005695492358289792
844        0.004960340491390973
845        0.004894563745405295
846        0.006502224801702442
847        0.011959760108338179
848        0.01680789320951827
849        0.006457728767653305
850        0.007964790094795898
851        0.007003288837299276
852        0.007065196362932866
853        0.016504159411878515
854        0.008140839620816399
855        0.004229057844844254
856        0.004507641710195392
857        0.004842329270651958
858        0.013161153027664966
859        0.007297349584058802
860        0.0045250532017798275
861        0.018024763010253426
862        0.008351712130005799
863        0.006720835751596046
864        0.008905010640355976
865        0.003921454826852385
866        0.002652350551363902
867        0.0034513445540723547
868        0.006190752563358474
869        0.007148384600502989
870        0.010096730508802488
871        0.002961888179531824
872        0.005639388663184366
873        0.003443606113368155
874        0.02168891468369123
875        0.008013155349197143
876        0.0073824724318049826
877        0.004006577674598559
878        0.004836525440123814
879        0.009729154575353074
880        0.011820468175662603
881        0.005161539949700127
882        0.010539756239117822
883        0.0036196556393886608
884        0.02299477655252464
885        0.01709034629522152
886        0.011387115496227515
887        0.0077190946024376095
888        0.0029444766879473763
889        0.012044882956084375
890        0.019053975623911777
891        0.008750241826272015
892        0.004817179338363315
893        0.019355774811375483
894        0.0104217450183788
895        0.006771135616173334
896        0.0022983168891468372
897        0.008825691623137948
898        0.007376668601276835
899        0.005792222867092274
900        0.01833816985877344
901        0.0037647514025923754
902        0.00457341845618107
903        0.008249177790675171
904        0.0032501450957632023
905        0.008403946604759151
906        0.0026891081447088425
907        0.008748307216095963
908        0.005018378796672463
909        0.002495647127103891
910        0.007577868059585993
911        0.004973882762623325
912        0.013913716386148215
913        0.003985296962662022
914        0.02684271619268714
915        0.004977751982975426
916        0.00817759721416135
917        0.007666860127684272
918        0.004230992455020311
919        0.010007738440704224
920        0.0046411298123428
921        0.004513445540723541
922        0.006689881988779254
923        0.003611917198684463
924        0.0092222867092281
925        0.00295995356935578
926        0.02000386922035209
927        0.005989553105049316
928        0.004374153608047972
929        0.008084735925710967
930        0.01277036177210294
931        0.003993035403366215
932        0.02101760495260203
933        0.022762623331398703
934        0.006469336428709601
935        0.0038208550976978083
936        0.010181853356548658
937        0.0046701489649835495
938        0.005209905204101364
939        0.011454826852389256
940        0.00575739988392338
941        0.003648674792029405
942        0.010065776745985704
943        0.013739601470303748
944        0.005002901915264061
945        0.008365254401238165
946        0.01114722383439739
947        0.004884890694525047
948        0.008814083962081639
949        0.008133101180112217
950        0.007005223447475329
951        0.01077384407041982
952        0.008624492164828785
953        0.00849487328303347
954        0.024724318049912923
955        0.006310698394273539
956        0.007158057651383244
957        0.026273940800928566
958        0.012441478042174514
959        0.010354033662217078
960        0.007438576126910423
961        0.008297543045076421
962        0.007653317856451918
963        0.004710775778680591
964        0.0048481331011801035
965        0.020040626813697032
966        0.00840201199458309
967        0.007167730702263489
968        0.01056103695105437
969        0.0022267363126330067
970        0.008628361385180881
971        0.013362352485974107
972        0.023758947572064218
973        0.012667827432772316
974        0.006604759141033072
975        0.02017411491584443
976        0.004143934997098081
977        0.008254981621203321
978        0.007034242600116068
979        0.018040239891661824
980        0.014095569742696863
981        0.005803830528148567
982        0.0288431031147224
983        0.02742309924550201
984        0.0081485780615206
985        0.024950667440510697
986        0.004832656219771711
987        0.0025304701102727835
988        0.00798607080673244
989        0.011508995937318649
990        0.0027761656026310698
991        0.005002901915264071
992        0.003491971367769394
993        0.02089959373186302
994        0.02375507835171211
995        0.024430257303153402
996        0.006134648868253037
997        0.003803443606113365
998        0.02147804217450179
999        0.005196362932869012
1000        0.009137163861481914
1001        0.025395627781002107
1002        0.00822596246856258
1003        0.0267943509382859
1004        0.0038537434706906494
1005        0.005411104662410511
1006        0.024068485200232144
1007        0.00832849680789322
1008        0.01732636873669956
1009        0.006281679241632804
1010        0.00783710582317663
1011        0.02099245502031339
1012        0.0070729348036370635
1013        0.009930354033662207
1014        0.009189398336235263
1015        0.008481331011801131
1016        0.006432578835364663
1017        0.008525827045850257
1018        0.02159798800541689
1019        0.006436448055716763
1020        0.010913136003095382
1021        0.008605146063068286
1022        0.006297156123041197
1023        0.0066724704971948086
1024        0.0027897078738634167
1025        0.0037686206229444754
1026        0.004314180692590438
1027        0.004343199845231179
1028        0.010112207390210884
1029        0.01260011607661057
1030        0.0070032888372992775
1031        0.008599342232540157
1032        0.0029967111627007127
1033        0.005478816018572248
1034        0.015823176629909088
1035        0.007488875991487715
1036        0.013232733604178763
1037        0.007250918939833615
1038        0.005202166763397171
1039        0.006097891274908094
1040        0.008160185722576905
1041        0.004795898626426766
1042        0.025064809440897638
1043        0.010508802476301041
1044        0.010951828206616377
1045        0.01881988779260978
1046        0.0031998452311859165
1047        0.003128264654672082
1048        0.00256529309344167
1049        0.004803637067130969
1050        0.012046817566260415
1051        0.004778487134842321
1052        0.014672083575159624
1053        0.008912749081060172
1054        0.006954923582898038
1055        0.006047591410330812
1056        0.011207196749854915
1057        0.01210679048171793
1058        0.02317276068872123
1059        0.010299864577287684
1060        0.004186496420971168
1061        0.004722383439736886
1062        0.006922035209905197
1063        0.003921454826852385
1064        0.008173727993809252
1065        0.006097891274908101
1066        0.005904430257303149
1067        0.019785258270458513
1068        0.020992455020313425
1069        0.008113755078351714
1070        0.014397368930160581
1071        0.00893789901334881
1072        0.00462565293093441
1073        0.009353840201199464
1074        0.019719481524472792
1075        0.012586573805378233
1076        0.01122073902108726
1077        0.011154962275101587
1078        0.015532985103501637
1079        0.013925324047204481
1080        0.016896885277616576
1081        0.02799961307796476
1082        0.02751596053395242
1083        0.03029599535693558
1084        0.00894176823370091
1085        0.029889727219965162
1086        0.008657380537821618
1087        0.020522344747533377
1088        0.006343586767266397
1089        0.010381118204681754
1090        0.012810988585799961
1091        0.031203327529502823
1092        0.005647127103888568
1093        0.02734571483846004
1094        0.016568001547688137
1095        0.01123041207196749
1096        0.011004062681369704
1097        0.008510350164441856
1098        0.02957632037144517
1099        0.011011801122073889
1100        0.014391565099632419
1101        0.009231959760108334
1102        0.01420584252273168
1103        0.008935964403172755
1104        0.018889533758947575
1105        0.007440510737086476
1106        0.012542077771329067
1107        0.005697426968465848
1108        0.01819307409556974
1109        0.025722576900754503
1110        0.008398142774230986
1111        0.01930160572644612
1112        0.007997678467788736
1113        0.008369123621590247
1114        0.009442832269297737
1115        0.013936931708260788
1116        0.01128845037724899
1117        0.009794931321338745
1118        0.008562584639195205
1119        0.01194041400657768
1120        0.018750241826271996
1121        0.013263687366995555
1122        0.013433933062487918
1123        0.019415747726833046
1124        0.031209131360030947
1125        0.006366802089378985
1126        0.009862642677500477
1127        0.01887599148771521
1128        0.028322692977365053
1129        0.019055910234087828
1130        0.00898626426775004
1131        0.005095763203714447
1132        0.01621396788547107
1133        0.023532598181466434
1134        0.007974463145676139
1135        0.005558135035790282
1136        0.011141420003869222
1137        0.011555426581543819
1138        0.012242213194041408
1139        0.015413039272586587
1140        0.012445347262526597
1141        0.02891855291158832
1142        0.019284194234861676
1143        0.01742696846585413
1144        0.005436254594699167
1145        0.008792803250145096
1146        0.011228477461791442
1147        0.009843296575739983
1148        0.005919907138711548
1149        0.010317276068872118
1150        0.01663958212420197
1151        0.011315534919713675
1152        0.017498549042367962
1153        0.013128264654672083
1154        0.029969046237183185
1155        0.006382278970787382
1156        0.014971948152447285
1157        0.015751596053395243
1158        0.011201392919326762
1159        0.006254594699168112
1160        0.026337782936738243
1161        0.007953182433739592
1162        0.015979880054169095
1163        0.013577094215515567
1164        0.0167111627007158
1165        0.014821048558715421
1166        0.012669762042948337
1167        0.024600502998645777
1168        0.01309150706132715
1169        0.021315534919713663
1170        0.02378216289417682
1171        0.023362352485974056
1172        0.029181659895531068
1173        0.012956084349003676
1174        0.01186496420971175
1175        0.02739988392338945
1176        0.010824143934997104
1177        0.003418456181079516
1178        0.020806732443412655
1179        0.028415554265815417
1180        0.014710775778680591
1181        0.004349003675759331
1182        0.019440897659121686
1183        0.014606306829173936
1184        0.008932095182820659
1185        0.03375314374153608
1186        0.015105436254594708
1187        0.013894370284387702
1188        0.007407622364093626
1189        0.027974463145676153
1190        0.029402205455600693
1191        0.017078738634165223
1192        0.02736312633004451
1193        0.01148191139485395
1194        0.012493712516927854
1195        0.0031108531630876365
1196        0.007632037144515379
1197        0.012849680789320958
1198        0.006893016057264454
1199        0.008941768233700909
1200        0.008568388469723345
1201        0.01952988972721995
1202        0.012054556006964595
1203        0.008616753724124593
1204        0.01266976204294835
1205        0.010106403559682727
1206        0.008330431418069257
1207        0.0066531243954343145
1208        0.011932675565873492
1209        0.015414973882762624
1210        0.007440510737086472
1211        0.011770168311085311
1212        0.022729734958405873
1213        0.007738440704198099
1214        0.008603211452892239
1215        0.012841942348616776
1216        0.02001741149158445
1217        0.008206616366802083
1218        0.026910427548848894
1219        0.017707486941381308
1220        0.02238343973689301
1221        0.026744051073708638
1222        0.014706906558328502
1223        0.013727993809247448
1224        0.003987231572838073
1225        0.0073650609402205434
1226        0.006362932869026886
1227        0.003875024182627198
1228        0.013934997098084748
1229        0.023716386148191142
1230        0.012913522925130597
1231        0.009166183014122661
1232        0.012985103501644415
1233        0.010234087831301988
1234        0.019011414200038674
1235        0.014194234861675368
1236        0.0048384600502998565
1237        0.006960727413426187
1238        0.010007738440704194
1239        0.00710775778680595
1240        0.01645192493712516
1241        0.012731669568581945
1242        0.0078080866705358834
1243        0.011425807699748504
1244        0.01572451151093054
1245        0.009479589862642678
1246        0.008955310504933256
1247        0.009692396982008125
1248        0.005086090152834198
1249        0.029065583284968093
1250        0.012882569162313803
1251        0.01952215128651576
1252        0.020179918746372604
1253        0.025502031340684836
1254        0.011127877732636881
1255        0.014091700522344758
1256        0.02115302766492552
1257        0.01783323660282453
1258        0.007871928806345515
1259        0.007964790094795896
1260        0.019276455794157463
1261        0.018862449216482866
1262        0.012685238924356745
1263        0.01993615786419037
1264        0.01609595666473207
1265        0.01494292899980653
1266        0.006150125749661439
1267        0.008533565486554456
1268        0.0250590056103695
1269        0.012393112787773277
1270        0.010311472238343973
1271        0.029152640742890305
1272        0.011804991294254209
1273        0.008463919520216683
1274        0.012511124008512292
1275        0.027622364093635134
1276        0.01502611723737667
1277        0.03298510350164442
1278        0.012215128651576725
1279        0.011563165022248021
1280        0.011383246275875412
1281        0.012029406074675971
1282        0.010920874443799578
1283        0.00575933449409943
1284        0.004552137744244533
1285        0.009555039659508607
1286        0.023633197910620997
1287        0.010735151866898822
1288        0.015029986457728768
1289        0.013114722383439744
1290        0.017972528535500087
1291        0.009620816405494302
1292        0.02094602437608822
1293        0.010706132714258078
1294        0.013412652350551373
1295        0.010294060746759537
1296        0.009142967692010067
1297        0.008864383826658929
1298        0.01117237376668601
1299        0.01498355581350359
1300        0.011882375701296202
1301        0.009827819694331595
1302        0.00885084155542658
1303        0.010953762816792419
1304        0.00890887986070807
1305        0.01571483846005031
1306        0.008972721996517698
1307        0.016049526020506858
1308        0.011385180886051458
1309        0.012089378990133487
1310        0.008906945250532015
1311        0.016051460630682926
1312        0.014368349777519832
1313        0.010642290578448451
1314        0.030069645966337794
1315        0.03015476881408396
1316        0.030390791255562016
1317        0.028165989553105047
1318        0.0125149932288644
1319        0.012184174888759926
1320        0.015295028051847553
1321        0.004716579609208744
1322        0.0051808860514606266
1323        0.007181272973495836
1324        0.005467208357515958
1325        0.006049526020506862
1326        0.007016831108531628
1327        0.006647320564906169
1328        0.007231572838073119
1329        0.013283033468756058
1330        0.0063900174114915765
1331        0.011868833430063851
1332        0.009930354033662225
1333        0.010913136003095378
1334        0.007080673244341259
1335        0.00905977945443994
1336        0.01059972915457537
1337        0.02417101953956276
1338        0.005314374153608041
1339        0.03036564132327335
1340        0.023882762623331392
1341        0.010959566647320573
1342        0.011147223834397379
1343        0.018115689688527756
1344        0.00757206422905784
1345        0.008885664538595482
1346        0.016090152834203897
1347        0.014925517508222083
1348        0.015428516153994964
1349        0.01732443412652351
1350        0.01137163861481912
1351        0.012189978719288069
1352        0.011046624105242795
1353        0.010847359257109694
1354        0.013648674792029403
1355        0.01942348616753724
1356        0.009295801895917973
1357        0.008701876571870767
1358        0.011033081834010442
1359        0.008779260978912747
1360        0.007281872702650414
1361        0.008516153994970016
1362        0.010216676339717547
1363        0.007492745211839809
1364        0.00927645579415748
1365        0.012414393499709811
1366        0.011981040820274706
1367        0.007434706906558324
1368        0.011737279938092484
1369        0.012509189398336224
1370        0.015353066357129063
1371        0.013428129231959766
1372        0.00909847165796092
1373        0.006057264461211061
1374        0.010760301799187464
1375        0.008007351518668984
1376        0.007343780228283996
1377        0.01079899400270845
1378        0.008585799961307794
1379        0.02482685238924354
1380        0.006461597988005416
1381        0.024935190559102323
1382        0.014621783710582325
1383        0.01910427548848907
1384        0.013991100793190192
1385        0.016287483072160963
1386        0.0061307796479009415
1387        0.0116366802089379
1388        0.019262913522925112
1389        0.00869220352099053
1390        0.027891274908106004
1391        0.007407622364093629
1392        0.023366221706326167
1393        0.012230605532985116
1394        0.011029212613658352
1395        0.01825885084155543
1396        0.015029986457728765
1397        0.011019539562778098
1398        0.015654865544592767
1399        0.007005223447475322
1400        0.01858773457148384
1401        0.016966531243954364
1402        0.006018572257690072
1403        0.008767653317856455
1404        0.0032172567227703626
1405        0.01440510737086479
1406        0.034708841168504555
1407        0.010833816985877345
1408        0.016213967885471067
1409        0.010009673050880245
1410        0.011238150512671711
1411        0.009071387115496233
1412        0.021454826852389246
1413        0.011878506480944092
1414        0.013714451538015095
1415        0.014542464693364293
1416        0.01279164248403946
1417        0.013002514993228879
1418        0.008206616366802087
1419        0.007722963822789701
1420        0.008661249758173726
1421        0.011180112207390208
1422        0.00954730121880441
1423        0.009369317082607853
1424        0.0112188044109112
1425        0.013964016250725466
1426        0.011073708647707483
1427        0.005366608628361373
1428        0.01515960533952408
1429        0.01772296382278971
1430        0.015082220932482106
1431        0.009928419423486169
1432        0.01224414780421747
1433        0.004132327336041783
1434        0.012460824143934998
1435        0.009742696846585418
1436        0.014184561810795127
1437        0.011810795124782371
1438        0.027813890501064035
1439        0.011642484039466034
1440        0.025753530663571316
1441        0.030891855291158836
1442        0.011847552718127315
1443        0.015047397949313215
1444        0.011427742309924549
1445        0.012456954923582895
1446        0.008612884503772485
1447        0.016566066937512076
1448        0.014867479202940596
1449        0.03311472238343974
1450        0.0351131746952989
1451        0.03266976204294836
1452        0.029293867285741956
1453        0.034354807506287464
1454        0.025103501644418654
1455        0.015173147610756433
1456        0.036546720835751625
1457        0.014010446894950679
1458        0.02907138711549623
1459        0.0364209711743084
1460        0.013571290384987427
1461        0.027159992261559296
1462        0.02734958405881215
1463        0.022754884890694535
1464        0.015865738053782157
1465        0.017278003482298323
1466        0.013219191332946422
1467        0.026943315921841737
1468        0.01002321532211259
1469        0.03141226542851616
1470        0.014832656219771726
1471        0.012942542077771329
1472        0.0130740955697427
1473        0.009127490810601655
1474        0.017343780228283992
1475        0.01715418843103115
1476        0.025728380731282644
1477        0.014310311472238336
1478        0.016320371445153813
1479        0.01229638227897079
1480        0.012658154381892044
1481        0.01666860127684271
1482        0.014014316115302764
1483        0.011611530276649252
1484        0.013886631843683505
1485        0.012795511704391568
1486        0.013679628554846194
1487        0.009204875217643651
1488        0.013685432385374346
1489        0.006115302766492547
1490        0.014544399303540336
1491        0.003904043335267941
1492        0.009605339524085892
1493        0.022609789127490797
1494        0.007287676533178559
1495        0.03162700715805764
1496        0.031625072547881564
1497        0.034782356355194416
1498        0.012911588314954531
1499        0.024575353066357122
1500        0.01409170052234475
1501        0.018757980266976206
1502        0.00617527568195008
1503        0.013640936351325213
1504        0.007105823176629897
1505        0.02140452698781196
1506        0.00959953569355774
1507        0.00873669955503965
1508        0.017837105823176626
1509        0.011439349970980842
1510        0.022662023602244136
1511        0.01778100212807119
1512        0.006622170632617517
1513        0.011321338750241819
1514        0.01203134068485201
1515        0.012805184755271832
1516        0.016471271038885675
1517        0.041450957632037176
1518        0.017082607854517307
1519        0.016637647514025928
1520        0.012400851228477465
1521        0.013172760688721223
1522        0.013749274521183984
1523        0.017986070806732445
1524        0.018727026504159413
1525        0.013557748113755087
1526        0.005707100019346094
1527        0.018092474366415163
1528        0.028728961114335465
1529        0.00959953569355775
1530        0.023753143741536073
1531        0.019856838846972334
1532        0.03153221125943126
1533        0.008400077384407038
1534        0.017939640162507244
1535        0.005296962662023599
1536        0.01298897272199651
1537        0.021657960920874447
1538        0.026960727413426196
1539        0.01592958018959179
1540        0.016337782936738248
1541        0.01248210485587153
1542        0.0118901141420004
1543        0.010278583865351142
1544        0.009791062100986648
1545        0.008667053588701866
1546        0.008270458502611716
1547        0.009705939253240462
1548        0.009291932675565866
1549        0.010593925324047205
1550        0.00965563938866318
1551        0.03738053782162896
1552        0.016024376088218235
1553        0.027119365447862257
1554        0.01568775391758561
1555        0.013948539369317085
1556        0.01076030179918746
1557        0.021375507835171198
1558        0.03119365447862256
1559        0.01057651383246275
1560        0.009990326949119756
1561        0.026858193074095565
1562        0.02375120913136004
1563        0.02088024763010253
1564        0.010025149932288646
1565        0.014045269878119559
1566        0.031122073902108718
1567        0.011474172954149734
1568        0.015538788934029798
1569        0.014786225575546534
1570        0.010992455020313405
1571        0.01070613271425809
1572        0.023598374927452103
1573        0.015362739408009286
1574        0.030858966918165975
1575        0.020870574579222284
1576        0.034579222286709246
1577        0.03845811568968849
1578        0.028117624298703823
1579        0.0358618688334301
1580        0.03470110272780035
1581        0.029349970980847347
1582        0.009237763590636482
1583        0.024971948152447306
1584        0.033600309537628145
1585        0.04236215902495651
1586        0.02731476107564325
1587        0.011365834784290967
1588        0.012770361772102924
1589        0.020609402205455617
1590        0.01614432191913331
1591        0.02401625072547882
1592        0.02505513639001741
1593        0.012416328109885863
1594        0.016041787579802652
1595        0.015146063068291742
1596        0.031203327529502806
1597        0.020015476881408388
1598        0.01784871348423294
1599        0.014018185335654859
1600        0.030243760882182263
1601        0.008560650029019144
1602        0.03767653317856453
1603        0.023387502418262717
1604        0.02038885664538595
1605        0.021342619462178365
1606        0.023844070419810383
1607        0.015565873476494485
1608        0.02839427355387885
1609        0.014072354420584254
1610        0.03018378796672471
1611        0.004161346488682529
1612        0.012696846585413042
1613        0.01301605726446121
1614        0.01726252660088992
1615        0.0169568581930741
1616        0.03386341652157091
1617        0.03591023408783129
1618        0.013194041400657764
1619        0.01270845424646934
1620        0.026587347649448638
1621        0.0205281485780615
1622        0.0185122847746179
1623        0.023207583671890106
1624        0.014410911201392922
1625        0.02086283613851807
1626        0.023103114722383435
1627        0.016535113174695297
1628        0.0171561230412072
1629        0.022812923195975998
1630        0.026047591410330802
1631        0.02482878699941961
1632        0.014476687947378612
1633        0.010514606306829176
1634        0.028916618301412265
1635        0.016308763784097506
1636        0.025743857612691032
1637        0.027819694331592183
1638        0.012762623331398725
1639        0.02761462565293092
1640        0.02745598761849484
1641        0.021988779260978916
1642        0.04053201779841365
1643        0.033710582317662975
1644        0.040079319017218014
1645        0.013213387502418267
1646        0.012882569162313808
1647        0.013799574385761263
1648        0.02697233507448247
1649        0.02573418456181081
1650        0.017980266976204293
1651        0.019437028438769592
1652        0.016540917005223456
1653        0.024989359644031733
1654        0.004494099438963039
1655        0.028999806538982396
1656        0.034261946217837076
1657        0.03886051460630683
1658        0.03650609402205456
1659        0.03146836912362159
1660        0.03674018185335658
1661        0.022406655059005607
1662        0.014689495066744059
1663        0.012733604178757983
1664        0.025600696459663355
1665        0.029112013929193287
1666        0.024935190559102344
1667        0.019758173727993805
1668        0.012443412652350562
1669        0.005418843103114709
1670        0.009845231185916042
1671        0.016529309344167145
1672        0.01681950087057457
1673        0.012625266008899209
1674        0.003352679435093828
1675        0.043457148384600484
1676        0.010483652544012385
1677        0.013735732249951636
1678        0.02001741149158444
1679        0.01316695685819308
1680        0.014948732830334687
1681        0.01168891468369124
1682        0.015879280325014507
1683        0.020313406848520024
1684        0.014552137744244534
1685        0.014472818727026505
1686        0.012257690075449797
1687        0.009752369897465663
1688        0.006020506867866119
1689        0.014329657573998828
1690        0.013503579028825692
1691        0.027821628941768223
1692        0.03756819500870576
1693        0.00747533372025537
1694        0.014960340491390983
1695        0.012656219771715991
1696        0.00951054362545947
1697        0.014863609982588505
1698        0.03170826078545174
1699        0.00549042367962855
1700        0.012689108144708841
1701        0.02935577481137551
1702        0.012395047397949317
1703        0.015411104662410512
1704        0.01721996517701682
1705        0.011491584445734187
1706        0.004107177403753137
1707        0.015503965950860916
1708        0.005908299477655241
1709        0.008411685045463356
1710        0.005946991681176239
1711        0.003787966724704967
1712        0.02326175275681946
1713        0.005691623137937694
1714        0.004910040626813687
1715        0.008405881214935202
1716        0.006006964596633759
1717        0.003252079705939244
1718        0.004273553878893401
1719        0.0043528728961114245
1720        0.0026233313987231535
1721        0.0016115302766492598
1722        0.028314954536660875
1723        0.01777132907719095
