1        0.004240665505900552
2        0.008881795318243381
3        0.0020468175662604004
4        0.0031011801122073825
5        0.0022654285161539923
6        0.007370864770748687
7        0.009150706132714277
8        0.001106597020700331
9        0.002006190752563362
10        0.004819113948539357
11        0.006299090733217244
12        0.0013484232927065205
13        0.0013194041400657786
14        0.0019171986844650805
15        0.002170632617527569
16        0.01113561617334111
17        0.012383439736893067
18        0.007929967111627013
19        0.0027471464499903265
20        0.002168698007351519
21        0.00502418262720061
22        0.003366221706326173
23        0.0033062487908686335
24        0.006063068291739205
25        0.0036757593344940945
26        0.0014857806152060375
27        0.0020913136003095395
28        0.002532404720448833
29        0.0038692203520990444
30        0.0013832462758754163
31        0.0013793770555233164
32        0.0019520216676339748
33        0.001342619462178375
34        0.0017527568195008728
35        0.0015438189204875256
36        0.0038730895724511495
37        0.009822015863803473
38        0.006262333139872295
39        0.0034068485200232155
40        0.0051073708647707385
41        0.005047397949313203
42        0.002793577094215512
43        0.003520990520410141
44        0.003106983942735538
45        0.0029444766879473767
46        0.0024085896691816598
47        0.005033855678080862
48        0.0026504159411878496
49        0.004745598761849478
50        0.003302379570516542
51        0.007057457922228659
52        0.005811568968852766
53        0.003457148384600497
54        0.002981234281292318
55        0.0029502805184755255
56        0.0024260011607661037
57        0.008941768233700917
58        0.0017546914296769252
59        0.004490230218610947
60        0.005714838460050284
61        0.006105629715612291
62        0.008798607080673256
63        0.006780808667053574
64        0.007620429483459086
65        0.002845811568968849
66        0.007721029212613663
67        0.004097504352872889
68        0.00904623718320761
69        0.001868833430063845
70        0.002623331398723161
71        0.0037009092667827383
72        0.0020874443799574396
73        0.003455213774424455
74        0.007794544399303538
75        0.007947378603211477
76        0.004385761269104265
77        0.004416715031921058
78        0.0028342039079125515
79        0.005049332559489253
80        0.005867672663958202
81        0.004846198491004049
82        0.005894757206422891
83        0.0028245308570323028
84        0.0028187270265041557
85        0.0017237376668601339
86        0.002841942348616751
87        0.001955890887986074
88        0.0010930547494679814
89        0.001808860514606308
90        0.002133875024182632
91        0.002952215128651577
92        0.004476687947378593
93        0.0027471464499903286
94        0.011069839427355423
95        0.004776552524666268
96        0.002602050686786613
97        0.004724318049912938
98        0.008953375894757228
99        0.009415747726833068
100        0.004407041981040812
101        0.005078351712129995
102        0.011182046817566304
103        0.00537628167924162
104        0.004503772489843294
105        0.0033778293673824705
106        0.005569742696846577
107        0.00321725672277036
108        0.0037705552331205178
109        0.001913329464112985
110        0.0015534919713677744
111        0.001505126716966535
112        0.0024201973302379605
113        0.003857612691042751
114        0.003165022248017023
115        0.004211646353259806
116        0.005782549816212021
117        0.01248017024569552
118        0.012803250145095806
119        0.011754691429676965
120        0.012164828786999453
121        0.010458502611723779
122        0.005887018765718689
123        0.011153027664925536
124        0.004058812149351895
125        0.0060011607661056105
126        0.012540143161153044
127        0.007970593925324045
128        0.004970013542271222
129        0.0017933836331979146
130        0.0018146643451344587
131        0.00791642484039466
132        0.007521764364480561
133        0.004163281098858573
134        0.0021880441091120142
135        0.004343199845231175
136        0.004942928999806526
137        0.005264074289030747
138        0.005786419036564122
139        0.005749661443219183
140        0.003913716386148183
141        0.003934997098084729
142        0.004114915844457331
143        0.0041129812342812835
144        0.008593538402012007
145        0.008699941961694742
146        0.008067324434126527
147        0.0018262720061907553
148        0.00391565099632423
149        0.002232540143161156
150        0.006140452698781188
151        0.0018572257690075507
152        0.0037144515380150888
153        0.0027548848906945216
154        0.0012787773263687398
155        0.008581930740955717
156        0.005925710969239685
157        0.006109498935964391
158        0.006229444766879466
159        0.006622170632617514
160        0.005859934223254007
161        0.004076223640936345
162        0.006759527955117036
163        0.006773070226349375
164        0.0075507835171213095
165        0.003704778487134832
166        0.0050667440510737
167        0.003710582317662985
168        0.0012652350551363922
169        0.002857419230025152
170        0.0014586960727413466
171        0.0023466821435480767
172        0.0033023795705165405
173        0.006169471851421926
174        0.012847746179144902
175        0.0031514799767846735
176        0.005378216289417668
177        0.008001547688140837
178        0.008198877926097903
179        0.005848326562197703
180        0.005461404526987803
181        0.005780615206035968
182        0.005177016831108516
183        0.0024588895337589465
184        0.005778680595859916
185        0.006440317276068859
186        0.006504159411878491
187        0.0019984523118591647
188        0.0023544205842522758
189        0.007604952602050676
190        0.002884503772489843
191        0.005349197136776933
192        0.004532791642484032
193        0.006194621783710565
194        0.004424453472625251
195        0.00908686399690465
196        0.006324240665505884
197        0.00400077384407041
198        0.004706906558328483
199        0.005772876765331771
200        0.0023815051267169667
201        0.003462952215128653
202        0.002838073128264654
203        0.004130392725865726
204        0.0058754111046623895
205        0.002967692010059965
206        0.008326562197717165
207        0.003501644418649642
208        0.005436254594699159
209        0.008158251112400866
210        0.00512478235635518
211        0.0019636293286902705
212        0.005171213000580371
213        0.002246082414393501
214        0.0035867672663958206
215        0.0075488489069452476
216        0.006569936157864178
217        0.0029464112981234273
218        0.001019539562778101
219        0.0012574966144321912
220        0.0014277423099245518
221        0.009253240472044906
222        0.0018997871928806346
223        0.006161733410717723
224        0.0010601663764751407
225        0.001232346682143548
226        0.001541884310311474
227        0.0018436834977751991
228        0.0023815051267169676
229        0.004111046624105234
230        0.001586380344360616
231        0.002576900754497968
232        0.001984910040626815
233        0.0011685045463339146
234        0.001777906751789516
235        0.009885857999613125
236        0.01064422518862452
237        0.005153801508995918
238        0.008309150706132707
239        0.004240665505900552
240        0.0028496807893209496
241        0.009150706132714301
242        0.003621590249564704
243        0.0038402011994583
244        0.0029077190946024335
245        0.0023776359063648646
246        0.0024956471271038888
247        0.0020352099052041027
248        0.002282840007738442
249        0.004449603404913903
250        0.00196943315921842
251        0.0021396788547107756
252        0.0034165215709034582
253        0.0025962468562584643
254        0.00918165989553105
255        0.005859934223254002
256        0.0024414780421745017
257        0.0019829754304507667
258        0.004381892048752172
259        0.005409170052234461
260        0.006140452698781182
261        0.004652737473399102
262        0.002665892822596243
263        0.003337202553685428
264        0.0023582898046043727
265        0.005639388663184357
266        0.0017798413619655692
267        0.002803250145095767
268        0.002278970787386345
269        0.005999226155929565
270        0.0024511510930547505
271        0.005256335848326553
272        0.0033255948926291324
273        0.0024801702456954907
274        0.0031650222480170223
275        0.0032791642484039426
276        0.0022518862449216483
277        0.00508028632230604
278        0.008005416908492937
279        0.004557941574772667
280        0.003813116656993605
281        0.004080092861288444
282        0.003998839233894365
283        0.0014490230218610993
284        0.0020081253627394074
285        0.002927065196362933
286        0.004480557167730698
287        0.0024279357709421513
288        0.0037434706906558294
289        0.002681369704004638
290        0.0026368736699555004
291        0.001611530276649262
292        0.0017334107177403787
293        0.0023989166183014097
294        0.004828786999419604
295        0.003923389437028434
296        0.002758754111046621
297        0.0016695685819307438
298        0.0035654865544592746
299        0.004782356355194419
300        0.0010640355968272396
301        0.0015128651576707308
302        0.0017082607854517354
303        0.0018282066163668072
304        0.00351518668988198
305        0.0029289998065389743
306        0.0037028438769587885
307        0.005312439543431991
308        0.004379957438576116
309        0.0017875798026697634
310        0.005782549816212024
311        0.006908492938672845
312        0.008599342232540153
313        0.006745985683884692
314        0.005529115883149532
315        0.0036757593344940967
316        0.0020526213967885488
317        0.0023776359063648663
318        0.004049139098471647
319        0.003983362352485965
320        0.0016212033275295095
321        0.0023195976010833832
322        0.0029057844844263903
323        0.0067498549042367805
324        0.004964209711743073
325        0.003430063842135802
326        0.002466627974463145
327        0.006978138905010636
328        0.0034068485200232103
329        0.0018475527181273
330        0.0020042561423873084
331        0.0019075256335848339
332        0.0064577287676533006
333        0.0072141613464886695
334        0.003816985877345706
335        0.004615979880054161
336        0.005525246662797439
337        0.005062874830721604
338        0.003905977945443982
339        0.004554072354420573
340        0.004010446894950659
341        0.002698781195589088
342        0.004946798220158625
343        0.010829947765525245
344        0.012100986651189827
345        0.009777519829754335
346        0.011859160379183638
347        0.004710775778680584
348        0.010383052814857806
349        0.0052698781195589
350        0.003228864383826653
351        0.008618688334300663
352        0.0011588314954536659
353        0.0020158638034436112
354        0.002340878313019926
355        0.004552137744244528
356        0.003894370284387693
357        0.004403172760688713
358        0.004347069065583275
359        0.010222480170245725
360        0.011652157090346327
361        0.007096150125749649
362        0.009847165796092124
363        0.005681950087057442
364        0.005881214935190544
365        0.002412458889533759
366        0.004312246082414384
367        0.0017411491584445767
368        0.00200232153221126
369        0.004023989166183006
370        0.006076610562971543
371        0.0031476107564325775
372        0.0029773650609402178
373        0.002426001160766106
374        0.0029425420777713235
375        0.005010640355968259
376        0.005202166763397164
377        0.003950473979493122
378        0.003989166183014115
379        0.0030199264848133067
380        0.005890887986070793
381        0.00798607080673245
382        0.0062816792416328015
383        0.004786225575546513
384        0.0059353840201199345
385        0.003751209131360024
386        0.009522151286515797
387        0.009566647320564918
388        0.009796865931514818
389        0.004080092861288443
390        0.004267750048365244
391        0.004933255948926279
392        0.005275681950087045
393        0.0024975817372799355
394        0.005057071000193451
395        0.002151286515767074
396        0.00446701489649835
397        0.008676726639582133
398        0.00472044882956083
399        0.010278583865351142
400        0.005587154188431013
401        0.009713677693944673
402        0.013058618688334326
403        0.004300638421358081
404        0.004080092861288442
405        0.0032095182820661627
406        0.0024453472625266016
407        0.004041400657767456
408        0.002387308957245112
409        0.0018804410911201423
410        0.002840007738440699
411        0.006844650802863215
412        0.0018436834977752026
413        0.00408009286128845
414        0.004043335267943502
415        0.004675952795511692
416        0.010402398916618342
417        0.011605726446121142
418        0.002307989940027083
419        0.00479783323660281
420        0.001946217837105826
421        0.004405107370864759
422        0.004190365641323265
423        0.0020951828206616377
424        0.004507641710195377
425        0.004703037337976387
426        0.004995163474559867
427        0.003577094215515561
428        0.0037260591990713786
429        0.005904430257303137
430        0.0021996517701683123
431        0.00296769201005997
432        0.0030005803830528083
433        0.004408976591216857
434        0.010615206035983754
435        0.0042387308957245046
436        0.002503385567808083
437        0.004830721609595654
438        0.010468175662603989
439        0.007804217450183794
440        0.007949313213387517
441        0.00725285355000967
442        0.005693557748113742
443        0.0023486167537241243
444        0.0019075256335848352
445        0.0021319404140065787
446        0.002542077771329076
447        0.002681369704004639
448        0.002905784484426388
449        0.005296962662023592
450        0.0054053008318823625
451        0.0051557361191719745
452        0.005430450764171008
453        0.005608434900367557
454        0.005283420390791242
455        0.005060940220545548
456        0.0030315341458696052
457        0.0028264654672083556
458        0.006097891274908088
459        0.0021667633971754674
460        0.003878893402979297
461        0.010290191526407432
462        0.00960920874443799
463        0.00413426194621783
464        0.005894757206422903
465        0.013358483265621978
466        0.010276649255175092
467        0.003573224995163473
468        0.004188431031147218
469        0.012633004449603403
470        0.0069046237183207505
471        0.004565680015476874
472        0.009026891081447089
473        0.013453279164248417
474        0.009396401625072558
475        0.012625266008899204
476        0.013416521570903474
477        0.005612304120719674
478        0.011799187463726058
479        0.0031592184174888795
480        0.01693170826078547
481        0.00463919520216676
482        0.008322692977365046
483        0.015325981814664345
484        0.0034474753337202565
485        0.015385954730121887
486        0.004443799574385756
487        0.006749854904236791
488        0.014254207777132917
489        0.013650609402205468
490        0.005484619849100399
491        0.004962275101567026
492        0.008668988198877922
493        0.014857806152060364
494        0.0025749661443219235
495        0.009046237183207578
496        0.012876765331785658
497        0.010909266782743276
498        0.011149158444573419
499        0.0032191913329464123
500        0.012220932482104858
501        0.017900947958986262
502        0.007827432772296375
503        0.005498162120332742
504        0.003339137163861478
505        0.0035403366221706317
506        0.0037899013348810227
507        0.004608241439349963
508        0.004521183981427734
509        0.007250918939833621
510        0.013089572451151107
511        0.004267750048365248
512        0.008024763010253429
513        0.008001547688140834
514        0.00862449216482879
515        0.006693751209131348
516        0.005641323273360408
517        0.005505900561036948
518        0.0064035596827239265
519        0.005871541884310302
520        0.010404333526794363
521        0.010195395627781004
522        0.010030953762816803
523        0.0035074482491777924
524        0.004772683304314178
525        0.004826852389243561
526        0.0047939640162507164
527        0.011795318243373959
528        0.015074482491777912
529        0.018098278196943304
530        0.021230412071967488
531        0.003813116656993616
532        0.0034378022828400064
533        0.0034087831301992627
534        0.004886825304701102
535        0.0037705552331205234
536        0.004271619268717353
537        0.004954536660862826
538        0.006836912362159015
539        0.013909847165796104
540        0.004836525440123809
541        0.007179338363319778
542        0.007632037144515375
543        0.00360998258850841
544        0.006744051073708627
545        0.009278390404333531
546        0.007219965177016815
547        0.012727800348229857
548        0.00710388856645385
549        0.006933642870961491
550        0.011112400851228475
551        0.009742696846585417
552        0.013356548655445942
553        0.008448442638808276
554        0.012147417295414978
555        0.0069607274134261795
556        0.006283613851808847
557        0.01452892242213194
558        0.010806732443412655
559        0.009382859353840206
560        0.005999226155929576
561        0.006063068291739204
562        0.00490810601663764
563        0.00623524859740762
564        0.007986070806732441
565        0.0026562197717160006
566        0.00621203327529502
567        0.002602050686786616
568        0.00285355000967305
569        0.004236796285548459
570        0.008680595859934219
571        0.004134261946217833
572        0.002754884890694526
573        0.0033623524859740777
574        0.004209711743083769
575        0.008645772876765333
576        0.009647900947958995
577        0.022209324821048558
578        0.006848520023215316
579        0.006738247243180489
580        0.009139098471657963
581        0.010009673050880255
582        0.008165989553105043
583        0.005165409170052227
584        0.00633971754691429
585        0.007976397755852193
586        0.007452118398142766
587        0.004755271812729724
588        0.003998839233894367
589        0.007330237957051644
590        0.008024763010253422
591        0.003793770555233121
592        0.002919326755658736
593        0.0025324047204488293
594        0.005554265815438184
595        0.00492745211839814
596        0.00573418456181079
597        0.008268523892435672
598        0.003768620622944475
599        0.004379957438576121
600        0.0018997871928806364
601        0.007721029212613658
602        0.002884503772489844
603        0.002112594312246084
604        0.0181717933836332
605        0.0043354614045269845
606        0.0028961114335461376
607        0.005101567034242588
608        0.005565873476494476
609        0.008138905010640357
610        0.002549816212033277
611        0.011501257496614459
612        0.0019384793964016256
613        0.00514799767846778
614        0.0032075836718901117
615        0.0021822402785838663
616        0.017705552331205278
617        0.008311085316308767
618        0.011373573224995178
619        0.007262526600889918
620        0.002538208550976978
621        0.0074927452118398186
622        0.0031398723157283815
623        0.0031224608241439333
624        0.014612110659702103
625        0.0022809053975623916
626        0.010932482104855874
627        0.013385567808086692
628        0.007132907719094588
629        0.004697233507448243
630        0.00385761269104275
631        0.010889920680982795
632        0.005515573611917184
633        0.0036641516734378025
634        0.00493905977945443
635        0.007738440704198101
636        0.0034764944863609954
637        0.0026233313987231595
638        0.002683304314180693
639        0.005627781002128056
640        0.013410717740375333
641        0.016550590056103702
642        0.0026833043141806906
643        0.010054169084929402
644        0.00437415360804797
645        0.00540336622170632
646        0.009137163861481916
647        0.006355194428322681
648        0.0018707680402398948
649        0.0037995743857612693
650        0.005827045850261166
651        0.006951054362545938
652        0.006206229444766869
653        0.00562971561230411
654        0.006676339717546897
655        0.0029057844844263886
656        0.017264461211065986
657        0.012453085703230825
658        0.014072354420584254
659        0.005035790288256909
660        0.006268136970400454
661        0.005426581543818909
662        0.0046991681176242915
663        0.005645192493712509
664        0.005314374153608039
665        0.005037724898432963
666        0.01864190365641323
667        0.006094022054555996
668        0.005482685238924351
669        0.008481331011801117
670        0.0047494679822015825
671        0.00613271425807699
672        0.006262333139872304
673        0.010259237763590659
674        0.005244728187270255
675        0.007063261752756809
676        0.004312246082414386
677        0.008705745792222866
678        0.006891081447088408
679        0.005333720255368536
680        0.007721029212613656
681        0.004176823370090922
682        0.0033178564519249372
683        0.010212807119365463
684        0.006827239311278769
685        0.011994583091507078
686        0.004834590829947756
687        0.004494099438963041
688        0.004697233507448242
689        0.007705552331205271
690        0.0029193267556587347
691        0.008812149351905593
692        0.004793964016250714
693        0.011416134648868275
694        0.0029560843490036783
695        0.001957825498162122
696        0.004590829947765518
697        0.005614238730895713
698        0.004528922422131932
699        0.013981427742309942
700        0.013710582317663004
701        0.010644225188624507
702        0.011965563938866346
703        0.008601276842716202
704        0.011425807699748517
705        0.009390597794544412
706        0.0038092474366415133
707        0.004424453472625265
708        0.011834010446894971
709        0.0047591410330818295
710        0.001884310311472239
711        0.007556587347649442
712        0.011452892242213212
713        0.01031340684852004
714        0.012549816212033289
715        0.005736119171986836
716        0.0051441284581156856
717        0.009378990133488108
718        0.003277229638227896
719        0.0054401238150512555
720        0.0023602244147804237
721        0.0022809053975623907
722        0.004151673437802279
723        0.0031824337396014687
724        0.004486360998258845
725        0.004625652930934411
726        0.0024975817372799368
727        0.004333526794350935
728        0.0047958986264267705
729        0.006225575546527374
730        0.009676920100599729
731        0.005513639001741136
732        0.017047784871348413
733        0.0033584832656219773
734        0.0040936351325207895
735        0.0047069065583284905
736        0.004285161539949696
737        0.002180305668407816
738        0.002793577094215518
739        0.004970013542271228
740        0.011849487328303362
741        0.01998452311859159
742        0.010344360611336834
743        0.011979106210098686
744        0.012725865738053802
745        0.003288837299284193
746        0.002830334687560459
747        0.00745598761849487
748        0.015327916424840394
749        0.01699555039659507
750        0.004546333913716379
751        0.010700328883729944
752        0.010052234474753348
753        0.005173147610756425
754        0.002333139872315729
755        0.004768814083962081
756        0.004658541303927257
757        0.004227123234668211
758        0.004832656219771708
759        0.009158444573418464
760        0.004078158251112391
761        0.011946217837105838
762        0.009816212033275313
763        0.01673050880247631
764        0.006299090733217251
765        0.004049139098471652
766        0.006012768427161917
767        0.0019481524472818735
768        0.0030489456374540535
769        0.004256142387308953
770        0.005747726833043134
771        0.008794737860321146
772        0.007868059585993424
773        0.01564906171406463
774        0.004349003675759333
775        0.004093635132520795
776        0.0034861675372412425
777        0.0043528728961114305
778        0.003315921841748888
779        0.01929773650609401
780        0.008605146063068296
781        0.005621977171599915
782        0.0059740762236409235
783        0.004871348423292701
784        0.001890114142000389
785        0.008742503385567818
786        0.002646546720835752
787        0.0159257109692397
788        0.01170245695492361
789        0.002985103501644422
790        0.0034126523505513618
791        0.006490617140646152
792        0.004614045269878115
793        0.006660862836138508
794        0.007328303346875603
795        0.004689495066744045
796        0.004691429676920095
797        0.00335654865544593
798        0.006391952021667624
799        0.004434126523505508
800        0.004606306829173913
801        0.004372218997871928
802        0.003029599535693557
803        0.006206229444766869
804        0.013312052621396812
805        0.01795124782356355
806        0.0071271038885664505
807        0.011677307022634947
808        0.012071967498549057
809        0.015921841748887607
810        0.01114142000386924
811        0.0049874250338556685
812        0.0063726059199071304
813        0.00746179144902302
814        0.003876958792803245
815        0.02017411491584444
816        0.0019152640742890338
817        0.0022441478042174515
818        0.004219384793964009
819        0.005952795511704377
820        0.005476881408396192
821        0.005395627781002115
822        0.01567034242600115
823        0.0070110272780034705
824        0.007558521957825497
825        0.011027278003482325
826        0.012234474753337207
827        0.006964596633778289
828        0.008800541690849307
829        0.009127490810601668
830        0.007465660669375116
831        0.007417295414973872
832        0.004484426388082793
833        0.0067750048365254325
834        0.00261172373766686
835        0.003927258657380531
836        0.00929580189591798
837        0.0029541497388276276
838        0.002395047397949315
839        0.006314567614625644
840        0.003600309537628166
841        0.004474753337202545
842        0.005093828593538393
843        0.004306442251886236
844        0.003797639775585214
845        0.0029792996711162706
846        0.0045153801508995865
847        0.008293673824724316
848        0.013832462758754138
849        0.004225188624492157
850        0.006184948732830324
851        0.004730121880441082
852        0.005803830528148565
853        0.013157283807312842
854        0.004544399303540332
855        0.0030740955697426977
856        0.002573031534145866
857        0.003426194621783705
858        0.010646159798800564
859        0.004730121880441086
860        0.003847939640162505
861        0.010000000000000012
862        0.005275681950087046
863        0.004722383439736882
864        0.004795898626426767
865        0.0021029212613658367
866        0.0018939833623524886
867        0.001849487328303349
868        0.005120913136003084
869        0.004995163474559873
870        0.007850648094408977
871        0.0020506867866124973
872        0.004548268523892434
873        0.0036254594699168083
874        0.013482298316889161
875        0.0039195202166763385
876        0.005556200425614232
877        0.002795511704391563
878        0.003875024182627195
879        0.006904623718320763
880        0.008189204875217636
881        0.004107177403753142
882        0.005329851035016432
883        0.0036196556393886642
884        0.017192880634552134
885        0.012302186109498951
886        0.007301218804410904
887        0.005188624492164823
888        0.002095182820661638
889        0.007889340297929986
890        0.015300831882375725
891        0.006949119752369882
892        0.0032288643838266594
893        0.011870768040239918
894        0.0063706713097310816
895        0.004521183981427732
896        0.0016270071580576527
897        0.00613077964790094
898        0.005591023408783119
899        0.005418843103114715
900        0.014654672083575173
901        0.002642677500483652
902        0.003519055910234087
903        0.004211646353259816
904        0.0029425420777713317
905        0.00630489456374539
906        0.002124201973302379
907        0.0033584832656219765
908        0.0036080479783323596
909        0.002300251499322889
910        0.00583091507061326
911        0.0031301992648481293
912        0.00681950087057457
913        0.0026291352292513097
914        0.018268523892435676
915        0.004937125169278384
916        0.005815438189204863
917        0.005267943509382845
918        0.003993035403366216
919        0.00641903656413232
920        0.002807119365447865
921        0.003089572451151093
922        0.0051808860514606205
923        0.0026155929580189592
924        0.007129038498742495
925        0.002035209905204105
926        0.011412265428516179
927        0.00397175469142967
928        0.0025401431611530283
929        0.00519055910234087
930        0.011168504546333927
931        0.0030489456374540487
932        0.014314180692590446
933        0.01384407041981042
934        0.003261752756819501
935        0.003157283807312822
936        0.005519442832269286
937        0.004182627200619069
938        0.003464886825304699
939        0.006918165989553095
940        0.0038015089959373112
941        0.0018978525827045892
942        0.005908299477655236
943        0.009162313793770561
944        0.004066550590056102
945        0.005887018765718697
946        0.006765331785645188
947        0.004590829947765518
948        0.005900561036951044
949        0.005037724898432956
950        0.005246662797446306
951        0.00590636486747919
952        0.0058444573418456125
953        0.005939253240472036
954        0.01647707486941381
955        0.005095763203714441
956        0.005153801508995934
957        0.018562584639195186
958        0.009067517895144128
959        0.006666666666666658
960        0.004643064422518855
961        0.004997098084735918
962        0.00647514025923775
963        0.003383633197910622
964        0.0026020506867866135
965        0.01370864770748696
966        0.0048674792029406
967        0.006281679241632799
968        0.007709421551557357
969        0.0019288063455213799
970        0.005647127103888558
971        0.00781195589088798
972        0.013855678080866725
973        0.00910814470884117
974        0.006364867479202929
975        0.012936738247243207
976        0.003286902689108148
977        0.006215902495647117
978        0.006084349003675745
979        0.013722189978719308
980        0.008082801315534918
981        0.00549429289998064
982        0.019794931321338735
983        0.017833236602824515
984        0.0056239117817759605
985        0.01937318630295994
986        0.0042948345908299405
987        0.003284968078932099
988        0.004861675372412449
989        0.007755852195782552
990        0.002193847939640165
991        0.005177016831108518
992        0.0022073902108725083
993        0.0121667633971755
994        0.015712903849874258
995        0.020278583865351127
996        0.0031418069259044317
997        0.002737473399110078
998        0.014739794931321354
999        0.003480363706713095
1000        0.006724704971948143
1001        0.018326562197717146
1002        0.005803830528148564
1003        0.015035790288256929
1004        0.0036428709615012583
1005        0.0038672857419229973
1006        0.015471077577868066
1007        0.005273747339910999
1008        0.011259431224608268
1009        0.004610176049526008
1010        0.00584058812149351
1011        0.011456761462565326
1012        0.004735925710969231
1013        0.006359063648674788
1014        0.006879473786032103
1015        0.005051267169665301
1016        0.004979686593151468
1017        0.005643257883536455
1018        0.012358289804604383
1019        0.004784290965370465
1020        0.007088411685045452
1021        0.005935384020119933
1022        0.004261946217837101
1023        0.004646933642870956
1024        0.0022557554652737487
1025        0.002830334687560457
1026        0.0036041787579802653
1027        0.0032985103501644367
1028        0.005782549816212028
1029        0.00828013155349197
1030        0.00514993228864383
1031        0.005974076223640929
1032        0.0020139291932675593
1033        0.0047049719481524355
1034        0.011677307022634954
1035        0.003977558521957818
1036        0.007626233313987236
1037        0.006355194428322682
1038        0.004186496420971168
1039        0.004140065776745983
1040        0.005385954730121875
1041        0.002899980653898234
1042        0.01696846585413039
1043        0.006388082801315521
1044        0.00651383246275874
1045        0.011828206616366816
1046        0.0022518862449216488
1047        0.002507254788160187
1048        0.00224414780421745
1049        0.00372025536854324
1050        0.008400077384407052
1051        0.0037163861481911377
1052        0.010063842135809645
1053        0.006929773650609395
1054        0.005956664732056481
1055        0.003758947572064225
1056        0.008051847552718134
1057        0.008305281485780617
1058        0.018458115689688533
1059        0.008413619655639398
1060        0.0025091893983362314
1061        0.003921454826852379
1062        0.005211839814277413
1063        0.0032230605532985093
1064        0.005801895917972518
1065        0.004083962081640546
1066        0.004441864964209707
1067        0.012907719094602447
1068        0.016210098665118987
1069        0.007810021280711944
1070        0.008690268910814475
1071        0.007123234668214346
1072        0.004347069065583281
1073        0.005852195782549809
1074        0.012015863803443634
1075        0.0068794737860320984
1076        0.007401818533565477
1077        0.006480944089765901
1078        0.011984910040626816
1079        0.008167924163281094
1080        0.011530276649255185
1081        0.01684852002321532
1082        0.02079319017218031
1083        0.019307409556974266
1084        0.006461597988005413
1085        0.022164828786999435
1086        0.007906751789514404
1087        0.009301605726446118
1088        0.004672083575159601
1089        0.007169665312439541
1090        0.010212807119365442
1091        0.023842135809634356
1092        0.005325981814664349
1093        0.01873669955503965
1094        0.011013735732249945
1095        0.008313019926484805
1096        0.007893209518282063
1097        0.005912168698007346
1098        0.020491390984716588
1099        0.0073979493132133815
1100        0.010601663764751404
1101        0.006660862836138514
1102        0.010390791255562002
1103        0.005935384020119937
1104        0.011253627394080095
1105        0.005732249951634741
1106        0.008345908299477648
1107        0.003979493132133875
1108        0.012890307603017988
1109        0.017117430837686205
1110        0.005515573611917195
1111        0.01289224221319405
1112        0.005476881408396205
1113        0.005465273747339907
1114        0.005000967305088016
1115        0.00943122460824144
1116        0.007307022634939056
1117        0.007641710195395623
1118        0.00717159992261559
1119        0.008291739214548259
1120        0.014122654285161539
1121        0.009773650609402208
1122        0.009787192880634555
1123        0.014747533372025525
1124        0.018976591216869787
1125        0.004232927065196362
1126        0.007051654091700511
1127        0.013867285741923011
1128        0.01897659121686978
1129        0.014240665505900557
1130        0.005643257883536462
1131        0.004260011607661054
1132        0.011652157090346298
1133        0.017682337009092698
1134        0.005801895917972521
1135        0.00397755852195782
1136        0.008732830334687554
1137        0.00882762623331398
1138        0.009914877152253825
1139        0.011242019733023793
1140        0.009344167150319204
1141        0.022039079125556218
1142        0.013261752756819503
1143        0.011648287869994193
1144        0.003689301605726447
1145        0.005685819307409547
1146        0.007796479009479585
1147        0.007001354227123222
1148        0.004704971948152441
1149        0.00767653317856451
1150        0.010717740375314366
1151        0.007307022634939053
1152        0.010315341458696075
1153        0.008688334300638423
1154        0.017970593925324057
1155        0.005362739408009281
1156        0.011493519055910235
1157        0.010957632037144512
1158        0.007659121686980071
1159        0.0038885664538595454
1160        0.018725091893983362
1161        0.0062410524279357645
1162        0.012576900754497968
1163        0.010613271425807693
1164        0.012290578448442639
1165        0.009624685625846396
1166        0.009017218030566834
1167        0.019369317082607855
1168        0.00926291352292513
1169        0.014114915844457355
1170        0.01624298703811183
1171        0.017051654091700518
1172        0.021106597020700318
1173        0.00949119752369896
1174        0.008289804604372213
1175        0.018061520603598374
1176        0.008009286128845045
1177        0.002304120719674988
1178        0.014577287676533197
1179        0.021332946411298116
1180        0.010822209324821062
1181        0.004838460050299862
1182        0.012942542077771325
1183        0.011077577868059584
1184        0.00603211452892242
1185        0.02218997871928807
1186        0.012431804991294268
1187        0.00805958599342232
1188        0.00491584445734184
1189        0.018804410911201393
1190        0.01667440510737087
1191        0.009961307796479014
1192        0.017806152060359823
1193        0.008539369317082608
1194        0.0089998065389824
1195        0.002849680789320953
1196        0.006668601276842708
1197        0.008918552911588312
1198        0.0066686012768427125
1199        0.005921841748887595
1200        0.006401625072547874
1201        0.0110350164441865
1202        0.00831301992648481
1203        0.006598955310504927
1204        0.0072721996517701604
1205        0.007674598568388467
1206        0.006912362159024948
1207        0.005424646933642866
1208        0.009251305861868843
1209        0.00973302379570517
1210        0.005432385374347063
1211        0.00811762429870381
1212        0.01682143548075063
1213        0.006157864190365635
1214        0.0059605339524085805
1215        0.008268523892435682
1216        0.010959566647320559
1217        0.006055329851035011
1218        0.01765331785645192
1219        0.010485587154188432
1220        0.01318823757012962
1221        0.017993809247436626
1222        0.010528148578061529
1223        0.008425227316695691
1224        0.0037512091313600324
1225        0.0046082414393499695
1226        0.0056393886631843654
1227        0.0036467401818533556
1228        0.010417875798026702
1229        0.015289224221319406
1230        0.009274521183981435
1231        0.005004836525440118
1232        0.00801315534919714
1233        0.0072064229057844835
1234        0.013004449603404931
1235        0.009632424066550588
1236        0.003114722383439739
1237        0.005821242019733017
1238        0.008152447281872694
1239        0.005621977171599914
1240        0.011489649835558145
1241        0.008899206809827817
1242        0.005765138324627578
1243        0.009881988779260985
1244        0.011804991294254209
1245        0.004894563745405296
1246        0.006486747920294055
1247        0.0064151673437802155
1248        0.003720255368543238
1249        0.018533565486554448
1250        0.007417295414973878
1251        0.01194234861675375
1252        0.0161249758173728
1253        0.01951054362545945
1254        0.007833236602824532
1255        0.010042561423873102
1256        0.014666279744631465
1257        0.011507061327142576
1258        0.006382278970787377
1259        0.005198297543045071
1260        0.01299864577287676
1261        0.012447281872702658
1262        0.00899400270845425
1263        0.01522731669568582
1264        0.012385374347069072
1265        0.009276455794157479
1266        0.004217450183787963
1267        0.006465467208357504
1268        0.018214354807506286
1269        0.008670922809053981
1270        0.008359450570710006
1271        0.021911394853936915
1272        0.008278196943315929
1273        0.006123041207196744
1274        0.007365060940220544
1275        0.018995937318630283
1276        0.01029986457728768
1277        0.018908879860708064
1278        0.008647707486941384
1279        0.008169858773457146
1280        0.007223834397368923
1281        0.008814083962081633
1282        0.0073824724318049826
1283        0.004836525440123813
1284        0.003461017604952603
1285        0.005560069645966329
1286        0.01543045076417101
1287        0.007076804023989164
1288        0.00946217837105823
1289        0.009537628167924164
1290        0.013099245502031356
1291        0.008732830334687561
1292        0.012373766686012776
1293        0.008322692977365063
1294        0.0085664538595473
1295        0.006856258463919517
1296        0.005546527374733987
1297        0.007560456568001541
1298        0.007684271619268717
1299        0.011563165022248025
1300        0.008492938672857418
1301        0.007173534532791641
1302        0.005995356935577473
1303        0.008011220739021083
1304        0.007651383246275873
1305        0.009781389050106414
1306        0.006939446701489643
1307        0.010472044882956099
1308        0.007808086670535888
1309        0.009411878506480943
1310        0.00636099825885083
1311        0.009688527761656029
1312        0.00890307603017992
1313        0.006854323853743463
1314        0.018843103114722377
1315        0.02194428322692976
1316        0.02026310698394274
1317        0.021093054749467995
1318        0.006753724124588887
1319        0.008682530470110276
1320        0.008624492164828796
1321        0.00397368930160572
1322        0.004536660862836134
1323        0.004838460050299861
1324        0.004772683304314179
1325        0.004167150319210676
1326        0.0050744824917779005
1327        0.0050203134068485195
1328        0.0043567421164635335
1329        0.009117817759721416
1330        0.005428516153994965
1331        0.007326368736699554
1332        0.0074792029406074625
1333        0.006823370090926668
1334        0.005374347069065575
1335        0.00627200619075256
1336        0.006618301412265419
1337        0.016689881988779253
1338        0.003952408589669175
1339        0.020245695492358273
1340        0.019133294641129808
1341        0.007968659315148001
1342        0.008866318436834974
1343        0.013435867672663963
1344        0.00621009866511897
1345        0.006999419616947177
1346        0.012507254788160201
1347        0.010679048171793382
1348        0.011520603598374935
1349        0.013718320758367182
1350        0.008481331011801119
1351        0.00685238924356741
1352        0.007001354227123227
1353        0.006622170632617517
1354        0.010704198104082031
1355        0.014585026117237382
1356        0.0075817372799380925
1357        0.004971948152447277
1358        0.007651383246275872
1359        0.0059334494099438926
1360        0.00435093828593538
1361        0.005418843103114718
1362        0.007918359450570707
1363        0.0053801508995937235
1364        0.0061153027664925435
1365        0.008055716773070216
1366        0.008964983555813495
1367        0.00384020119945831
1368        0.00921841748887599
1369        0.009661443219191325
1370        0.010851228477461785
1371        0.009177790675178944
1372        0.005815438189204875
1373        0.0039659508609015265
1374        0.007328303346875599
1375        0.0064809440897659045
1376        0.005635519442832256
1377        0.007200619075256334
1378        0.006504159411878501
1379        0.017071000193461028
1380        0.0042019733023795705
1381        0.014434126523505517
1382        0.009661443219191336
1383        0.014780421745018375
1384        0.00915070613271426
1385        0.010255368543238537
1386        0.005316308763784092
1387        0.00907138711549623
1388        0.012758754111046634
1389        0.008225962468562588
1390        0.02031727606887211
1391        0.004683691236215895
1392        0.01555620042561423
1393        0.007827432772296382
1394        0.009216482878699942
1395        0.011408396208164055
1396        0.010504933255948931
1397        0.008463919520216677
1398        0.01263106983942736
1399        0.00615012574966143
1400        0.011532211259431232
1401        0.013333333333333343
1402        0.0037028438769587907
1403        0.006413232733604171
1404        0.002319597601083384
1405        0.007341845618107958
1406        0.022888372992841955
1407        0.008827626233313983
1408        0.010131553491971375
1409        0.0056993615786418966
1410        0.008777326368736705
1411        0.005960533952408585
1412        0.011772102921261365
1413        0.00843296575739988
1414        0.009353840201199459
1415        0.009148771522538197
1416        0.00852389243567421
1417        0.010232153221125938
1418        0.003981427742309921
1419        0.007483072160959557
1420        0.006391952021667624
1421        0.007401818533565483
1422        0.008527761656026315
1423        0.006504159411878499
1424        0.007949313213387502
1425        0.009477655252466624
1426        0.007899013348810205
1427        0.003526794350938278
1428        0.011098858579996145
1429        0.01195008705745792
1430        0.009102340878313016
1431        0.007595279551170434
1432        0.006202360224414772
1433        0.0038092474366415155
1434        0.00785064809440897
1435        0.006827239311278769
1436        0.009729154575353064
1437        0.007308957245115105
1438        0.01817566260398529
1439        0.009262913522925131
1440        0.01793964016250726
1441        0.0191952021667634
1442        0.010243760882182248
1443        0.012284774617914494
1444        0.007883536467401813
1445        0.008968852776165595
1446        0.006333913716386141
1447        0.013081834010446889
1448        0.012275101567034239
1449        0.024556006964596637
1450        0.025223447475333716
1451        0.024076223640936353
1452        0.021493519055910227
1453        0.023134068485200228
1454        0.016144321919133287
1455        0.011375507835171217
1456        0.02518668988198877
1457        0.008138905010640352
1458        0.019201005997291538
1459        0.026457728767653323
1460        0.010388856645385951
1461        0.021274908106016642
1462        0.0181137550783517
1463        0.014937125169278387
1464        0.0102108725091894
1465        0.013654478622557566
1466        0.008434900367575927
1467        0.018728961114335457
1468        0.006871735345327917
1469        0.021715999226155913
1470        0.011567034242600116
1471        0.009642097117430836
1472        0.01012574966144323
1473        0.007767459856838852
1474        0.011042754884890692
1475        0.014650802863223067
1476        0.01620622944476688
1477        0.010756432578835361
1478        0.01135616173341071
1479        0.008456181079512475
1480        0.009686593151479968
1481        0.013561617334107167
1482        0.01094602437608822
1483        0.008318823757012966
1484        0.011158831495453657
1485        0.008883729928419426
1486        0.011329077190946028
1487        0.007966724704971949
1488        0.011288450377248984
1489        0.004869413813116652
1490        0.010315341458696066
1491        0.00345908299477655
1492        0.007173534532791641
1493        0.014563745405300832
1494        0.0053936931708260735
1495        0.023861481911394856
1496        0.02054362545946991
1497        0.027645579415747707
1498        0.009408009286128855
1499        0.01809247436641516
1500        0.010199264848133095
1501        0.012337009092667819
1502        0.0029676920100599755
1503        0.0073399110079319
1504        0.00585799961307796
1505        0.014704971948152451
1506        0.007761656026310689
1507        0.005621977171599912
1508        0.011495453666086272
1509        0.00840201199458308
1510        0.01713097310891855
1511        0.012588508415554261
1512        0.006090152834203901
1513        0.008945637454053012
1514        0.008434900367575932
1515        0.009916811762429886
1516        0.010586186883343007
1517        0.026831108531630853
1518        0.011176242987038116
1519        0.012915457535306632
1520        0.008243373960147026
1521        0.008274327722963819
1522        0.007543045076417096
1523        0.014542464693364288
1524        0.013803443606113375
1525        0.007895144128458115
1526        0.004314180692590442
1527        0.011795318243373973
1528        0.02144515380150897
1529        0.005987618494873277
1530        0.016362932869026896
1531        0.01428903076030181
1532        0.022511124008512268
1533        0.005979880054169078
1534        0.01313793770555232
1535        0.004445734184561808
1536        0.0079454439930354
1537        0.015157670729348033
1538        0.018903076030179912
1539        0.011706326175275686
1540        0.011837879667247038
1541        0.009299671116270057
1542        0.009413813116656988
1543        0.007204488295608433
1544        0.006960727413426185
1545        0.007194815244728181
1546        0.0068349777519829714
1547        0.008020893789901328
1548        0.006782743277229631
1549        0.006856258463919515
1550        0.008055716773070225
1551        0.027552718127297315
1552        0.011456761462565291
1553        0.01737473399110079
1554        0.009880054169084933
1555        0.009228090539756238
1556        0.008939833623524861
1557        0.015473012188044132
1558        0.02144128458115688
1559        0.006544786225575541
1560        0.005914103308183394
1561        0.016364867479202946
1562        0.013308183401044699
1563        0.01221125943122462
1564        0.0065680015476881305
1565        0.011029212613658352
1566        0.02311278777326368
1567        0.009446701489649833
1568        0.010806732443412648
1569        0.011996517701683104
1570        0.008634165215709031
1571        0.006072741342619452
1572        0.013894370284387694
1573        0.010473979493132128
1574        0.025202166763397166
1575        0.014455407235442053
1576        0.026121106597020674
1577        0.03177403753143739
1578        0.02257109692396982
1579        0.025322112594312232
1580        0.024898432965757382
1581        0.021257496614432193
1582        0.0068330431418069226
1583        0.0194331592184175
1584        0.02201779841361965
1585        0.030338556780808656
1586        0.01875604565680016
1587        0.007984136196556385
1588        0.008759914877152246
1589        0.01473399110079319
1590        0.009342232540143163
1591        0.01647900947958987
1592        0.020580383052814875
1593        0.008189204875217649
1594        0.011021474172954142
1595        0.01230412071967498
1596        0.022203520990520413
1597        0.015196362932869016
1598        0.01217450183787967
1599        0.008924356742116463
1600        0.017471464499903274
1601        0.005476881408396204
1602        0.02662990907332172
1603        0.016809827819694322
1604        0.011191719868446515
1605        0.013520990520410132
1606        0.015670342426001148
1607        0.008988198877926097
1608        0.019359644031727612
1609        0.00986070806732443
1610        0.021429676920100612
1611        0.003944670148964978
1612        0.008371058231766296
1613        0.010197330237957044
1614        0.012319597601083386
1615        0.012311859160379177
1616        0.023451344554072346
1617        0.022147417295414973
1618        0.007682337009092666
1619        0.009628554846198494
1620        0.017881601857225756
1621        0.01512284774617914
1622        0.012768427161926874
1623        0.018609015283420405
1624        0.011085316308763792
1625        0.014227123234668213
1626        0.014432191913329456
1627        0.012673631263300447
1628        0.013956277810021272
1629        0.015264074289030753
1630        0.01881408396208163
1631        0.015310504933255954
1632        0.008438769587928018
1633        0.006889146836912347
1634        0.02147804217450183
1635        0.009135229251305863
1636        0.01919326755658734
1637        0.017796479009479584
1638        0.007527568195008705
1639        0.01778874056877537
1640        0.020174114915844452
1641        0.01663958212420197
1642        0.02938866318436837
1643        0.024790094795898623
1644        0.03089959373186306
1645        0.008997871928806345
1646        0.008868253047011028
1647        0.008934029792996708
1648        0.01714838460050301
1649        0.01717546914296769
1650        0.010876378409750437
1651        0.012611723737666853
1652        0.01187270265041594
1653        0.0190191526407429
1654        0.002963822789707874
1655        0.020040626813697015
1656        0.023753143741536073
1657        0.02413813116656993
1658        0.025347262526600873
1659        0.021830141226542848
1660        0.024178757980266967
1661        0.015322112594312258
1662        0.010119945830915075
1663        0.007657187076804018
1664        0.016964596633778292
1665        0.021855291158831492
1666        0.021375507835171215
1667        0.012217063261752748
1668        0.006422905784484423
1669        0.004432191913329454
1670        0.006213967885471064
1671        0.012569162313793769
1672        0.011553491971367779
1673        0.006362932869026884
1674        0.002865157670729347
1675        0.03064229057844846
1676        0.006593151479976774
1677        0.010586186883343012
1678        0.013981427742309928
1679        0.010677113561617334
1680        0.011644418649642102
1681        0.007645579415747729
1682        0.009845231185916035
1683        0.015142193847939644
1684        0.009450570710001932
1685        0.01069065583284968
1686        0.008224027858386536
1687        0.009359644031727603
1688        0.0038885664538595445
1689        0.009647900947958987
1690        0.00815825111240085
1691        0.024995163474559882
1692        0.02654478622557552
1693        0.005664538595473005
1694        0.0093944670148965
1695        0.011329077190946018
1696        0.007274134261946214
1697        0.010934416715031923
1698        0.025151866898819864
1699        0.0034203907912555565
1700        0.007386341652157087
1701        0.017858386535113173
1702        0.009862642677500482
1703        0.010506867866124965
1704        0.013697040046430636
1705        0.008578061520603595
1706        0.004066550590056094
1707        0.011464499903269523
1708        0.004385761269104269
1709        0.005163474559876174
1710        0.004397368930160568
1711        0.003909847165796084
1712        0.01290384987425039
1713        0.003515186689881978
1714        0.003876958792803241
1715        0.005325981814664334
1716        0.004561810795124772
1717        0.0021783710582317646
1718        0.003931127877732634
1719        0.0036951054362545865
1720        0.0019268717353453301
1721        0.001379377055523317
1722        0.019388663184368354
1723        0.013221125943122466
