1        0.0010795124782356387
2        0.0013735732249951697
3        0.0011162700715805806
4        0.00114722383439737
5        0.0009170052234474739
6        0.0013580963435867737
7        0.0020429483459083004
8        0.0008106016637647487
9        0.001044689495066744
10        0.0011356161733410753
11        0.0013851808860514637
12        0.0008376862062294423
13        0.0008318823757012931
14        0.001153027664925517
15        0.0010021280711936548
16        0.002004256142387308
17        0.001772102921261373
18        0.001557361191719874
19        0.0009073321725672273
20        0.0008473592571096898
21        0.0016037918359450584
22        0.001129812342812926
23        0.0011414200038692228
24        0.0014258076997485062
25        0.0009653704778487149
26        0.0007970593925324016
27        0.0010079319017218028
28        0.001050493325594892
29        0.001151093054749471
30        0.0008357515960533921
31        0.0008744437995743831
32        0.0012188044109112013
33        0.0008434900367575913
34        0.0012207390210872517
35        0.0008995937318630274
36        0.0012188044109112048
37        0.0015186689881988822
38        0.0011085316308763805
39        0.0009170052234474744
40        0.001108531630876381
41        0.0010504933255948924
42        0.000878313019926483
43        0.0012536273940800932
44        0.001033081834010448
45        0.0009170052234474746
46        0.0009053975623911773
47        0.0014528922422131958
48        0.0009305474946798213
49        0.0015689688527761741
50        0.0010021280711936553
51        0.0013000580383052864
52        0.0012884503772489897
53        0.001015670342426001
54        0.0009943896304894556
55        0.0009305474946798214
56        0.000953762816792415
57        0.0017914490230218664
58        0.0009131360030953753
59        0.0014703037337976416
60        0.0013039272586573868
61        0.0015302766492551788
62        0.0019113948539369338
63        0.0013987231572838124
64        0.0016695685819307475
65        0.0010156703424260025
66        0.0016676339717546988
67        0.0010775778680595868
68        0.0013658347842909722
69        0.0008299477655252437
70        0.0010775778680595868
71        0.0013735732249951658
72        0.000886051460630681
73        0.0012246082414393519
74        0.0013329464112981264
75        0.0012149351905591055
76        0.0012052621396788572
77        0.0013755078351712197
78        0.0010098665118978526
79        0.0015728380731282706
80        0.001597988005416915
81        0.0014374153608048047
82        0.00141033081834011
83        0.001096923969820083
84        0.0010427548848906956
85        0.0009015283420390783
86        0.0012826465467208374
87        0.0010059972915457537
88        0.0007738440704198074
89        0.0009479589862642658
90        0.00106016637647514
91        0.0014238730895724536
92        0.0014683691236215953
93        0.0009402205455600695
94        0.001959760108338174
95        0.001048558715418844
96        0.0008609015283420369
97        0.0011955890887986084
98        0.0018959179725285375
99        0.0019674985490423682
100        0.0009518282066163682
101        0.0010176049526020518
102        0.0020216676339717553
103        0.0013271425807699815
104        0.0012652350551363935
105        0.0010988585799961315
106        0.0012071967498549084
107        0.0009943896304894571
108        0.0011007931901721832
109        0.0009073321725672265
110        0.0008879860708067304
111        0.0008376862062294421
112        0.0013194041400657766
113        0.001503192106790486
114        0.000944089765912168
115        0.001406461597988011
116        0.0013987231572838122
117        0.002503385567808086
118        0.002139678854710777
119        0.002598181466434513
120        0.0020913136003095334
121        0.002207390210872512
122        0.001124008512284779
123        0.0020777713290771943
124        0.001104662410524282
125        0.0013774424453472675
126        0.0024472818727026484
127        0.0014896498355581383
128        0.0013271425807699793
129        0.0009266782743277217
130        0.0008705745792222849
131        0.00177790675178952
132        0.0014142000386922087
133        0.0010156703424260007
134        0.0009247436641516732
135        0.0011801122073902123
136        0.0013155349197136817
137        0.0011317469529889767
138        0.0012342812923196024
139        0.0015534919713677735
140        0.001418069259044307
141        0.0011510930547494712
142        0.0010640355968272426
143        0.0014451538015090007
144        0.0015844457341845698
145        0.0014683691236215947
146        0.0018456181079512524
147        0.0008705745792222855
148        0.0011510930547494727
149        0.0010001934610176057
150        0.0017585606500290223
151        0.0009576320371445149
152        0.0010524279357709426
153        0.0012013929193267585
154        0.0008492938672857392
155        0.0015283420390791308
156        0.0018727026504159478
157        0.0021725672277036145
158        0.001775972141613471
159        0.0017237376668601339
160        0.0019481524472818737
161        0.0010717740375314382
162        0.0013580963435867728
163        0.0014412845811569025
164        0.0014586960727413483
165        0.0014219384793964069
166        0.001360030953762821
167        0.0013000580383052856
168        0.0007622364093635104
169        0.0010698394273553887
170        0.0008338169858773427
171        0.0012168698007351544
172        0.00110853163087638
173        0.0018204681756626073
174        0.0036177210292126106
175        0.0011027278003482308
176        0.0010001934610176049
177        0.001462565293093449
178        0.0018146643451344587
179        0.0011201392919326764
180        0.0014877152253820927
181        0.0012091313600309562
182        0.0013735732249951684
183        0.0010446894950667453
184        0.0012381505126717008
185        0.0013097310891855322
186        0.0018398142774231007
187        0.0008570323079899372
188        0.0011897852582704602
189        0.001671503192106793
190        0.0010756432578835377
191        0.0020061907525633607
192        0.0010446894950667442
193        0.001352292513058622
194        0.0010098665118978523
195        0.001938479396401626
196        0.0012652350551363926
197        0.0012362159024956508
198        0.0010292126136583473
199        0.0011220739021087277
200        0.0008434900367575906
201        0.0012323466821435494
202        0.0009731089185529127
203        0.0009131360030953747
204        0.0015515573611917229
205        0.0010756432578835375
206        0.0011975236989746597
207        0.0009208744437995736
208        0.0009827819694331601
209        0.0015805765138324683
210        0.0011104662410524302
211        0.0009634358676726643
212        0.0011510930547494703
213        0.0009692396982008128
214        0.0012246082414393519
215        0.001739214548268528
216        0.0013522925130586233
217        0.00098278196943316
218        0.0008164054942928972
219        0.0009363513252079689
220        0.0011240085122847755
221        0.0016676339717546988
222        0.0009673050880247626
223        0.0010891855291158858
224        0.0008009286128845008
225        0.000986651189785257
226        0.0010118011220739019
227        0.0010698394273553876
228        0.0012942542077771359
229        0.001298123428129238
230        0.0008744437995743843
231        0.0011182046817566273
232        0.0008531630876378386
233        0.0007544979686593124
234        0.001091120139291933
235        0.0016212033275295075
236        0.0018088605146063096
237        0.0010466241052427949
238        0.0020042561423873123
239        0.0010195395627781007
240        0.0009421551557361182
241        0.0019423486167537282
242        0.0013445540723544243
243        0.0013368156316502268
244        0.0010350164441864978
245        0.0011336815631650264
246        0.0009286128845037724
247        0.0008725091893983348
248        0.0010253433933062493
249        0.001499322886438384
250        0.001085316308763787
251        0.0010156703424260014
252        0.0009847165796092086
253        0.0010621009866511914
254        0.001681176242987041
255        0.0008976591216869792
256        0.0008202747146449964
257        0.0009789127490810606
258        0.0015515573611917213
259        0.0012342812923196009
260        0.0013697040046430696
261        0.0010485587154188433
262        0.0009382859353840197
263        0.0010833816985877367
264        0.0008841168504546319
265        0.0012826465467208384
266        0.0008357515960533927
267        0.0011027278003482293
268        0.0009286128845037722
269        0.001538015089959375
270        0.0010234087831302
271        0.0014528922422131975
272        0.001007931901721805
273        0.0008744437995743841
274        0.0010562971561230408
275        0.001081447088411687
276        0.0009769781389050102
277        0.0013310118011220745
278        0.002031340684852005
279        0.0010543625459469934
280        0.00124395434319985
281        0.0010369510543625478
282        0.0011336815631650243
283        0.0009769781389050115
284        0.0009827819694331595
285        0.0013464886825304697
286        0.0014374153608048025
287        0.000932482104855871
288        0.0011220739021087275
289        0.001040820274714646
290        0.0010350164441864983
291        0.0009266782743277219
292        0.0010079319017218043
293        0.0008879860708067309
294        0.00153608047978333
295        0.001211065970207007
296        0.0011124008512284785
297        0.0009170052234474739
298        0.0013077964790094822
299        0.0009827819694331595
300        0.0007757786805958572
301        0.0008899206809827804
302        0.0010408202747146443
303        0.0011627007158057652
304        0.00127877732636874
305        0.0012845811568968893
306        0.001120139291932678
307        0.0011859160379183633
308        0.0009905204101373574
309        0.0008976591216869785
310        0.0011839814277423138
311        0.001433546140452705
312        0.0017662990907332202
313        0.0012362159024956513
314        0.0015012574966144388
315        0.0010311472238343988
316        0.0008995937318630287
317        0.0009382859353840199
318        0.0011665699361578673
319        0.001230412071967502
320        0.0008783130199264824
321        0.0008531630876378386
322        0.0012381505126716973
323        0.0009692396982008133
324        0.001062100986651191
325        0.0011317469529889754
326        0.0009286128845037711
327        0.0010621009866511927
328        0.0011975236989746586
329        0.0009344167150319216
330        0.0009576320371445157
331        0.0009827819694331597
332        0.0013058618688334316
333        0.001139485393693171
334        0.001033081834010447
335        0.001443219191332952
336        0.0012652350551363956
337        0.0015689688527761724
338        0.0011065970207003312
339        0.0012323466821435535
340        0.0012633004449603446
341        0.0011027278003482295
342        0.0013348810214741773
343        0.0016927839040433415
344        0.0020777713290771925
345        0.0020855097697813877
346        0.0024975817372799346
347        0.0012478235635519472
348        0.0022809053975623925
349        0.0016095956664732114
350        0.0009556974269684654
351        0.0020390791255562
352        0.0008860514606306813
353        0.0013484232927065203
354        0.001332946411298125
355        0.0012884503772489892
356        0.0011568968852776204
357        0.0011994583091507094
358        0.0013252079705939294
359        0.001779841361965568
360        0.002066163668020893
361        0.00133101180112208
362        0.0013406848520023278
363        0.001085316308763785
364        0.0012574966144321953
365        0.0009847165796092086
366        0.001389050106403565
367        0.0008241439349970951
368        0.00084542464693364
369        0.0010814470884116848
370        0.0014993228864383856
371        0.0009692396982008128
372        0.0009731089185529118
373        0.0010949893596440318
374        0.0009924550203134054
375        0.0015341458696072807
376        0.0009711743083768622
377        0.0014664345134455486
378        0.0012961888179531863
379        0.0012226736312633013
380        0.0011182046817566286
381        0.0014896498355581424
382        0.001197523698974659
383        0.0014393499709808516
384        0.0014103308183401094
385        0.0009518282066163669
386        0.0015883149545366682
387        0.0015767072934803712
388        0.0015612304120719712
389        0.0011065970207003297
390        0.0012884503772489907
391        0.0013658347842909718
392        0.0013155349197136819
393        0.000971174308376863
394        0.0013832462758754129
395        0.000965370477848714
396        0.0013348810214741764
397        0.0012652350551363933
398        0.0010698394273553895
399        0.0023524859740762225
400        0.0010272780034823001
401        0.0019133294641129842
402        0.0019346101760495263
403        0.0010853163087637856
404        0.001272973495840591
405        0.0008028632230605501
406        0.0008705745792222847
407        0.0014586960727413429
408        0.0010350164441864978
409        0.000973108918552912
410        0.001056297156123043
411        0.0015902495647127156
412        0.0009092667827432753
413        0.0015573611917198702
414        0.0012671696653124417
415        0.0013580963435867708
416        0.0020971174308376875
417        0.0018011220739021139
418        0.0009189398336235252
419        0.0015573611917198747
420        0.0009634358676726634
421        0.0011839814277423118
422        0.0013136003095376332
423        0.000864770748694136
424        0.0011685045463339172
425        0.0011743083768620663
426        0.0011240085122847757
427        0.0012691042754884925
428        0.0008783130199264827
429        0.001582511124008515
430        0.0011007931901721834
431        0.0010427548848906956
432        0.0009847165796092103
433        0.0010911201392919344
434        0.001942348616753727
435        0.0014509576320371502
436        0.0009324821048558708
437        0.0011723737666860157
438        0.002021667633971756
439        0.0017779067517895227
440        0.0012807119365447917
441        0.001485780615206042
442        0.0013464886825304745
443        0.0011839814277423125
444        0.0011201392919326775
445        0.001079512478235637
446        0.0009924550203134076
447        0.0009750435287289617
448        0.0008570323079899376
449        0.001474172954149742
450        0.0013426194621783758
451        0.0013677693944670198
452        0.0011801122073902136
453        0.0012981234281292367
454        0.00119752369897466
455        0.001064035596827241
456        0.0009402205455600689
457        0.0009402205455600686
458        0.0013580963435867674
459        0.0009498935964403166
460        0.0016869800735151885
461        0.0025923776359063665
462        0.002106790481717935
463        0.0016947185142193884
464        0.0018204681756626051
465        0.0024569549235828967
466        0.002197717159992264
467        0.0012633004449603422
468        0.0015496227510156712
469        0.002027471464499905
470        0.0019152640742890338
471        0.0015380150899593755
472        0.0016618301412265448
473        0.002189978719288066
474        0.0016927839040433372
475        0.0021203327529502837
476        0.0024395434319984537
477        0.0019288063455213803
478        0.002087444379957441
479        0.0013174695298897284
480        0.003134068485200233
481        0.0014877152253820857
482        0.0019036564132327352
483        0.0024027858386535127
484        0.001828206616366804
485        0.0026272006190752556
486        0.001454826852389244
487        0.001853356548655446
488        0.002611723737666858
489        0.002431804991294256
490        0.00143548075062875
491        0.0014586960727413446
492        0.0028593538402012023
493        0.0027297349584058804
494        0.0014006577674598574
495        0.0017914490230218623
496        0.0024704971948152476
497        0.0019462178371058244
498        0.003025730315341457
499        0.001458696072741344
500        0.0022789707873863444
501        0.0029212613658347875
502        0.0021125943122460838
503        0.0014915844457341863
504        0.0015476881408396225
505        0.0015863803443606143
506        0.001503192106790483
507        0.0017159992261559314
508        0.0015747726833043173
509        0.001661830141226546
510        0.002280905397562391
511        0.001218804410911202
512        0.0020816405494292903
513        0.0016289417682337037
514        0.003066357129038495
515        0.00172567227703618
516        0.0015650996324240685
517        0.0016521570903462973
518        0.001971367769394467
519        0.0015844457341845637
520        0.001979106210098668
521        0.0020816405494292933
522        0.0022983168891468403
523        0.0016308763784097507
524        0.0016134648868253076
525        0.0019249371251692793
526        0.0017604952602050686
527        0.00232927065196363
528        0.0033816985877345696
529        0.0037299284194234833
530        0.003569355774811372
531        0.0015747726833043175
532        0.0015999226155929607
533        0.0015650996324240685
534        0.0016192687173534545
535        0.0016076610562971586
536        0.0016405494292899994
537        0.0014528922422131969
538        0.002737473399110079
539        0.002650415941187849
540        0.0017043915650996348
541        0.0021145289224221344
542        0.0021242019733023806
543        0.001371638614819115
544        0.0020236022441478072
545        0.0019133294641129842
546        0.001505126716966533
547        0.0024569549235828967
548        0.0017875798026697632
549        0.0019152640742890318
550        0.0017508222093248237
551        0.0016173341071774065
552        0.0023892435674211644
553        0.0015244728187270278
554        0.002526600889920684
555        0.0016966531243954382
556        0.0014606306829173957
557        0.002371832075836722
558        0.002108725091893985
559        0.0020893789901334893
560        0.001895917972528539
561        0.002249951634745598
562        0.0015844457341845648
563        0.0016792416328109923
564        0.002315728380731282
565        0.0012613658347842918
566        0.002234474753337205
567        0.001160766105629716
568        0.0012052621396788548
569        0.0017024569549235864
570        0.002468562584639198
571        0.0014567614625652938
572        0.0013639001741149186
573        0.0013697040046430646
574        0.0014277423099245533
575        0.002008125362739408
576        0.0024608241439349966
577        0.004290965370477843
578        0.0022480170245695492
579        0.002002321532211259
580        0.0012729734958405888
581        0.0018011220739021121
582        0.0019926484813310124
583        0.0014722383439736897
584        0.001661830141226546
585        0.0018436834977751991
586        0.0019520216676339726
587        0.0018107951247823583
588        0.0014799767846778882
589        0.0017469529889727231
590        0.0019346101760495272
591        0.0014025923776359067
592        0.0014025923776359076
593        0.001421938479396403
594        0.0018243373960147044
595        0.0016463532598181472
596        0.001986844650802865
597        0.0025072547881601847
598        0.001439349970980848
599        0.001617334107177406
600        0.0010640355968272396
601        0.0018901141420003913
602        0.0011452892242213221
603        0.0011182046817566275
604        0.003787966724704964
605        0.0014509576320371489
606        0.001282646546720838
607        0.001536080479783327
608        0.0014451538015089994
609        0.0016966531243954382
610        0.0011897852582704585
611        0.002207390210872506
612        0.0010872509189398343
613        0.0014393499709808503
614        0.0011994583091507068
615        0.0010466241052427916
616        0.0028825691623137906
617        0.0019404140065776765
618        0.0018804410911201412
619        0.0016289417682337057
620        0.0012168698007351535
621        0.002317662990907328
622        0.0012226736312633021
623        0.001429676920100603
624        0.0024182627200619073
625        0.0011878506480944107
626        0.0017759721416134697
627        0.001950087057457924
628        0.001348423292706522
629        0.0011201392919326768
630        0.0014161346488682572
631        0.0017198684465080326
632        0.0013813116656993625
633        0.0012071967498549054
634        0.0014025923776359104
635        0.0015612304120719703
636        0.0014954536660862863
637        0.000955697426968465
638        0.001228477461791451
639        0.001303927258657383
640        0.0025420777713290755
641        0.0034087831301992644
642        0.0014335461404527017
643        0.0018610949893596467
644        0.00136003095376282
645        0.0013155349197136814
646        0.0017662990907332207
647        0.001584445734184565
648        0.0010253433933062484
649        0.0012671696653124415
650        0.001685045463339142
651        0.0018301412265428543
652        0.0013600309537628202
653        0.001588314954536664
654        0.0017314761075643296
655        0.0011723737666860128
656        0.002609789127490811
657        0.0021009866511897844
658        0.002778100212807115
659        0.001153027664925519
660        0.0015554265815438228
661        0.001433546140452703
662        0.0014780421745018417
663        0.0014586960727413464
664        0.0017218030566840826
665        0.0015380150899593772
666        0.0036293286902689013
667        0.0016618301412265456
668        0.001961694718514221
669        0.0021183981427742313
670        0.001553491971367773
671        0.0014548268523892482
672        0.0017430837686206275
673        0.0023254014316115303
674        0.0018088605146063122
675        0.002017798413619657
676        0.001551557361191724
677        0.002375701296188818
678        0.0016057264461211095
679        0.0015322112594312286
680        0.00169084929386729
681        0.0012981234281292345
682        0.0012478235635519465
683        0.0019984523118591626
684        0.0016270071580576557
685        0.0019500870574579248
686        0.0013813116656993649
687        0.0017372799380924774
688        0.001627007158057655
689        0.0017430837686206264
690        0.0011588314954536676
691        0.0015534919713677733
692        0.0014258076997485042
693        0.0016386148191139534
694        0.0013348810214741742
695        0.0010253433933062489
696        0.0017372799380924787
697        0.0014896498355581403
698        0.0016695685819307464
699        0.001946217837105827
700        0.001804991294254212
701        0.001779841361965566
702        0.002073902108725092
703        0.0019674985490423682
704        0.0022538208550977007
705        0.0019171986844650824
706        0.0014722383439736918
707        0.0019365447862255776
708        0.002387308957245114
709        0.0014490230218610995
710        0.0010272780034822984
711        0.001377442445347266
712        0.002048752176436449
713        0.0014838460050299901
714        0.0020603598374927456
715        0.0016676339717546956
716        0.0020893789901334898
717        0.0020622944476687945
718        0.0013136003095376302
719        0.0017721029212613688
720        0.0011839814277423114
721        0.0010911201392919331
722        0.0013503579028825714
723        0.001439349970980849
724        0.0012188044109112026
725        0.0015167343780228318
726        0.0013658347842909688
727        0.001276842716192689
728        0.0016560263106983975
729        0.00175856065002902
730        0.0023892435674211653
731        0.0013639001741149188
732        0.0029464112981234243
733        0.0012381505126716984
734        0.0012768427161926898
735        0.0010930547494679838
736        0.0012594312246082442
737        0.00114915844457342
738        0.0009576320371445146
739        0.0013677693944670185
740        0.002321532211259431
741        0.004211646353259811
742        0.0014954536660862882
743        0.0024434126523505528
744        0.0023157283807312802
745        0.0013387502418262748
746        0.0011839814277423107
747        0.0017972528535500135
748        0.002712323466821432
749        0.003509382859353841
750        0.00126716966531244
751        0.002513058618688331
752        0.0019520216676339745
753        0.0014470884116850485
754        0.001081447088411686
755        0.00127684271619269
756        0.0015999226155929598
757        0.0011568968852776165
758        0.0016540917005223481
759        0.00193074095569743
760        0.0011820468175662614
761        0.0021667633971754713
762        0.0020758367189011454
763        0.002549816212033276
764        0.0017798413619655666
765        0.0014451538015090007
766        0.0018668988198877934
767        0.0009421551557361183
768        0.001211065970207006
769        0.0012342812923196002
770        0.001770168311085318
771        0.0018746372605919917
772        0.0018572257690075485
773        0.0024085896691816598
774        0.0014219384793964036
775        0.0013136003095376326
776        0.0012381505126716986
777        0.0012981234281292345
778        0.0013136003095376321
779        0.003283033468756041
780        0.0016366802089379047
781        0.0017411491584445767
782        0.0017101953956277871
783        0.0013000580383052854
784        0.0010466241052427931
785        0.0020274714644999037
786        0.0011124008512284783
787        0.0028516153994969993
788        0.002338943702843877
789        0.001205262139678855
790        0.001243954343199847
791        0.00195589088798607
792        0.0015902495647127151
793        0.0017314761075643307
794        0.0016579609208744487
795        0.0013348810214741755
796        0.001429676920100603
797        0.001116270071580578
798        0.0016908492938672891
799        0.001263300444960342
800        0.0012807119365447878
801        0.0011143354614045254
802        0.0011259431224608261
803        0.0018243373960147061
804        0.0019075256335848339
805        0.0032985103501644384
806        0.0015883149545366675
807        0.0023215322112594295
808        0.002429870381118202
809        0.002453085703230795
810        0.0016695685819307442
811        0.0012226736312633023
812        0.0015534919713677737
813        0.0020255368543238557
814        0.0013155349197136804
815        0.0028883729928419364
816        0.0011549622751015677
817        0.0010795124782356357
818        0.001182046817566263
819        0.001468369123621593
820        0.0018165989553105082
821        0.0012284774617914512
822        0.0020042561423873105
823        0.001522538208550982
824        0.0015999226155929622
825        0.001959760108338171
826        0.0019771715999226153
827        0.0016173341071774095
828        0.001770168311085319
829        0.0013774424453472643
830        0.001450957632037145
831        0.001646353259818151
832        0.0013542271232346696
833        0.0017276068872122297
834        0.0012671696653124406
835        0.0012362159024956476
836        0.0018785064809440936
837        0.001193654478622559
838        0.001124008512284775
839        0.001497388276262338
840        0.0012613658347842935
841        0.0012207390210872524
842        0.001400657767459861
843        0.0011394853936931707
844        0.0013155349197136788
845        0.00135809634358677
846        0.0014703037337976419
847        0.0020410137357322515
848        0.002484039466047587
849        0.0012749081060166394
850        0.0015592958018959217
851        0.0016231379377055562
852        0.0017682337009092709
853        0.0022499516347455986
854        0.0013039272586573842
855        0.0012013929193267563
856        0.0012033275295028083
857        0.0014644999032694948
858        0.0021822402785838645
859        0.0013155349197136806
860        0.0011820468175662612
861        0.002097117430837687
862        0.001627007158057654
863        0.0016153994970013609
864        0.0017546914296769245
865        0.0010446894950667447
866        0.0011259431224608257
867        0.001009866511897852
868        0.001514799767846783
869        0.0016463532598181487
870        0.0017837105823176659
871        0.001209131360030955
872        0.0021183981427742283
873        0.0014509576320371456
874        0.002482104855871541
875        0.0012729734958405899
876        0.0015109305474946832
877        0.0013387502418262755
878        0.001454826852389246
879        0.0017643644805571716
880        0.002286709228090542
881        0.0011607661056297167
882        0.0015380150899593785
883        0.0011743083768620643
884        0.002596246856258461
885        0.0018746372605919926
886        0.001383246275875416
887        0.0015650996324240711
888        0.0011530276649255188
889        0.0019094602437608843
890        0.0026291352292513027
891        0.0016134648868253094
892        0.001071774037531438
893        0.0021745018378796664
894        0.0016173341071774093
895        0.0013658347842909688
896        0.0010176049526020514
897        0.0014258076997485042
898        0.001665699361578646
899        0.0016927839040433391
900        0.002408589669181658
901        0.0011975236989746584
902        0.0013252079705939304
903        0.0012149351905591046
904        0.001089185529115884
905        0.001617334107177408
906        0.0011162700715805756
907        0.001164635325981816
908        0.0012362159024956478
909        0.0011491584445734197
910        0.001630876378409755
911        0.0012633004449603433
912        0.0018533565486554507
913        0.0011375507835171216
914        0.003714451538015083
915        0.001549622751015673
916        0.0016405494292900031
917        0.0015457535306635738
918        0.0014490230218610974
919        0.0018204681756626082
920        0.0010756432578835364
921        0.0011646353259818164
922        0.0013019926484813332
923        0.001218804410911203
924        0.0017585606500290223
925        0.0011278777326368743
926        0.0020003869220352115
927        0.0011568968852776174
928        0.001172373766686014
929        0.001679241632810992
930        0.0016927839040433382
931        0.00139485393693171
932        0.0023157283807312807
933        0.0025149932288643815
934        0.0012807119365447887
935        0.0012071967498549071
936        0.0016115302766492587
937        0.0011530276649255175
938        0.0012439543431998473
939        0.0015128651576707321
940        0.0013058618688334327
941        0.0010717740375314382
942        0.0016018572257690134
943        0.0018301412265428517
944        0.0012807119365447883
945        0.001373573224995167
946        0.0016018572257690134
947        0.0010543625459469917
948        0.0016115302766492607
949        0.001534145869607279
950        0.001508995937318634
951        0.0013580963435867698
952        0.0016115302766492585
953        0.0016231379377055562
954        0.00267750048365254
955        0.0014741729541497422
956        0.0016792416328109928
957        0.0029464112981234226
958        0.0018398142774231
959        0.0012633004449603433
960        0.00132327336041788
961        0.0013561617334107196
962        0.0012787773263687376
963        0.001340684852002324
964        0.0012362159024956498
965        0.0019907138711549653
966        0.0015689688527761694
967        0.0017604952602050731
968        0.002489843296575744
969        0.0011046624105242795
970        0.0013735732249951663
971        0.0019307409556974325
972        0.001923002514993231
973        0.0017759721416134681
974        0.0017392145482685287
975        0.002075836718901142
976        0.0010833816985877345
977        0.0016231379377055566
978        0.0014625652930934457
979        0.002917392145482681
980        0.0015825111240085183
981        0.001228477461791451
982        0.0030276649255175027
983        0.003555813503579022
984        0.0017314761075643296
985        0.003551944283226923
986        0.0013213387502418285
987        0.0011259431224608244
988        0.0016831108531630927
989        0.001644418649642102
990        0.001069839427355389
991        0.0011859160379183587
992        0.0012052621396788567
993        0.0026755658734764903
994        0.002538208550976974
995        0.003116656993615785
996        0.0012188044109112022
997        0.0011975236989746581
998        0.0024047204488295624
999        0.0015979880054169113
1000        0.001512865157670733
1001        0.003354614045269873
1002        0.0012226736312633023
1003        0.0027374733991100777
1004        0.001348423292706522
1005        0.001197523698974659
1006        0.0026097891274908074
1007        0.0013077964790094824
1008        0.0016811762429870443
1009        0.0016095956664732092
1010        0.001834010446894953
1011        0.0022131940414006576
1012        0.0016115302766492594
1013        0.002218997871928808
1014        0.0014799767846778917
1015        0.001545753530663575
1016        0.0014683691236215919
1017        0.0014103308183401066
1018        0.002338943702843875
1019        0.0013484232927065234
1020        0.0015515573611917233
1021        0.001309731089185532
1022        0.0012458889533758966
1023        0.0018049912942542112
1024        0.0010911201392919344
1025        0.0012516927839040432
1026        0.0013116656993615796
1027        0.0016018572257690113
1028        0.001642484039466054
1029        0.001760495260205071
1030        0.001661830141226549
1031        0.0014374153608048019
1032        0.0010214741729541491
1033        0.0015031921067904872
1034        0.0018630295995356965
1035        0.001360030953762821
1036        0.0017198684465080335
1037        0.001750822209324822
1038        0.0015206035983749316
1039        0.0012478235635519461
1040        0.0016927839040433402
1041        0.0012633004449603413
1042        0.0028670922809053917
1043        0.0017353453279164313
1044        0.0013348810214741744
1045        0.0024646933642870966
1046        0.0011607661056297167
1047        0.0012226736312633013
1048        0.0012923195976010842
1049        0.0017721029212613667
1050        0.0017411491584445778
1051        0.0011897852582704606
1052        0.002112594312246086
1053        0.0022112594312246065
1054        0.0017198684465080326
1055        0.0013329464112981266
1056        0.0018417488875991535
1057        0.0023795705165409174
1058        0.003226929773650604
1059        0.0021067904817179354
1060        0.0011955890887986077
1061        0.0013097310891855313
1062        0.001754691429676924
1063        0.0012633004449603424
1064        0.0013019926484813334
1065        0.0017276068872122278
1066        0.001545753530663575
1067        0.0023099245502031327
1068        0.0029657573998839253
1069        0.0019384793964016252
1070        0.0019423486167537286
1071        0.0015399497001354256
1072        0.0013155349197136804
1073        0.0017585606500290225
1074        0.0023041207196749826
1075        0.0015534919713677726
1076        0.002191913329464114
1077        0.0016289417682337042
1078        0.002435674211646355
1079        0.0016985877345714847
1080        0.0017063261752756857
1081        0.0031495453666086247
1082        0.0027432772296382283
1083        0.004234861675372406
1084        0.0021841748887599178
1085        0.004437995743857608
1086        0.0026097891274908113
1087        0.002340878313019929
1088        0.0021242019733023806
1089        0.0020023215322112617
1090        0.0028999806538982393
1091        0.005161539949700129
1092        0.0020274714644999063
1093        0.0037550783517121275
1094        0.002213194041400661
1095        0.00278390404333527
1096        0.003085703230798994
1097        0.00192106790481718
1098        0.0031998452311859174
1099        0.0019423486167537236
1100        0.0032269297736506096
1101        0.0023873089572451146
1102        0.0025266008899206814
1103        0.0020197330237957047
1104        0.0025536854323853758
1105        0.001892048752176438
1106        0.0024569549235828993
1107        0.0018552911588314957
1108        0.003004449603404916
1109        0.0038266589282259576
1110        0.0017198684465080298
1111        0.0023137937705552327
1112        0.001911394853936933
1113        0.0020855097697813885
1114        0.0018939833623524867
1115        0.00265428516153995
1116        0.002439543431998452
1117        0.0023853743470690653
1118        0.0018049912942542106
1119        0.0025459469916811737
1120        0.002958018959179724
1121        0.00193074095569743
1122        0.00264654672083575
1123        0.0028361385180886056
1124        0.0036215902495647092
1125        0.001814664345134456
1126        0.002340878313019927
1127        0.00385374347069065
1128        0.0034958405881214904
1129        0.002867092280905399
1130        0.0019984523118591626
1131        0.0018204681756626045
1132        0.0027993809247436625
1133        0.0030508802476301045
1134        0.0016560263106983962
1135        0.0018514219384793973
1136        0.002350551363900177
1137        0.002495647127103888
1138        0.0021628941768233718
1139        0.00237183207583672
1140        0.0023099245502031344
1141        0.003749274521183976
1142        0.003255948926291353
1143        0.0026368736699555074
1144        0.0018165989553105056
1145        0.0020584252273166976
1146        0.0021416134648868266
1147        0.001979106210098665
1148        0.0018301412265428537
1149        0.0023834397368930186
1150        0.002836138518088609
1151        0.0023505513639001763
1152        0.00260785451731476
1153        0.002261559295801896
1154        0.004290965370477845
1155        0.0016308763784097522
1156        0.0026929773650609403
1157        0.002712323466821437
1158        0.0021803056684078174
1159        0.0016966531243954364
1160        0.0032346682143548095
1161        0.0017624298703811196
1162        0.0024105242793577117
1163        0.00217450183787967
1164        0.003012188044109111
1165        0.002126136583478431
1166        0.002965757399883923
1167        0.0030798994002708456
1168        0.002180305668407816
1169        0.002039079125556201
1170        0.002634939059779452
1171        0.0031979106210098668
1172        0.0038111820468175635
1173        0.0025401431611530288
1174        0.0019094602437608825
1175        0.003226929773650612
1176        0.0021745018378796672
1177        0.0011994583091507075
1178        0.0021725672277036205
1179        0.0037550783517121236
1180        0.0023892435674211653
1181        0.0014567614625652936
1182        0.0027278003482298324
1183        0.0023602244147804207
1184        0.001661830141226546
1185        0.003501644418649638
1186        0.002503385567808086
1187        0.0017682337009092698
1188        0.001596053395240861
1189        0.0039040433352679387
1190        0.003476494486360994
1191        0.002474366415167342
1192        0.0030528148578061478
1193        0.002220932482104857
1194        0.0021474172954149763
1195        0.0013967885471077588
1196        0.0016715031921067925
1197        0.0018359450570710027
1198        0.0016773070226349415
1199        0.0019326755658734785
1200        0.0016444186496421
1201        0.0021648287869994215
1202        0.002100986651189788
1203        0.002176436448055716
1204        0.002215128651576706
1205        0.0018185335654865569
1206        0.0020352099052041036
1207        0.001963629328690268
1208        0.0019326755658734774
1209        0.001984910040626816
1210        0.001503192106790484
1211        0.0018939833623524865
1212        0.0023698974656606703
1213        0.0018843103114722412
1214        0.0021570903462952216
1215        0.002573031534145867
1216        0.0022576900754497963
1217        0.0017701683110853206
1218        0.0027897078738634167
1219        0.0024279357709421547
1220        0.0031998452311859144
1221        0.0033913716386148158
1222        0.002207390210872509
1223        0.0019945830915070626
1224        0.0015360804797833233
1225        0.0017701683110853165
1226        0.0017005223447475366
1227        0.0015012574966144342
1228        0.0023737666860127703
1229        0.0028032501450957615
1230        0.0021919133294641137
1231        0.0018088605146063081
1232        0.0025053201779841354
1233        0.0022151286515767073
1234        0.0026446121106597
1235        0.0026426775004836506
1236        0.00147804217450184
1237        0.002248017024569551
1238        0.0024221319404140063
1239        0.0014412845811568984
1240        0.002987038111820467
1241        0.0021416134648868266
1242        0.0019055910234087854
1243        0.0023215322112594312
1244        0.0021764364480557187
1245        0.0019055910234087865
1246        0.0018591603791835967
1247        0.0018591603791835967
1248        0.0015592958018959195
1249        0.0032424066550590038
1250        0.002013929193267556
1251        0.002439543431998452
1252        0.002923195976010834
1253        0.003915650996324237
1254        0.0021725672277036184
1255        0.002377635906364868
1256        0.0024627587541110503
1257        0.0020177984136196575
1258        0.0022093248210485563
1259        0.002112594312246084
1260        0.0021803056684078174
1261        0.0024124588895337593
1262        0.00212033275295028
1263        0.0022209324821048575
1264        0.0022248017024569557
1265        0.0026542851615399482
1266        0.0017585606500290208
1267        0.002029406074675952
1268        0.002921261365834782
1269        0.0019133294641129816
1270        0.002360224414780421
1271        0.004405107370864762
1272        0.0019520216676339722
1273        0.0019365447862255787
1274        0.0017875798026697632
1275        0.003205649061714057
1276        0.0020506867866124986
1277        0.003969820081253619
1278        0.0023389437028438777
1279        0.0018804410911201423
1280        0.0018649642097117454
1281        0.002296382278970788
1282        0.0019346101760495294
1283        0.0015496227510156727
1284        0.001408396208164055
1285        0.0014490230218610954
1286        0.003132133875024178
1287        0.0018997871928806362
1288        0.002153221125943125
1289        0.0024608241439350005
1290        0.0021667633971754704
1291        0.002232540143161152
1292        0.0022189978719288077
1293        0.001849487328303349
1294        0.0021009866511897857
1295        0.0023079899400270877
1296        0.002104855871541883
1297        0.0018282066163668054
1298        0.0026252660088992067
1299        0.002035209905204104
1300        0.00236215902495647
1301        0.0016927839040433376
1302        0.001944283226929776
1303        0.002228670922809053
1304        0.002025536854323854
1305        0.0022499516347456
1306        0.001830141226542853
1307        0.0025827045850261164
1308        0.0018301412265428543
1309        0.002249951634745599
1310        0.001667633971754694
1311        0.0024337396014703044
1312        0.0022789707873863397
1313        0.0016598955310504972
1314        0.0033662217063261733
1315        0.003532598181466432
1316        0.0032056490617140667
1317        0.0035751596053395216
1318        0.002002321532211261
1319        0.0018436834977751985
1320        0.002551750822209323
1321        0.0016850454633391399
1322        0.0014548268523892453
1323        0.00199845231185916
1324        0.0019849100406268126
1325        0.0018069259044302588
1326        0.0017353453279164261
1327        0.0021919133294641146
1328        0.0017179338363319803
1329        0.002307989940027085
1330        0.0018514219384793977
1331        0.0019520216676339741
1332        0.0018746372605919933
1333        0.0018204681756626058
1334        0.0019965177016831137
1335        0.002120332752950281
1336        0.0019907138711549627
1337        0.00326368736699555
1338        0.0014006577674598574
1339        0.0037860321145289145
1340        0.0030605532985103472
1341        0.0024569549235828984
1342        0.0021957825498162145
1343        0.0019868446508028628
1344        0.0019384793964016271
1345        0.0021029212613658346
1346        0.002917392145482681
1347        0.0022170632617527592
1348        0.002580769974850066
1349        0.0033488102147417303
1350        0.001849487328303349
1351        0.001837879667247051
1352        0.001876571870768043
1353        0.0018262720061907553
1354        0.0026136583478429103
1355        0.0027800348229831697
1356        0.002807119365447862
1357        0.0017817759721416152
1358        0.0024898432965757417
1359        0.0019733023795705175
1360        0.001541884310311475
1361        0.0015147997678467806
1362        0.0018030566840781625
1363        0.0015476881408396236
1364        0.0016966531243954356
1365        0.002418262720061907
1366        0.002781969433159218
1367        0.0015302766492551773
1368        0.0020061907525633625
1369        0.0032172567227703604
1370        0.0033004449603404908
1371        0.0029715612304120724
1372        0.0019404140065776758
1373        0.0012826465467208367
1374        0.001764364480557171
1375        0.0017314761075643277
1376        0.0016308763784097524
1377        0.002687173534532791
1378        0.0022518862449216488
1379        0.0028767653317856466
1380        0.0018204681756626047
1381        0.002391178177597215
1382        0.0024105242793577056
1383        0.0032869026891081438
1384        0.0025169278390404326
1385        0.0030160572644612107
1386        0.001414200038692205
1387        0.002081640549429289
1388        0.002213194041400659
1389        0.002344747533372026
1390        0.003480363706713095
1391        0.0016037918359450604
1392        0.0035770942155155696
1393        0.0021048558715418843
1394        0.0024182627200619086
1395        0.002741342619462177
1396        0.0020700328883729966
1397        0.001942348616753726
1398        0.003310118011220739
1399        0.0017682337009092693
1400        0.0022847746179144894
1401        0.0026736312633004427
1402        0.001623137937705555
1403        0.0018204681756626066
1404        0.0012749081060166381
1405        0.0018165989553105078
1406        0.005627781002128063
1407        0.0026136583478429108
1408        0.002658154381892047
1409        0.001832075836718905
1410        0.0021745018378796694
1411        0.0016115302766492574
1412        0.0023273360417875783
1413        0.00200619075256336
1414        0.0020061907525633616
1415        0.0023931127877732648
1416        0.0025614238730895717
1417        0.0024937125169278394
1418        0.0015109305474946824
1419        0.001986844650802863
1420        0.0018630295995356982
1421        0.0026349390597794533
1422        0.0026871735345327897
1423        0.0021493519055910274
1424        0.002058425227316697
1425        0.00272973495840588
1426        0.0025827045850261177
1427        0.0012071967498549078
1428        0.002070032888372993
1429        0.0023408783130199297
1430        0.0024646933642870927
1431        0.002075836718901139
1432        0.0021435480750628738
1433        0.0014799767846778887
1434        0.0018552911588314953
1435        0.0020216676339717544
1436        0.0018630295995356967
1437        0.0017469529889727242
1438        0.0035074482491777893
1439        0.0023931127877732635
1440        0.003637067130973107
1441        0.004424453472625264
1442        0.0025033855678080843
1443        0.0032017798413619654
1444        0.002520797059392534
1445        0.002536273940800928
1446        0.002033275295028052
1447        0.004099438963048944
1448        0.003343006384213581
1449        0.006144321919133292
1450        0.0053724124588895245
1451        0.005186689881988773
1452        0.00435480750628748
1453        0.00533372025536854
1454        0.00319404140065777
1455        0.0030354033662217087
1456        0.005705165409170047
1457        0.0029464112981234278
1458        0.0037899013348810175
1459        0.00476494486360998
1460        0.002706519636293287
1461        0.0036776939446701447
1462        0.0036467401818533534
1463        0.0022615592958018962
1464        0.0018301412265428522
1465        0.003666086283613849
1466        0.0026794350938285937
1467        0.003445540723544202
1468        0.0025769007544979693
1469        0.004095569742696839
1470        0.0032424066550590038
1471        0.0028361385180886026
1472        0.0024434126523505515
1473        0.0020448829560843497
1474        0.002257690075449798
1475        0.003269491197523695
1476        0.0028477461791449
1477        0.003267556587347647
1478        0.0034958405881214912
1479        0.0025130586186883344
1480        0.002919326755658734
1481        0.0050241826272006155
1482        0.003343006384213582
1483        0.0026020506867866153
1484        0.0034610176049526017
1485        0.0027181272973495862
1486        0.0036177210292126136
1487        0.002203520990520411
1488        0.002886438382665889
1489        0.001915264074289033
1490        0.003708647707486941
1491        0.001536080479783325
1492        0.0022615592958018962
1493        0.002998645772876766
1494        0.0018088605146063081
1495        0.004443799574385755
1496        0.004337396014703035
1497        0.0061539949700135385
1498        0.0027510156703424242
1499        0.0036351325207970584
1500        0.00255755465273747
1501        0.003254014316115302
1502        0.0014393499709808486
1503        0.0019384793964016267
1504        0.0020158638034436073
1505        0.003691236215902496
1506        0.0021009866511897887
1507        0.001715999226155931
1508        0.0029696266202360235
1509        0.00236602824530857
1510        0.003132133875024181
1511        0.0029986457728767633
1512        0.0017469529889727231
1513        0.0022867092280905426
1514        0.0024898432965757404
1515        0.002617527568195008
1516        0.0029580189591797246
1517        0.006935577481137546
1518        0.0025498162120332754
1519        0.0020700328883729944
1520        0.0017875798026697634
1521        0.0022944476687947386
1522        0.0021087250918939843
1523        0.0035074482491777893
1524        0.0021841748887599156
1525        0.0018069259044302599
1526        0.0015186689881988799
1527        0.002545946991681175
1528        0.002977365060940218
1529        0.002008125362739408
1530        0.0036022441478042165
1531        0.002400851228477462
1532        0.004888759914877145
1533        0.001601857225769009
1534        0.0032211259431224586
1535        0.002104855871541884
1536        0.0024530857032307994
1537        0.0024859740762236417
1538        0.002923195976010831
1539        0.003693170826078541
1540        0.004174888759914874
1541        0.0031863029599535674
1542        0.002398916618301413
1543        0.0017991874637260626
1544        0.0023873089572451146
1545        0.0023099245502031353
1546        0.0019713677693944678
1547        0.002810988585799962
1548        0.0025343393306248786
1549        0.0019520216676339715
1550        0.002745211839814279
1551        0.0063203714451537975
1552        0.002603985296962663
1553        0.0036467401818533547
1554        0.0024724318049912926
1555        0.003000580383052818
1556        0.001882375701296192
1557        0.0032656219771715956
1558        0.004306442251886238
1559        0.002128071193654478
1560        0.001615399497001356
1561        0.002979299671116271
1562        0.002300251499322884
1563        0.0019288063455213792
1564        0.0018707680402398948
1565        0.003174695298897272
1566        0.005221512865157672
1567        0.0023660282453085726
1568        0.0031650222480170244
1569        0.003093441671503191
1570        0.002493712516927837
1571        0.001930740955697429
1572        0.0028342039079125568
1573        0.0025827045850261186
1574        0.0050125749661443135
1575        0.002996711162700714
1576        0.005097697813890496
1577        0.00823757012961888
1578        0.003782162894176823
1579        0.005664538595473009
1580        0.004807506287483068
1581        0.003758947572064223
1582        0.0025246662797446325
1583        0.0024608241439349984
1584        0.00398529696266202
1585        0.006709228090539748
1586        0.004064615979880051
1587        0.0023002514993228852
1588        0.0023273360417875788
1589        0.004290965370477844
1590        0.0022538208550976994
1591        0.002888372992841944
1592        0.0034648868253047004
1593        0.002048752176436449
1594        0.003207583671890115
1595        0.003103114722383439
1596        0.004089765912168694
1597        0.0034861675372412446
1598        0.0030005803830528144
1599        0.0022325401431611534
1600        0.0035422712323466823
1601        0.0021203327529502806
1602        0.00501064035596827
1603        0.003718320758367188
1604        0.002534339330624878
1605        0.0034881021474172927
1606        0.0038498742503385586
1607        0.002019733023795707
1608        0.004182627200619069
1609        0.002919326755658735
1610        0.0039059779454439893
1611        0.001476107564325791
1612        0.001845618107951248
1613        0.0026697620429483484
1614        0.0029580189591797276
1615        0.0033565486554459284
1616        0.005024182627200618
1617        0.003687366995550394
1618        0.0021648287869994206
1619        0.0025478816018572265
1620        0.004362545946991675
1621        0.003896304894563741
1622        0.003513252079705941
1623        0.0028690268910814467
1624        0.0019616947185142203
1625        0.0032810988585799945
1626        0.003406848520023213
1627        0.002841942348616754
1628        0.0034610176049526017
1629        0.003648674792029409
1630        0.003936931708260783
1631        0.003257883536467398
1632        0.002373766686012768
1633        0.0019384793964016256
1634        0.004432191913329459
1635        0.0026929773650609403
1636        0.004289030760301801
1637        0.004778487134842325
1638        0.0027200619075256325
1639        0.004319984523118591
1640        0.004043335267943509
1641        0.0032172567227703617
1642        0.005844457341845613
1643        0.0046952988972722
1644        0.006349390597794537
1645        0.00272973495840588
1646        0.0022963822789707853
1647        0.0026330044496034057
1648        0.003066357129038497
1649        0.003490036757593345
1650        0.002731669568581929
1651        0.003238537434706909
1652        0.0024627587541110473
1653        0.003530663571290385
1654        0.0014741729541497396
1655        0.003534532791642484
1656        0.00429676920100599
1657        0.004080092861288448
1658        0.004499903269491195
1659        0.0044863609982588445
1660        0.005534919713677693
1661        0.003137937705552327
1662        0.0023350744824917795
1663        0.002209324821048559
1664        0.0034687560456568
1665        0.004534726252660082
1666        0.003640936351325206
1667        0.003344940994389629
1668        0.0019404140065776758
1669        0.0010679048171793395
1670        0.0013445540723544226
1671        0.0034977751982975427
1672        0.0024047204488295624
1673        0.0017643644805571705
1674        0.0009692396982008124
1675        0.007212226736312631
1676        0.002031340684852006
1677        0.0025981814664345145
1678        0.0034958405881214925
1679        0.0024608241439349953
1680        0.002669762042948347
1681        0.0020332752950280547
1682        0.0033062487908686387
1683        0.004416715031921065
1684        0.002631069839427356
1685        0.002905784484426386
1686        0.0022886438382665906
1687        0.003261752756819501
1688        0.0016405494292899999
1689        0.0027703617721029222
1690        0.002662023602244148
1691        0.004240665505900556
1692        0.005589088798607077
1693        0.002042948345908302
1694        0.002845811568968852
1695        0.0019365447862255776
1696        0.0018011220739021095
1697        0.0027722963822789715
1698        0.004865544592764554
1699        0.0011336815631650243
1700        0.0028032501450957633
1701        0.004716579609208741
1702        0.0025053201779841367
1703        0.0030547494679822006
1704        0.0028554846198491014
1705        0.002075836718901144
1706        0.001183981427742314
1707        0.002300251499322884
1708        0.001369704004643069
1709        0.0015089959373186376
1710        0.0016095956664732075
1711        0.0010485587154188461
1712        0.0027355387889340227
1713        0.0015244728187270328
1714        0.0013348810214741773
1715        0.0018649642097117484
1716        0.0009440897659121677
1717        0.0011027278003482323
1718        0.0013832462758754124
1719        0.0012749081060166422
1720        0.0008879860708067307
1721        0.0009131360030953747
1722        0.003134068485200232
1723        0.002114528922422135
