1        0.0024821048558715405
2        0.003851808860514596
3        0.0014838460050299919
4        0.002106790481717936
5        0.0017101953956277865
6        0.00307022634939059
7        0.0038208550976978075
8        0.0013252079705939267
9        0.0013716386148191165
10        0.0018127297349584094
11        0.0037415360804797784
12        0.001005997291545754
13        0.0011027278003482312
14        0.0017740375314374169
15        0.0012323466821435502
16        0.005589088798607067
17        0.004586960727413417
18        0.0036080479783323588
19        0.0012613658347842955
20        0.001423873089572454
21        0.00270458502611724
22        0.0020119945830915074
23        0.0019365447862255776
24        0.002623331398723153
25        0.001594118785064816
26        0.0010079319017218037
27        0.0012439543431998449
28        0.0016792416328109904
29        0.0020100599729154563
30        0.0010253433933062489
31        0.0011162700715805795
32        0.0015941187850648099
33        0.0010446894950667447
34        0.0014258076997485023
35        0.0012130005803830538
36        0.0017218030566840822
37        0.004118785064809427
38        0.0029618881795318245
39        0.001938479396401631
40        0.0024666279744631502
41        0.002174501837879665
42        0.0012961888179531882
43        0.0018939833623524871
44        0.0016889146836912398
45        0.0016773070226349467
46        0.0015573611917198732
47        0.0027181272973495854
48        0.0013929193267556612
49        0.002124201973302379
50        0.0015186689881988838
51        0.0031766299090733112
52        0.0031398723157283746
53        0.002104855871541886
54        0.0018146643451344617
55        0.002160959566647321
56        0.0014200038692203571
57        0.003555813503579021
58        0.0013000580383052856
59        0.0027529502805184788
60        0.002801315534919714
61        0.0031688914683691174
62        0.003201779841361958
63        0.003174695298897266
64        0.0035287289611143254
65        0.0014915844457341878
66        0.0034881021474172922
67        0.002071967498549042
68        0.003952408589669173
69        0.0010679048171793374
70        0.0013793770555233142
71        0.0022944476687947373
72        0.0012168698007351544
73        0.0016676339717546936
74        0.0026968465854130337
75        0.003724124588895328
76        0.0021570903462952225
77        0.0023873089572451125
78        0.001700522344747536
79        0.003159218417488868
80        0.0024821048558715366
81        0.0030412071967498458
82        0.0026523505513639033
83        0.0015999226155929635
84        0.0018049912942542101
85        0.0011839814277423142
86        0.00188237570129619
87        0.0016115302766492622
88        0.0009344167150319199
89        0.0013000580383052821
90        0.0015128651576707323
91        0.002215128651576707
92        0.002696846585413038
93        0.0013271425807699774
94        0.005041594118785056
95        0.0019210679048171809
96        0.0011762429870381137
97        0.0018804410911201419
98        0.0048752176436447905
99        0.005399497001354212
100        0.001570903462952219
101        0.0019133294641129827
102        0.005476881408396195
103        0.0035384020119945776
104        0.0027877732636873644
105        0.0018030566840781608
106        0.0029115883149545352
107        0.002093248210485587
108        0.0019829754304507667
109        0.0011665699361578675
110        0.001154962275101571
111        0.0011665699361578677
112        0.0016308763784097522
113        0.0023079899400270843
114        0.0017643644805571735
115        0.002764557941574767
116        0.00307603017991874
117        0.004788160185722564
118        0.00694331592184174
119        0.00625846391952021
120        0.005215709034629512
121        0.00613271425807698
122        0.002650415941187853
123        0.0058676726639582
124        0.0018610949893596463
125        0.0031746952988972736
126        0.006809827819694315
127        0.004437995743857603
128        0.0024511510930547487
129        0.0011085316308763775
130        0.0010388856645385967
131        0.004213580963435858
132        0.0035887018765718625
133        0.002369897465660673
134        0.0013697040046430661
135        0.00236796285548462
136        0.002396982008125363
137        0.002354420584252271
138        0.002455020313406847
139        0.0033449409943896217
140        0.0023370090926678254
141        0.0020739021087250965
142        0.002393112787773262
143        0.0020332752950280517
144        0.003584832656219763
145        0.0041420003869220255
146        0.004329657573998827
147        0.00115496227510157
148        0.0017779067517895205
149        0.001665699361578645
150        0.0026716966531243978
151        0.0010988585799961326
152        0.0019230025149932306
153        0.0013832462758754157
154        0.0012574966144321949
155        0.0036564132327335974
156        0.003461017604952595
157        0.003503579028825683
158        0.0032385374347069004
159        0.0037821628941768185
160        0.003660282453085697
161        0.0017546914296769282
162        0.0028225962468562556
163        0.0040626813697039925
164        0.003584832656219765
165        0.0018243373960147068
166        0.002292513058618687
167        0.002426001160766104
168        0.001118204681756627
169        0.0017276068872122304
170        0.0010891855291158825
171        0.0016153994970013567
172        0.0020680982781969438
173        0.0033991100793190165
174        0.007695879280325005
175        0.0015476881408396264
176        0.0021261365834784286
177        0.003230798994002705
178        0.003640936351325206
179        0.0023718320758367205
180        0.002395047397949313
181        0.0028438769587927995
182        0.002673631263300439
183        0.0018127297349584107
184        0.00292706519636293
185        0.0026136583478429043
186        0.0036699555039659435
187        0.001069839427355387
188        0.0024085896691816646
189        0.004049139098471656
190        0.0018146643451344587
191        0.0028709615012574973
192        0.0020487521764364497
193        0.0026272006190752556
194        0.00251692783904043
195        0.004552137744244525
196        0.0025111240085122864
197        0.002168698007351521
198        0.002122267363126331
199        0.002052621396788547
200        0.0012594312246082444
201        0.0021280711936544814
202        0.0013058618688334355
203        0.002097117430837689
204        0.0028013155349197166
205        0.0016908492938672896
206        0.0033430063842135715
207        0.0015747726833043182
208        0.0019907138711549623
209        0.00343199845231185
210        0.0020081253627394127
211        0.0011975236989746577
212        0.0023408783130199275
213        0.0014954536660862904
214        0.0023099245502031327
215        0.0044728187270265
216        0.003248210485587153
217        0.0018514219384793977
218        0.000917005223447474
219        0.0011201392919326747
220        0.0013058618688334318
221        0.004022054556006952
222        0.0017024569549235879
223        0.003017991874637252
224        0.0009498935964403155
225        0.001133681563165022
226        0.0012729734958405895
227        0.0013677693944670161
228        0.002099052041013738
229        0.0024492164828786977
230        0.0011452892242213215
231        0.0016405494292899996
232        0.0014432191913329483
233        0.0011085316308763805
234        0.0014490230218610963
235        0.005095763203714442
236        0.0036602824530856904
237        0.0022073902108725105
238        0.0037105823176629906
239        0.002845811568968852
240        0.0015689688527761713
241        0.004482491777906744
242        0.0021745018378796672
243        0.00271038885664538
244        0.0016985877345714903
245        0.001669568581930747
246        0.0013136003095376326
247        0.001919133294641135
248        0.001501257496614437
249        0.002631069839427356
250        0.0015341458696072811
251        0.0014219384793964067
252        0.0016076610562971614
253        0.00235828980460437
254        0.003252079705939259
255        0.0023853743470690636
256        0.0011781775972141638
257        0.0016502224801702532
258        0.002097117430837688
259        0.0031456761462565247
260        0.002424066550590053
261        0.0020855097697813894
262        0.0017914490230218642
263        0.0018785064809440915
264        0.0011936544786225588
265        0.002561423873089572
266        0.0011220739021087266
267        0.001803056684078163
268        0.0015012574966144347
269        0.0021551557361191758
270        0.0014509576320371495
271        0.0033604178757980266
272        0.001489649835558138
273        0.0014180692590443054
274        0.0020042561423873127
275        0.00237183207583672
276        0.0011820468175662618
277        0.002663958212420201
278        0.003501644418649635
279        0.0016308763784097582
280        0.0026155929580189566
281        0.0023447475333720244
282        0.002056490617140648
283        0.0013600309537628195
284        0.0012091313600309558
285        0.0020719674985490415
286        0.0025072547881601834
287        0.0013697040046430698
288        0.001361965563938871
289        0.001319404140065781
290        0.0014122654285161603
291        0.0011917198684465095
292        0.0013445540723544245
293        0.0015767072934803705
294        0.0026833043141806876
295        0.002186109498935965
296        0.0016811762429870451
297        0.0014335461404527032
298        0.0024704971948152445
299        0.0027045850261172392
300        0.0009982588508415547
301        0.0010795124782356363
302        0.0011936544786225595
303        0.001677307022634941
304        0.0022093248210485546
305        0.0019384793964016252
306        0.002551750822209324
307        0.0030740955697426938
308        0.0018630295995356978
309        0.0012961888179531846
310        0.002623331398723153
311        0.003031534145869604
312        0.0038518088605145975
313        0.0026213967885471046
314        0.002395047397949312
315        0.0025962468562584625
316        0.0013697040046430685
317        0.0014819113948539406
318        0.003072160959566643
319        0.0025943122460824098
320        0.001058231766299092
321        0.001122073902108727
322        0.0017914490230218627
323        0.0034145869607274133
324        0.0020545560069646
325        0.0018630295995356978
326        0.0014083962081640584
327        0.00321532211259431
328        0.0020352099052041023
329        0.0011955890887986097
330        0.0013232733604178802
331        0.0016231379377055568
332        0.0028458115689688488
333        0.002739408009286124
334        0.0020990520410137355
335        0.0029696266202360144
336        0.00271232346682143
337        0.0025285355000967268
338        0.0023969820081253617
339        0.002509189398336232
340        0.002360224414780416
341        0.001597988005416915
342        0.002861288450377249
343        0.004434126523505507
344        0.005140259237763577
345        0.005310504933255933
346        0.005681950087057446
347        0.002071967498549044
348        0.005355000967305083
349        0.002598181466434512
350        0.0014219384793964084
351        0.005184755271812723
352        0.0011240085122847764
353        0.0015360804797833248
354        0.001907525633584835
355        0.002778100212807113
356        0.0027219965177016775
357        0.001961694718514224
358        0.002205455600696459
359        0.003989166183014111
360        0.004975817372799365
361        0.0035306635712903816
362        0.003019926484813307
363        0.002547881601857226
364        0.0022538208550976968
365        0.001116270071580579
366        0.002516927839040429
367        0.0013290771909460304
368        0.0011472238343973728
369        0.00176436448055717
370        0.0030121880441091107
371        0.0014296769201006042
372        0.0014142000386922072
373        0.0017662990907332235
374        0.0016347455987618547
375        0.003047011027278001
376        0.0025188624492164806
377        0.002783904043335263
378        0.002464693364287089
379        0.0022963822789707836
380        0.0025633584832656237
381        0.002840007738440697
382        0.002507254788160184
383        0.002780034822983165
384        0.002946411298123427
385        0.0013503579028825749
386        0.004786225575546516
387        0.004242600116076599
388        0.00440510737086476
389        0.0031824337396014644
390        0.002886438382665887
391        0.002586573805378212
392        0.003147610756432574
393        0.001532211259431231
394        0.002952215128651579
395        0.0013716386148191187
396        0.002718127297349586
397        0.0031785645192493645
398        0.0024763010253433947
399        0.004753337202553676
400        0.00236022441478042
401        0.0053936931708260605
402        0.005869607274134243
403        0.0023021861094989354
404        0.002275101567034244
405        0.0013271425807699785
406        0.0013077964790094835
407        0.002356355194428325
408        0.0014683691236215975
409        0.0014025923776359124
410        0.0018765718707680428
411        0.003905977945443986
412        0.0015457535306635758
413        0.00295028051847553
414        0.002002321532211263
415        0.0025091893983362366
416        0.005591023408783114
417        0.0053047011027277866
418        0.0016831108531630916
419        0.002694911975236988
420        0.001425807699748505
421        0.0025904430257303124
422        0.0021242019733023793
423        0.0011627007158057667
424        0.002938672857419226
425        0.0022441478042174506
426        0.0024917779067517858
427        0.002226736312633006
428        0.001294254207777138
429        0.0029483459082994823
430        0.0017779067517895168
431        0.0014799767846778913
432        0.0015883149545366678
433        0.0022228670922809068
434        0.004807506287483057
435        0.0024376088218224005
436        0.0014335461404527017
437        0.0021009866511897874
438        0.0049854904236796204
439        0.004569549235828967
440        0.004023989166183006
441        0.0033855678080866617
442        0.0027278003482298315
443        0.0017914490230218675
444        0.0016947185142193895
445        0.0014374153608048008
446        0.0015167343780228325
447        0.0017991874637260632
448        0.0018630295995356976
449        0.002994776552524667
450        0.0025594892629135237
451        0.0030605532985103425
452        0.0032907719094602394
453        0.00287676533178564
454        0.0018978525827045892
455        0.0021048558715418865
456        0.0013252079705939298
457        0.0015109305474946863
458        0.0023137937705552383
459        0.001545753530663576
460        0.0027587541110466237
461        0.004989359644031721
462        0.004159411878506478
463        0.002762623331398723
464        0.003548075062874833
465        0.006241052427935763
466        0.0050029019152640665
467        0.001981040820274713
468        0.0030895724511510974
469        0.005308570323079888
470        0.004039466047591407
471        0.0027548848906945272
472        0.004345134455407221
473        0.005471077577868048
474        0.003474559876184949
475        0.005366608628361386
476        0.006537047784871335
477        0.003666086283613851
478        0.0053511317469529815
479        0.002058425227316698
480        0.008630295995356927
481        0.003166956858193072
482        0.003938866318436832
483        0.006370671309731077
484        0.0023157283807312833
485        0.0068698007351518505
486        0.0024627587541110477
487        0.003230798994002709
488        0.006003095376281669
489        0.006682143548075047
490        0.0024066550590056083
491        0.0025594892629135215
492        0.005072547881601853
493        0.006419036564132313
494        0.0019771715999226153
495        0.0034223254014316127
496        0.005749661443219172
497        0.0050899593731863
498        0.006912362159024947
499        0.0023041207196749865
500        0.005645192493712506
501        0.007248984329657572
502        0.004319984523118586
503        0.0026949119752369905
504        0.002249951634745599
505        0.002462758754111046
506        0.0024298703811182066
507        0.0027510156703424295
508        0.003093441671503193
509        0.003927258657380536
510        0.00618301412265428
511        0.0019984523118591643
512        0.0049429289998065284
513        0.0037628167924163305
514        0.005699361578641906
515        0.0035306635712903872
516        0.002874830721609597
517        0.0030489456374540526
518        0.003170826078545172
519        0.002958018959179728
520        0.00539175856065002
521        0.00478042174501837
522        0.005610369510543619
523        0.0027761656026310724
524        0.0023350744824917787
525        0.002886438382665894
526        0.0032830334687560477
527        0.006482878699941958
528        0.007808086670535889
529        0.010487521764364481
530        0.00958986264267751
531        0.0025827045850261177
532        0.0026407428903076043
533        0.002396982008125362
534        0.0027742309924550213
535        0.0022983168891468372
536        0.00298510350164442
537        0.002484039466047591
538        0.004679822015863803
539        0.006910427548848904
540        0.0032830334687560486
541        0.004710775778680586
542        0.003697040046430644
543        0.0023350744824917782
544        0.004511510930547488
545        0.0046063068291739145
546        0.0026330044496034083
547        0.005900561036951045
548        0.004548268523892428
549        0.003519055910234087
550        0.004588895337589472
551        0.005126716966531239
552        0.006614432191913316
553        0.003774424453472623
554        0.006281679241632802
555        0.004403172760688711
556        0.003580963435867668
557        0.006260398529696252
558        0.004571483846005025
559        0.004768814083962072
560        0.0033700909266782706
561        0.003745405300831881
562        0.0025246662797446325
563        0.004049139098471655
564        0.0050764171019539485
565        0.0017198684465080283
566        0.003356548655445927
567        0.0020545560069645994
568        0.0018398142774231016
569        0.002927065196362934
570        0.005169278390404326
571        0.002319597601083383
572        0.002071967498549044
573        0.002307989940027084
574        0.002849680789320953
575        0.003445540723544201
576        0.005037724898432959
577        0.010139291932675572
578        0.003971754691429671
579        0.004846198491004059
580        0.0034629522151286523
581        0.006049526020506859
582        0.004815244728187267
583        0.002441478042174505
584        0.003364287096150128
585        0.0039059779454439867
586        0.003865351131746951
587        0.002992841942348617
588        0.002497581737279939
589        0.0035480750628748307
590        0.003284968078932096
591        0.00233700909266783
592        0.0022615592958018975
593        0.001886244921648289
594        0.0030547494679822027
595        0.0023660282453085704
596        0.0041265235055136336
597        0.004285161539949693
598        0.002427935770942157
599        0.0030644225188624498
600        0.0015012574966144366
601        0.0045076417101953935
602        0.0020274714644999063
603        0.0016134648868253092
604        0.009585993422325417
605        0.0026833043141806915
606        0.002325401431611531
607        0.0030547494679821984
608        0.002768427161926871
609        0.004043335267943504
610        0.001760495260205069
611        0.005606500290191515
612        0.0014470884116850476
613        0.0019887792609789155
614        0.0017276068872122293
615        0.0014277423099245522
616        0.006560263106983935
617        0.0039524085896691765
618        0.006161733410717732
619        0.003542271232346681
620        0.0017392145482685254
621        0.00433352679435093
622        0.0018417488875991505
623        0.0023718320758367196
624        0.007947378603211444
625        0.0018533565486554466
626        0.004465080286322301
627        0.005639388663184359
628        0.002571096923969821
629        0.0020255368543238544
630        0.0028593538402012005
631        0.004391565099632415
632        0.0026523505513639006
633        0.0019674985490423704
634        0.0023737666860127677
635        0.0040723544205842465
636        0.0025962468562584643
637        0.0014819113948539386
638        0.002112594312246084
639        0.003006384213580966
640        0.007392145482685232
641        0.009139098471657956
642        0.0019210679048171798
643        0.00393693170826078
644        0.0024434126523505506
645        0.002838073128264656
646        0.0037763590636486688
647        0.0029831688914683666
648        0.001319404140065778
649        0.0023389437028438777
650        0.003936931708260778
651        0.004167150319210673
652        0.002958018959179724
653        0.0027897078738634146
654        0.003288837299284193
655        0.0019984523118591647
656        0.0065022248017024475
657        0.00536660862836138
658        0.0057032307989939935
659        0.0026272006190752556
660        0.0035113174695298867
661        0.002867092280905398
662        0.003257883536467397
663        0.0027897078738634146
664        0.0038034436061133658
665        0.0024917779067517897
666        0.009748500677113574
667        0.003068291739214545
668        0.003397175469142967
669        0.003611917198684458
670        0.003240472044882952
671        0.0029096537047784863
672        0.0028148578061520588
673        0.0053704778487134765
674        0.0028903076030179884
675        0.0037105823176629914
676        0.0026039852969626603
677        0.003886631843683492
678        0.003337202553685431
679        0.003335267943509379
680        0.003789901334881015
681        0.0023505513639001737
682        0.0020719674985490433
683        0.005565873476494476
684        0.002776165602631068
685        0.005976010833816975
686        0.0027413426194621737
687        0.002917392145482682
688        0.002948345908299478
689        0.004457341845618102
690        0.001835945057071003
691        0.0036951054362545947
692        0.0030508802476301015
693        0.0036351325207970553
694        0.0017218030566840807
695        0.00139872315728381
696        0.0027722963822789668
697        0.003296575739988394
698        0.0030121880441091055
699        0.005583284968078924
700        0.0045250532017798335
701        0.0054807506287482925
702        0.006573805378216277
703        0.004196169471851413
704        0.0058812149351905475
705        0.005256335848326559
706        0.00256529309344167
707        0.0030470110272780024
708        0.005885084155542651
709        0.0028612884503772464
710        0.001530276649255177
711        0.0029638227897078773
712        0.0049197136776939375
713        0.003923389437028433
714        0.006850454633391363
715        0.002561423873089569
716        0.003250145095763205
717        0.004515380150899586
718        0.0015012574966144347
719        0.0038750241826271937
720        0.0018340104468949515
721        0.0015031921067904844
722        0.0021396788547107743
723        0.002338943702843878
724        0.002346682143548074
725        0.0023969820081253643
726        0.0019520216676339741
727        0.0023428129231959785
728        0.003157283807312824
729        0.003443606113368153
730        0.004834590829947764
731        0.002393112787773263
732        0.006991681176242978
733        0.0020777713290771912
734        0.00221319404140066
735        0.0023931127877732665
736        0.002348616753724125
737        0.0019191332946411318
738        0.0014799767846778893
739        0.0034281292319597602
740        0.0056258463919520085
741        0.011267169665312462
742        0.004058812149351897
743        0.00478622557554652
744        0.00642484039466046
745        0.0021493519055910243
746        0.001756626039852971
747        0.0033255948926291332
748        0.008359450570710003
749        0.008771522538208548
750        0.0025207970593925325
751        0.006577674598568374
752        0.004521183981427734
753        0.0022093248210485615
754        0.0016579609208744476
755        0.0023350744824917765
756        0.002559489262913526
757        0.0020874443799574413
758        0.00358289804604372
759        0.005380150899593723
760        0.0018340104468949519
761        0.00598181466434512
762        0.005157670729348027
763        0.00812536273940801
764        0.003435867672663957
765        0.002325401431611529
766        0.003310118011220741
767        0.0013310118011220764
768        0.0020410137357322494
769        0.0023447475333720253
770        0.0028051847552718143
771        0.004190365641323266
772        0.004509576320371436
773        0.006509963242406645
774        0.002267363126330045
775        0.0021338750241826293
776        0.0017759721416134681
777        0.0024414780421745026
778        0.0019752369897465677
779        0.010133488102147422
780        0.00382278970787386
781        0.0038634165215708986
782        0.003238537434706904
783        0.00257303153414587
784        0.0014451538015089994
785        0.004509576320371434
786        0.0020371445153801538
787        0.007488875991487709
788        0.005650996324240656
789        0.0018552911588314966
790        0.0019520216676339741
791        0.004795898626426765
792        0.003128264654672082
793        0.0034997098084735855
794        0.002660088992068097
795        0.002681369704004645
796        0.002874830721609592
797        0.0021745018378796677
798        0.0035732249951634745
799        0.002106790481717936
800        0.002569162313793771
801        0.0020274714644999063
802        0.0016889146836912387
803        0.0035848326562197695
804        0.005925710969239683
805        0.00996904623718323
806        0.003255948926291351
807        0.006092087444379949
808        0.006455794157477248
809        0.00681369704004642
810        0.005010640355968264
811        0.002532404720448831
812        0.0032249951634745564
813        0.004265815438189197
814        0.0020216676339717536
815        0.008717353453279184
816        0.0014161346488682554
817        0.001785645192493714
818        0.0023834397368930173
819        0.0028419423486167566
820        0.003246275875411106
821        0.002545946991681176
822        0.007268330431418062
823        0.0033043141806925933
824        0.0037357322499516317
825        0.004441864964209702
826        0.005478816018572251
827        0.0031746952988972693
828        0.0038866318436834944
829        0.0022905784484426425
830        0.0034919713677693917
831        0.0038421358096343504
832        0.0023776359063648698
833        0.003878893402979296
834        0.0017430837686206273
835        0.0020139291932675554
836        0.004910040626813689
837        0.0017643644805571705
838        0.002062294447668798
839        0.0031282646546720856
840        0.0023853743470690684
841        0.001892048752176439
842        0.00307216095956665
843        0.002594312246082417
844        0.002248017024569548
845        0.0023505513639001767
846        0.0023621590249564743
847        0.004532791642484033
848        0.006823370090926672
849        0.0024627587541110494
850        0.0035674211646353213
851        0.0031108531630876348
852        0.002961888179531823
853        0.004751402592377627
854        0.002571096923969819
855        0.0017179338363319811
856        0.0018649642097117443
857        0.0022306055329851036
858        0.00481911394853936
859        0.0024318049912942573
860        0.0025536854323853753
861        0.004919713677693935
862        0.0035693557748113698
863        0.0032772296382278915
864        0.00338750241826272
865        0.0014761075643257918
866        0.001240085122847747
867        0.0015302766492551764
868        0.002611723737666859
869        0.0027684271619268716
870        0.004149738827626228
871        0.0017314761075643266
872        0.0033004449603404903
873        0.0022228670922809068
874        0.004944863609982582
875        0.0025614238730895735
876        0.002824530857032311
877        0.0022499516347455994
878        0.002383439736893016
879        0.0035209905204101315
880        0.004258076997485006
881        0.0018939833623524889
882        0.0033062487908686374
883        0.0021183981427742335
884        0.0071909460243760855
885        0.005122847746179137
886        0.003718320758367183
887        0.003768620622944473
888        0.00168117624298704
889        0.0037337976397755794
890        0.006308763784097492
891        0.0031650222480170244
892        0.0017334107177403798
893        0.005277616560263095
894        0.00276842716192687
895        0.002087444379957438
896        0.0014180692590443035
897        0.0033023795705165366
898        0.0027742309924550183
899        0.003205649061714062
900        0.006088218224027844
901        0.0016927839040433376
902        0.0022441478042174506
903        0.0025053201779841375
904        0.0017140646159798834
905        0.003513252079705936
906        0.0019462178371058244
907        0.0019733023795705192
908        0.002331205262139678
909        0.0013929193267556608
910        0.0027490810601663736
911        0.002042948345908302
912        0.0038905010640355913
913        0.0017875798026697634
914        0.00884890694525055
915        0.0027800348229831667
916        0.0032462758754111033
917        0.0024917779067517905
918        0.002362159024956472
919        0.003393306248790864
920        0.0019500870574579244
921        0.0015999226155929598
922        0.002151286515767073
923        0.00179918746372606
924        0.0033062487908686383
925        0.0018920487521764384
926        0.0062700715805765
927        0.0020119945830915083
928        0.0016618301412265452
929        0.0028709615012574964
930        0.003594505707100014
931        0.0021358096343586782
932        0.00575933449409943
933        0.00611336815631649
934        0.002344747533372027
935        0.0018804410911201408
936        0.003462952215128648
937        0.0018727026504159416
938        0.0017527568195008737
939        0.003395240858966915
940        0.0021783710582317694
941        0.0014354807506287504
942        0.004078158251112399
943        0.004437995743857604
944        0.002215128651576706
945        0.002335074482491777
946        0.003076030179918741
947        0.0021261365834784308
948        0.003077964790094797
949        0.002698781195589085
950        0.0030895724511510922
951        0.0030644225188624476
952        0.002859353840201199
953        0.0029077190946024366
954        0.007831301992648488
955        0.0031534145869607263
956        0.0027181272973495828
957        0.008431031147223832
958        0.003563551944283224
959        0.003544205842522725
960        0.0026562197717160023
961        0.0021996517701683136
962        0.002607854517314761
963        0.0019036564132327352
964        0.002244147804217454
965        0.005267943509382851
966        0.002677500483652544
967        0.0032849680789320897
968        0.0044805571677307005
969        0.0013929193267556601
970        0.002573031534145871
971        0.004242600116076604
972        0.006448055716773055
973        0.00424840394660475
974        0.0029638227897078725
975        0.005774811375507821
976        0.0020855097697813937
977        0.0030044496034049104
978        0.0029173921454826836
979        0.005703230798993994
980        0.0038537434706906537
981        0.0020448829560843476
982        0.008994002708454263
983        0.008175662603985301
984        0.004049139098471651
985        0.008034436061133679
986        0.0018978525827045866
987        0.0015186689881988807
988        0.0029638227897078734
989        0.0035983749274521135
990        0.0014586960727413444
991        0.0018765718707680424
992        0.0017953182433739622
993        0.007032307989940032
994        0.007403753143741529
995        0.008320758367189006
996        0.002371832075836721
997        0.0020758367189011463
998        0.007881601857225773
999        0.002662023602244146
1000        0.003132133875024183
1001        0.009052041013735735
1002        0.0029154575353066356
1003        0.007612691042754877
1004        0.002354420584252275
1005        0.0025498162120332762
1006        0.0070729348036370696
1007        0.003004449603404915
1008        0.005399497001354215
1009        0.003317856451924933
1010        0.0036912362159024934
1011        0.007278003482298307
1012        0.002857419230025147
1013        0.003977558521957826
1014        0.0029444766879473767
1015        0.00310698394273554
1016        0.002118398142774232
1017        0.00311859160379184
1018        0.0056761462565292995
1019        0.0027568195008705757
1020        0.003165022248017025
1021        0.002830334687560457
1022        0.0024221319404140063
1023        0.003677693944670144
1024        0.001824337396014705
1025        0.0017701683110853165
1026        0.0023195976010833845
1027        0.0022093248210485585
1028        0.0031959760108338144
1029        0.003958212420197321
1030        0.0030392725865738012
1031        0.0025362739408009267
1032        0.0015070613271425828
1033        0.0027606887212226713
1034        0.005502031340684843
1035        0.002896111433546141
1036        0.004275488489069447
1037        0.003751209131360025
1038        0.002602050686786612
1039        0.002329270651963632
1040        0.002952215128651576
1041        0.0021454826852389253
1042        0.007786805958599349
1043        0.0034881021474172922
1044        0.002741342619462178
1045        0.0057593344940994285
1046        0.0015747726833043162
1047        0.0018398142774231016
1048        0.0015631650222480192
1049        0.002851615399497002
1050        0.004134261946217829
1051        0.0020545560069645977
1052        0.004714644999032687
1053        0.004395434319984513
1054        0.0031940414006577673
1055        0.00236409363513252
1056        0.004116850454633384
1057        0.004186496420971168
1058        0.007980266976204296
1059        0.003869220352099044
1060        0.0017566260398529732
1061        0.0023157283807312854
1062        0.00288450377248984
1063        0.001700522344747536
1064        0.0024318049912942573
1065        0.0021919133294641137
1066        0.0030315341458696035
1067        0.005592958018959173
1068        0.007314761075643251
1069        0.004091700522344743
1070        0.0050164441864964104
1071        0.0027916424840394682
1072        0.00188817953182434
1073        0.0034881021474172935
1074        0.005118978525827035
1075        0.0037241245888953306
1076        0.004681756626039845
1077        0.003068291739214543
1078        0.005873476494486359
1079        0.003869220352099049
1080        0.00433546140452698
1081        0.007426968465854128
1082        0.009017218030566843
1083        0.010079319017218038
1084        0.0034861675372412446
1085        0.01189011414200038
1086        0.004797833236602827
1087        0.005914103308183395
1088        0.003195976010833815
1089        0.0043277229638227855
1090        0.005262139678854707
1091        0.012898046043722184
1092        0.003538402011994582
1093        0.008862449216482883
1094        0.005360804797833233
1095        0.005149932288643832
1096        0.004950667440510741
1097        0.00310311472238344
1098        0.009090733217256718
1099        0.003770555233120525
1100        0.006105629715612301
1101        0.003816985877345713
1102        0.005238924356742111
1103        0.0036331979106210086
1104        0.005546527374733982
1105        0.003112787773263688
1106        0.004600502998645766
1107        0.003047011027278007
1108        0.006415167343780218
1109        0.008955310504933256
1110        0.0035442058425227334
1111        0.006068872122267356
1112        0.0038711549622750994
1113        0.003631263300444958
1114        0.0037434706906558316
1115        0.005552331205262132
1116        0.004857806152060351
1117        0.004668214354807499
1118        0.003886631843683496
1119        0.004971948152447275
1120        0.006360998258850834
1121        0.0034706906558328488
1122        0.005374347069065576
1123        0.006960727413426193
1124        0.007678467788740564
1125        0.0029212613658347853
1126        0.004194234861675369
1127        0.008309150706132707
1128        0.009535693557748116
1129        0.0073205649061714026
1130        0.0036331979106210095
1131        0.002987038111820469
1132        0.006006964596633767
1133        0.008345908299477652
1134        0.0035577481137550786
1135        0.0026097891274908126
1136        0.00434126523505513
1137        0.004490230218610944
1138        0.004759141033081832
1139        0.00578061520603598
1140        0.005318243373960138
1141        0.01055716773070226
1142        0.006722770361772102
1143        0.005563938866318431
1144        0.0026716966531243943
1145        0.00322886438382666
1146        0.004757206422905777
1147        0.0034881021474172974
1148        0.0026368736699555057
1149        0.004188431031147223
1150        0.006115302766492542
1151        0.004675952795511703
1152        0.005469142967692008
1153        0.0047958986264267645
1154        0.011120139291932675
1155        0.0029986457728767677
1156        0.005627781002128066
1157        0.00597794544399303
1158        0.004703037337976392
1159        0.002830334687560457
1160        0.008094408976591206
1161        0.003445540723544207
1162        0.005935384020119936
1163        0.0047920294060746675
1164        0.005931514799767835
1165        0.005536854323853734
1166        0.005594892629135225
1167        0.008403946604759146
1168        0.0041574772683304305
1169        0.0058096343586767196
1170        0.007593344940994379
1171        0.008015089959373183
1172        0.011528342039079128
1173        0.004846198491004056
1174        0.0035751596053395234
1175        0.010290191526407425
1176        0.004020119945830915
1177        0.0018939833623524875
1178        0.00558715418843102
1179        0.00928806345521378
1180        0.0058734764944863545
1181        0.002296382278970788
1182        0.006411298123428124
1183        0.005906364867479191
1184        0.0032540143161153036
1185        0.010605532985103508
1186        0.006622170632617518
1187        0.00426775004836525
1188        0.003402979299671117
1189        0.009920680982781968
1190        0.009282259624685636
1191        0.005091893983362343
1192        0.008262720061907515
1193        0.003950473979493127
1194        0.0044109112013929145
1195        0.0019346101760495283
1196        0.0033662217063261733
1197        0.004339330624879082
1198        0.0030953762816792424
1199        0.003453279164248404
1200        0.003263687366995551
1201        0.005786419036564127
1202        0.004304507641710189
1203        0.004374153608047974
1204        0.004364480557167727
1205        0.0037415360804797806
1206        0.003969820081253625
1207        0.00365834784290965
1208        0.004350938285935377
1209        0.005055136390017407
1210        0.0028458115689688553
1211        0.004047204488295607
1212        0.007396014703037335
1213        0.0029019152640742908
1214        0.003511317469529885
1215        0.005053201779841356
1216        0.0044786225575546455
1217        0.0035964403172760655
1218        0.008150512671696647
1219        0.005469142967692
1220        0.007560456568001547
1221        0.007895144128458109
1222        0.0049371251692783835
1223        0.00432191913329463
1224        0.0022267363126330067
1225        0.0032288643838266555
1226        0.00273166956858193
1227        0.0022228670922809055
1228        0.005236989746566061
1229        0.006860127684271615
1230        0.004279357709421547
1231        0.0034610176049525974
1232        0.005196362932869025
1233        0.0038556780808667018
1234        0.005977945443993026
1235        0.005898626426774994
1236        0.002195782549816217
1237        0.003590636486747919
1238        0.004598568388469719
1239        0.00288837299284194
1240        0.006196556393886624
1241        0.0045134455407235385
1242        0.0031379377055523326
1243        0.004966144321919128
1244        0.005037724898432961
1245        0.003660282453085701
1246        0.0036564132327336026
1247        0.00391178177597214
1248        0.00257496614432192
1249        0.007604952602050686
1250        0.004167150319210672
1251        0.0057806152060359784
1252        0.006856258463919514
1253        0.009911007931901724
1254        0.004606306829173914
1255        0.0058676726639582035
1256        0.006128845037724882
1257        0.005403366221706316
1258        0.004043335267943506
1259        0.003321725672277036
1260        0.005902495647127093
1261        0.005883149545366595
1262        0.004461211065970202
1263        0.006231379377055517
1264        0.005407235442058419
1265        0.005324047204488287
1266        0.002915457535306636
1267        0.004089765912168687
1268        0.007765525246662802
1269        0.0038827626233313936
1270        0.004637260591990707
1271        0.010557167730702269
1272        0.00390984716579609
1273        0.0034648868253046973
1274        0.0036931708260785415
1275        0.00950667440510738
1276        0.005037724898432958
1277        0.010253433933062495
1278        0.005155736119171979
1279        0.0038208550976978105
1280        0.003938866318436828
1281        0.004316115302766491
1282        0.004378022828400072
1283        0.002516927839040433
1284        0.002278970787386344
1285        0.0027471464499903295
1286        0.008819887792609796
1287        0.0036815631650222442
1288        0.005279551170439146
1289        0.005465273747339906
1290        0.00482878699941961
1291        0.0043915650996324135
1292        0.0058599342232540045
1293        0.00390791255562004
1294        0.004853936931708254
1295        0.0040762236409363495
1296        0.0037009092667827435
1297        0.003720255368543234
1298        0.004793964016250724
1299        0.00494486360998258
1300        0.004964209711743074
1301        0.0031379377055523352
1302        0.003573224995163473
1303        0.004250338556780804
1304        0.004082027471464495
1305        0.0054730121880441
1306        0.0037705552331205256
1307        0.006008899206809822
1308        0.003875024182627196
1309        0.003909847165796087
1310        0.003006384213580965
1311        0.005275681950087051
1312        0.004890694525053193
1313        0.003991100793190167
1314        0.009558908879860717
1315        0.010352099052041012
1316        0.009787192880634552
1317        0.008649642097117431
1318        0.0037608821822402785
1319        0.003646740181853356
1320        0.005122847746179141
1321        0.002816792416328108
1322        0.0027316695685819293
1323        0.0033584832656219773
1324        0.0031630876378409742
1325        0.0033894370284387704
1326        0.002983168891468369
1327        0.0033894370284387704
1328        0.003136003095376282
1329        0.005507835171212998
1330        0.0035190559102340835
1331        0.003493905977945445
1332        0.003689301605726444
1333        0.004045269878119555
1334        0.0033488102147417255
1335        0.0041381311665699295
1336        0.00341652157090346
1337        0.00972915457535308
1338        0.002437608821822405
1339        0.010739021087250923
1340        0.008479396401625082
1341        0.005337589475720635
1342        0.004439930354033656
1343        0.0058289804604372145
1344        0.0032056490617140636
1345        0.004023989166183011
1346        0.005765138324627577
1347        0.005188624492164819
1348        0.0057496614432191884
1349        0.00688334300638421
1350        0.004364480557167724
1351        0.003940800928612881
1352        0.0035074482491777937
1353        0.003942735538788929
1354        0.0048713484232927005
1355        0.006616366802089374
1356        0.004679822015863801
1357        0.0030257303153414573
1358        0.004190365641323272
1359        0.003414586960727411
1360        0.002702650415941189
1361        0.003033468756045658
1362        0.003727993809247438
1363        0.00315341458696073
1364        0.0036370671309731047
1365        0.003983362352485973
1366        0.005031921067904805
1367        0.0027065196362932903
1368        0.004321919133294638
1369        0.005925710969239689
1370        0.00646353259818146
1371        0.00539562778100212
1372        0.003760882182240274
1373        0.002280905397562393
1374        0.003472625266008898
1375        0.00393886631843683
1376        0.0034455407235442054
1377        0.004557941574772685
1378        0.004140065776745979
1379        0.009046237183207594
1380        0.0031766299090733225
1381        0.005691623137937699
1382        0.004766879473786025
1383        0.008191139485393687
1384        0.0045443993035403285
1385        0.0056993615786419
1386        0.003265621977171599
1387        0.004289030760301796
1388        0.005384020119945827
1389        0.004360611336815627
1390        0.008783130199264862
1391        0.002545946991681178
1392        0.008980460437221897
1393        0.004308376862062293
1394        0.004414780421745013
1395        0.004908106016637651
1396        0.004076223640936345
1397        0.003989166183014121
1398        0.0069259044302572995
1399        0.003232733604178758
1400        0.005161539949700131
1401        0.0054459276455794126
1402        0.0026117237376668584
1403        0.003472625266008895
1404        0.0021125943122460825
1405        0.003602244147804213
1406        0.015029986457728762
1407        0.005008705745792212
1408        0.0052930934416714915
1409        0.003050880247630102
1410        0.004697233507448242
1411        0.0032636873669955537
1412        0.007061327142580763
1413        0.004656606693751203
1414        0.005302766492551744
1415        0.005161539949700131
1416        0.005366608628361379
1417        0.005144128458115684
1418        0.003431998452311862
1419        0.003857612691042754
1420        0.0036583478429096507
1421        0.004283226929773649
1422        0.004387695879280319
1423        0.003818920487521762
1424        0.005076417101953948
1425        0.005502031340684849
1426        0.004737860321145286
1427        0.002265428516153993
1428        0.005196362932869018
1429        0.005302766492551742
1430        0.005521377442445338
1431        0.003844070419810406
1432        0.004080092861288446
1433        0.002151286515767074
1434        0.004472818727026498
1435        0.003975623911781769
1436        0.005033855678080859
1437        0.003786032114528921
1438        0.009398336235248595
1439        0.004780421745018376
1440        0.008409750435287279
1441        0.009613077964790096
1442        0.005726446121106593
1443        0.006715031921067895
1444        0.005235055136390009
1445        0.005372412458889527
1446        0.004157477268330433
1447        0.00761849487328303
1448        0.006697620429483448
1449        0.016237183207583654
1450        0.014633391371638611
1451        0.014002708454246466
1452        0.01217063261752757
1453        0.012952215128651572
1454        0.007446314567614626
1455        0.00650222480170245
1456        0.013559682723931123
1457        0.004546333913716382
1458        0.00864383826658928
1459        0.014095569742696835
1460        0.004788160185722578
1461        0.0097968659315148
1462        0.00838460050299864
1463        0.006802089378990129
1464        0.003933062487908685
1465        0.007581737279938086
1466        0.005875411104662402
1467        0.0083555813503579
1468        0.004910040626813689
1469        0.011228477461791448
1470        0.007177403753143737
1471        0.006186883343006379
1472        0.005014509576320365
1473        0.004041400657767453
1474        0.006030179918746371
1475        0.007632037144515375
1476        0.008106016637647508
1477        0.007003288837299274
1478        0.006558328496807893
1479        0.0050280518475527124
1480        0.005738053782162888
1481        0.007813890501064034
1482        0.007405687753917579
1483        0.005502031340684843
1484        0.006662797446314558
1485        0.005432385374347067
1486        0.006217837105823172
1487        0.00414973882762623
1488        0.006184948732830328
1489        0.0032656219771716026
1490        0.007411491584445734
1491        0.0021512865157670724
1492        0.0036293286902689087
1493        0.00763784097504352
1494        0.003194041400657766
1495        0.01245888953375895
1496        0.009533758947572059
1497        0.014184561810795126
1498        0.005633584832656214
1499        0.008874056877539175
1500        0.005066744051073705
1501        0.007365060940220537
1502        0.002325401431611532
1503        0.004588895337589467
1504        0.003623524859740761
1505        0.008829560843490035
1506        0.0038595473012188026
1507        0.0036486747920294062
1508        0.006345521377442441
1509        0.004207777132907718
1510        0.0068581930740955616
1511        0.006660862836138514
1512        0.0030276649255175066
1513        0.004174888759914872
1514        0.0048113755078351625
1515        0.006219771715999212
1516        0.006268136970400457
1517        0.01420584252273167
1518        0.006210098665118971
1519        0.005722576900754493
1520        0.0033662217063261755
1521        0.004666279744631447
1522        0.0039059779454439923
1523        0.00857612691042755
1524        0.006304894563745397
1525        0.0030798994002708435
1526        0.002427935770942156
1527        0.006032114528922415
1528        0.008328496807893208
1529        0.003834397368930158
1530        0.007071000193461011
1531        0.006825304701102719
1532        0.012178371058231765
1533        0.0033313987231572808
1534        0.007933836331979107
1535        0.0029464112981234273
1536        0.005072547881601852
1537        0.007059392532404713
1538        0.00768814083962081
1539        0.007130973108918547
1540        0.007533372025536854
1541        0.00586767266395821
1542        0.004534726252660086
1543        0.004347069065583281
1544        0.004267750048365253
1545        0.004165215709034627
1546        0.003818920487521762
1547        0.005385954730121878
1548        0.004457341845618106
1549        0.00358096343586767
1550        0.004898432965757399
1551        0.01518475527181273
1552        0.005345327916424837
1553        0.009061714064615983
1554        0.006146256529309336
1555        0.005401431611530275
1556        0.003710582317662988
1557        0.006974269684658537
1558        0.0126484813310118
1559        0.004093635132520794
1560        0.0033681563165022235
1561        0.007709421551557359
1562        0.006554459276455781
1563        0.0065467208357515815
1564        0.004557941574772681
1565        0.00646546720835751
1566        0.012234474753337207
1567        0.005548461984910036
1568        0.006295221512865156
1569        0.006094022054556
1570        0.004656606693751207
1571        0.0035790288256916216
1572        0.007821628941768233
1573        0.005943122460824136
1574        0.012559489262913531
1575        0.007810021280711931
1576        0.01378990133488103
1577        0.018200812536273932
1578        0.010085122847746177
1579        0.014674018185335662
1580        0.013569355774811378
1581        0.01063455213774424
1582        0.004648868253047009
1583        0.007206422905784485
1584        0.01048752176436449
1585        0.01629909073321724
1586        0.011029212613658336
1587        0.004859740762236403
1588        0.004712710388856636
1589        0.008928225962468561
1590        0.0051286515767072875
1591        0.007105823176629906
1592        0.008088605146063067
1593        0.00369897465660669
1594        0.0062739408009286094
1595        0.006693751209131354
1596        0.009489262913522924
1597        0.008566453859547298
1598        0.005850261172373758
1599        0.004557941574772677
1600        0.008436834977751984
1601        0.0038053782162894146
1602        0.01274327722963822
1603        0.009081060166376475
1604        0.007187076804023983
1605        0.007515960533952409
1606        0.008082801315534918
1607        0.004211646353259807
1608        0.01020313406848521
1609        0.005788353646740175
1610        0.009833623524859746
1611        0.002054556006964599
1612        0.0035577481137550747
1613        0.005287289611143354
1614        0.006260398529696259
1615        0.007098084735925704
1616        0.012832269297736492
1617        0.011804991294254209
1618        0.004349003675759331
1619        0.005575546527374725
1620        0.009444766879473784
1621        0.008106016637647512
1622        0.007697813890501061
1623        0.007533372025536845
1624        0.004151673437802279
1625        0.006707293480363701
1626        0.007995743857612685
1627        0.00584252273166956
1628        0.006486747920294059
1629        0.008703811182046809
1630        0.008618688334300637
1631        0.008359450570709996
1632        0.00523505513639001
1633        0.0037028438769587915
1634        0.010532017798413612
1635        0.005399497001354228
1636        0.010425614238730889
1637        0.010371445153801501
1638        0.004929386728574194
1639        0.008065389823950473
1640        0.009150706132714254
1641        0.007305088024763012
1642        0.0158831495453666
1643        0.01207003288837299
1644        0.015428516153994971
1645        0.005295028051847548
1646        0.005018378796672463
1647        0.004352872896111432
1648        0.009137163861481916
1649        0.009378990133488096
1650        0.006008899206809817
1651        0.007390210872509179
1652        0.005414973882762613
1653        0.010472044882956081
1654        0.0021725672277036205
1655        0.009340297929967116
1656        0.010435287289611147
1657        0.011982975430450757
1658        0.014122654285161532
1659        0.01099632424066551
1660        0.01249951634745599
1661        0.008359450570709998
1662        0.004809440897659116
1663        0.004567614625652926
1664        0.007353453279164241
1665        0.009369317082607848
1666        0.009106210098665118
1667        0.006982008125362735
1668        0.003813116656993613
1669        0.0020797059392532384
1670        0.002814857806152062
1671        0.007415360804797829
1672        0.005215709034629512
1673        0.0038111820468175613
1674        0.0012633004449603433
1675        0.017192880634552148
1676        0.0038576126910427545
1677        0.005180886051460627
1678        0.007109692396982008
1679        0.005569742696846577
1680        0.006080479783323654
1681        0.004223254014316114
1682        0.00659121686980073
1683        0.009477655252466625
1684        0.0053240472044882884
1685        0.0061984910040626725
1686        0.004027858386535109
1687        0.005565873476494479
1688        0.002671696653124397
1689        0.00543818920487521
1690        0.004958405881214931
1691        0.010315341458696075
1692        0.014397368930160553
1693        0.0036989746566066964
1694        0.005890887986070802
1695        0.00483265621977171
1696        0.003195976010833815
1697        0.005827045850261163
1698        0.011375507835171205
1699        0.0017875798026697654
1700        0.004824917779067513
1701        0.01067324434126523
1702        0.004871348423292699
1703        0.005921841748887591
1704        0.0066221706326175175
1705        0.003737666860127683
1706        0.0018552911588315003
1707        0.005167343780228268
1708        0.002207390210872506
1709        0.0025885084155542635
1710        0.002793577094215518
1711        0.0015689688527761704
1712        0.007272199651770152
1713        0.0022151286515767065
1714        0.002222867092280905
1715        0.0038092474366415077
1716        0.0016134648868253087
1717        0.0017527568195008748
1718        0.0022209324821048566
1719        0.002220932482104858
1720        0.0013929193267556636
1721        0.001203327529502808
1722        0.008926291352292502
1723        0.006150125749661438
