1        0.014171019539562828
2        0.027537241245888938
3        0.005188624492164817
4        0.010245695492358325
5        0.005718707680402391
6        0.02226349390597791
7        0.022950280518475485
8        0.0022131940414006563
9        0.004093635132520799
10        0.012901915264074316
11        0.022687173534532815
12        0.0020023215322112612
13        0.0020313406848520062
14        0.005902495647127091
15        0.004966144321919122
16        0.03424453472625274
17        0.03234668214354808
18        0.024376088218223985
19        0.008670922809053997
20        0.00715031921067903
21        0.012940607467595283
22        0.010363706713097338
23        0.007380537821628933
24        0.01668601276842716
25        0.010096730508802517
26        0.0025188624492164854
27        0.004225188624492161
28        0.0068040239891661684
29        0.009092667827432798
30        0.0020990520410137355
31        0.0017546914296769237
32        0.0029193267556587386
33        0.001770168311085321
34        0.004248403946604757
35        0.004014316115302763
36        0.01796092087444379
37        0.022609789127490787
38        0.0202147417295415
39        0.009618881795318262
40        0.01703617721029214
41        0.01691816598955311
42        0.009090733217256727
43        0.014970013542271237
44        0.01041981040820277
45        0.01126330044496038
46        0.006424840394660456
47        0.015130586186883373
48        0.008827626233313993
49        0.013522925130586226
50        0.006622170632617516
51        0.016960727413426205
52        0.023296575739988362
53        0.015494292899980657
54        0.011365834784290992
55        0.009980653898239534
56        0.006682143548075043
57        0.025335654865544573
58        0.005502031340684835
59        0.012938672857419233
60        0.02377442445347261
61        0.02262913522925128
62        0.02026891081447085
63        0.020133488102147403
64        0.02231185916037914
65        0.005515573611917184
66        0.028790868639969023
67        0.009005610369510544
68        0.025041594118785017
69        0.003532598181466427
70        0.005316308763784101
71        0.013366221706326205
72        0.0044805571677307005
73        0.009245502031340684
74        0.021106597020700318
75        0.02379377055523307
76        0.01532404720448833
77        0.017016831108531614
78        0.010371445153801534
79        0.016804023989166167
80        0.01734764944863611
81        0.018305281485780603
82        0.027266395821241983
83        0.009854904236796296
84        0.00682917392145482
85        0.004604372218997869
86        0.006194621783710565
87        0.004294834590829939
88        0.0016482878699942
89        0.003091507061327146
90        0.003414586960727417
91        0.005200232153221121
92        0.014352872896111455
93        0.006181079512478218
94        0.03126716966531244
95        0.02018959179725284
96        0.008527761656026317
97        0.013584832656219771
98        0.030350164441864967
99        0.02894370284387691
100        0.012677500483652574
101        0.015540723544205862
102        0.02936544786225576
103        0.012925130586186927
104        0.010392725865738082
105        0.00779067517895146
106        0.01658347842909656
107        0.012052621396788575
108        0.011686980073515214
109        0.003536467401818527
110        0.0034203907912555595
111        0.005147997678467779
112        0.007012961888179521
113        0.009841361965563957
114        0.007477268330431414
115        0.0111627007158058
116        0.01975817372799382
117        0.032164828786999444
118        0.03201005997291548
119        0.029854904236796265
120        0.025943122460824107
121        0.029779454439930363
122        0.01236796285548466
123        0.03294447668794743
124        0.013929193267556626
125        0.016477074869413827
126        0.04128458115689695
127        0.027657187076803993
128        0.017283807312826485
129        0.006130779647900937
130        0.0034590829947765476
131        0.02297349584058807
132        0.024768814083962046
133        0.012120332752950306
134        0.00904623718320759
135        0.012671696653124443
136        0.015732249951634754
137        0.014289030760301824
138        0.01882569162313791
139        0.01615399497001357
140        0.011156896885277661
141        0.010164441864964228
142        0.012994776552524696
143        0.01167730702263497
144        0.027842909653704742
145        0.030460437221899776
146        0.02611723737666854
147        0.00473979493132133
148        0.010783517121300086
149        0.010325014509576342
150        0.015993422325401435
151        0.006202360224414763
152        0.010245695492358297
153        0.007763590636486746
154        0.0023718320758367166
155        0.026970400464306418
156        0.014037531437415396
157        0.015480750628748326
158        0.01320564906171409
159        0.016794350938285945
160        0.01785258270458502
161        0.013580963435867701
162        0.02520603598374922
163        0.02538015089959369
164        0.022853550009673037
165        0.01200425614238735
166        0.011307796479009528
167        0.012311859160379211
168        0.004151673437802275
169        0.007076804023989153
170        0.0038498742503385525
171        0.005892822596246847
172        0.008516153994970002
173        0.017974463145676155
174        0.03048752176436448
175        0.010344360611336846
176        0.012760688721222718
177        0.025271812729734933
178        0.025384020119945755
179        0.018870187657187072
180        0.01212420197330241
181        0.01750241826272004
182        0.021690849293867265
183        0.008703811182046838
184        0.023544205842522724
185        0.019733023795705164
186        0.017047784871348413
187        0.007146449990326944
188        0.01118591603791836
189        0.017980266976204317
190        0.007678467788740551
191        0.014085896691816606
192        0.011294254207777165
193        0.01781389050106403
194        0.010021280711936557
195        0.029736893016057267
196        0.020588121493519056
197        0.011512865157670778
198        0.012071967498549076
199        0.01455987618494874
200        0.006838846972335054
201        0.013656413232733587
202        0.011418069259044327
203        0.011425807699748554
204        0.01761462565293098
205        0.008589669181659905
206        0.02883923389437029
207        0.012917392145482718
208        0.015558135035790297
209        0.022743277229638186
210        0.013105049332559517
211        0.003184368349777517
212        0.018475527181272974
213        0.008425227316695684
214        0.0154401238150513
215        0.02757206422905785
216        0.019069452505320196
217        0.009938092474366444
218        0.0014567614625652992
219        0.00171599922615593
220        0.002652350551363901
221        0.026583478429096512
222        0.007674598568388463
223        0.023395240858966895
224        0.0014567614625652944
225        0.0018494873283033493
226        0.002257690075449798
227        0.0034552137744244564
228        0.006747920294060733
229        0.008096343586767267
230        0.003344940994389628
231        0.005792222867092265
232        0.004385761269104265
233        0.0017101953956277856
234        0.0038015089959373177
235        0.034099438963049004
236        0.029649835558135013
237        0.014209711743083787
238        0.023714451538015102
239        0.018063455213774414
240        0.011835945057071013
241        0.02701102727800346
242        0.010027084542464705
243        0.011156896885277639
244        0.008036370671309735
245        0.00654091700522343
246        0.007693944670148983
247        0.006715031921067891
248        0.007175469142967684
249        0.0102070032888373
250        0.0054904236796285396
251        0.004445734184561802
252        0.011098858579996162
253        0.012882569162313834
254        0.02334881021474174
255        0.016954923582898032
256        0.00928612884503774
257        0.009669181659895542
258        0.012104855871541883
259        0.012696846585413073
260        0.017508222093248194
261        0.012170632617527603
262        0.010632617527568224
263        0.011392919326755686
264        0.008903076030179943
265        0.016316502224801726
266        0.0032985103501644406
267        0.00742309924550202
268        0.007148384600502992
269        0.017724898432965774
270        0.009061714064615993
271        0.01625072547881603
272        0.009820081253627396
273        0.0095782549816212
274        0.013145676146256568
275        0.014051073708647749
276        0.00690849293867284
277        0.01413039272586575
278        0.02704585026117238
279        0.010653898239504755
280        0.012062294447668837
281        0.012605919907138751
282        0.01065002901915266
283        0.003445540723544198
284        0.0038440704198103985
285        0.006181079512478231
286        0.012712323466821442
287        0.007512091313600311
288        0.013896304894563777
289        0.005529115883149534
290        0.006200425614238721
291        0.005324047204488291
292        0.004300638421358089
293        0.006099825885084143
294        0.01521570903462952
295        0.010829947765525264
296        0.010216676339717562
297        0.004236796285548453
298        0.0075546527374733925
299        0.016523505513639014
300        0.0019075256335848324
301        0.002306055329851038
302        0.0028845037724898447
303        0.004391565099632418
304        0.008891468369123643
305        0.007347649448636107
306        0.011988779260978948
307        0.01926484813310117
308        0.012870961501257527
309        0.005188624492164813
310        0.01466627974463149
311        0.023735732249951624
312        0.022166763397175413
313        0.013888566453859592
314        0.018665118978525828
315        0.011232346682143577
316        0.005267943509382849
317        0.004242600116076606
318        0.013741536080479818
319        0.011855291158831528
320        0.004043335267943509
321        0.003582898046043719
322        0.011450957632037139
323        0.018728961114335464
324        0.010404333526794388
325        0.009380924743664157
326        0.004780421745018369
327        0.015954730121880457
328        0.013996904623718356
329        0.004201973302379566
330        0.0053685432385374215
331        0.005440123815051256
332        0.02169665312439543
333        0.02166956858193073
334        0.015159605339524103
335        0.019562778100212782
336        0.013795705165409212
337        0.015039659508609016
338        0.014790094795898646
339        0.013401044689495111
340        0.008694138131166596
341        0.007819694331592186
342        0.016475140259237787
343        0.03242987038111822
344        0.028837299284194214
345        0.030862836138518115
346        0.02687173534532788
347        0.016560263106983938
348        0.03627200619075258
349        0.012747146449990365
350        0.00740762236409363
351        0.026463532598181405
352        0.0018959179725285369
353        0.004155542658154379
354        0.005695492358289799
355        0.014774617914490248
356        0.012037144515380179
357        0.012238343973689347
358        0.01123815051267173
359        0.028966918165989567
360        0.03310504933255952
361        0.024913909847165776
362        0.02686399690462368
363        0.01637260591990716
364        0.015765138324627604
365        0.006142387308957228
366        0.013824724318049953
367        0.007301218804410913
368        0.006055329851035002
369        0.01086863996904625
370        0.02145676146256527
371        0.006407428903076019
372        0.007465660669375113
373        0.010847359257109727
374        0.008034436061133701
375        0.014136196556393905
376        0.017349584058812144
377        0.011870768040239902
378        0.010855097697813905
379        0.012656219771716014
380        0.019208744437995768
381        0.017554652737473392
382        0.020007738440704227
383        0.019388663184368316
384        0.020756432578835332
385        0.011064035596827261
386        0.025556200425614194
387        0.022354420584252268
388        0.025055136390017375
389        0.01568581930740957
390        0.01370477848713489
391        0.012348616753724163
392        0.016331979106210114
393        0.008856645385954742
394        0.017974463145676165
395        0.004674018185335644
396        0.010969239698200824
397        0.024451538015089914
398        0.013310118011220753
399        0.03318630295995359
400        0.014675952795511727
401        0.031603791835945035
402        0.02996130779647898
403        0.01277036177210295
404        0.013230798994002757
405        0.006488682530470097
406        0.006987811955890885
407        0.014378022828400077
408        0.005710969239698191
409        0.00800541690849295
410        0.010029019152640777
411        0.02128845037724897
412        0.00855871541884311
413        0.011932675565873484
414        0.010237957051654117
415        0.019247436641516718
416        0.028220158638034423
417        0.031615399497001366
418        0.010584252273166984
419        0.016989746566066923
420        0.0045985683884697155
421        0.014906171406461605
422        0.013524859740762259
423        0.00425227316695685
424        0.0163706713097311
425        0.013273360417875855
426        0.018009286128845056
427        0.013733797639775612
428        0.012509189398336264
429        0.024525053201779872
430        0.0072760688721222565
431        0.006291352292513042
432        0.008701876571870788
433        0.012472431804991331
434        0.029398336235248627
435        0.012180305668407842
436        0.0038518088605145975
437        0.016237183207583692
438        0.027999613077964815
439        0.028645772876765317
440        0.0250087057457922
441        0.02405300831882372
442        0.014372218997871965
443        0.005749661443219181
444        0.007370864770748691
445        0.006041787579802658
446        0.006380344360611329
447        0.009017218030566855
448        0.010346295221512895
449        0.019162313793770563
450        0.017761656026310677
451        0.016099825885084157
452        0.01764944863609983
453        0.019584058812149332
454        0.014633391371638637
455        0.011394853936931744
456        0.010584252273166972
457        0.00952988972721997
458        0.0184561810795125
459        0.004902302186109489
460        0.008994002708454246
461        0.03414973882762623
462        0.026328109885858025
463        0.011197523698974659
464        0.017198684465080286
465        0.042362159024956526
466        0.03217643644805572
467        0.008369123621590242
468        0.013476494486360997
469        0.03558135035790288
470        0.020119945830915073
471        0.0099922615592958
472        0.027208357515960565
473        0.032242213194041414
474        0.022054556006964626
475        0.036469336428709635
476        0.03298316889146838
477        0.015235055136390008
478        0.038719288063455246
479        0.008744437995743851
480        0.044244534726252664
481        0.013290771909460233
482        0.029113948539369328
483        0.049667247049719476
484        0.00813116656993615
485        0.04545753530663572
486        0.013449409943896313
487        0.022551750822209317
488        0.03686012768427163
489        0.03448249177790677
490        0.017411491584445753
491        0.013352679435093856
492        0.024590829947765527
493        0.04003675759334497
494        0.008835364674018187
495        0.0239175856065003
496        0.031812729734958425
497        0.023755078351712127
498        0.029537628167924174
499        0.008363319791062099
500        0.0341710195395628
501        0.050259237763590654
502        0.01858773457148384
503        0.011797252853550011
504        0.006697620429483448
505        0.00817953182433739
506        0.010135422712323478
507        0.012145482685238925
508        0.011073708647707485
509        0.023888566453859554
510        0.040054169084929425
511        0.012071967498549033
512        0.019618881795318243
513        0.03071193654478627
514        0.029963242406655054
515        0.023312052621396805
516        0.016798220158638036
517        0.016947185142193857
518        0.01874443799574385
519        0.016724704971948164
520        0.030651963629328722
521        0.02891468369123622
522        0.029013348810214737
523        0.011280711936544783
524        0.01707293480363707
525        0.012592377635906355
526        0.018748307216095973
527        0.03400851228477463
528        0.04586767266395822
529        0.04296382278970789
530        0.046896885277616596
531        0.0057670729348036276
532        0.00787773263687367
533        0.0060456568001547644
534        0.011476107564325794
535        0.009930354033662221
536        0.009050106403559677
537        0.008071193654478621
538        0.013987231572838068
539        0.04400077384407042
540        0.011576707293480358
541        0.017274134261946225
542        0.014554072354420595
543        0.008146643451344544
544        0.025374347069065606
545        0.02872315728380732
546        0.022969626620236033
547        0.03951441284581158
548        0.024128458115689675
549        0.021284581156896895
550        0.03212420197330243
551        0.03379957438576127
552        0.03963629328690273
553        0.028868253047011065
554        0.03735345327916428
555        0.025782549816212058
556        0.024704971948152434
557        0.04508609015283423
558        0.03231766299090736
559        0.03415554265815438
560        0.018299477655252472
561        0.020058038305281495
562        0.012917392145482693
563        0.018225962468562593
564        0.02613851808860512
565        0.00400657767459857
566        0.02595859934223254
567        0.006960727413426181
568        0.008268523892435674
569        0.015722576900754483
570        0.028790868639969068
571        0.012131940414006575
572        0.008129231959760104
573        0.008920487521764359
574        0.012545946991681177
575        0.02583091507061325
576        0.025250532017798408
577        0.057688140839620816
578        0.0208047978332366
579        0.01580383052814858
580        0.023466821435480754
581        0.028241439349970972
582        0.025291158831495436
583        0.012259624685625843
584        0.017618494873283035
585        0.0171832075836719
586        0.02164248403946603
587        0.014585026117237386
588        0.012567227703617708
589        0.019940027084542476
590        0.027796479009479628
591        0.008821822402785834
592        0.0073669955503965915
593        0.005221512865157666
594        0.0187928032501451
595        0.013579028825691624
596        0.01968272393112787
597        0.025805765138324614
598        0.011147223834397367
599        0.010564906171406464
600        0.004894563745405289
601        0.019816212033275285
602        0.006370671309731079
603        0.0054691429676919975
604        0.04641129812342821
605        0.01216482878699943
606        0.01027664925517509
607        0.010543625459469935
608        0.01923582898046045
609        0.026529309344167154
610        0.005678080866705351
611        0.03358289804604375
612        0.005316308763784091
613        0.009893596440317282
614        0.006086283613851801
615        0.0061075643257883375
616        0.04676146256529319
617        0.026923969820081252
618        0.034830721609595675
619        0.028667053588701877
620        0.00906171406461598
621        0.01716773070226348
622        0.008251112400851225
623        0.009808473592571103
624        0.04342619462178376
625        0.0054981621203327455
626        0.036411298123428186
627        0.040129618881795365
628        0.01712903849874253
629        0.012646546720835764
630        0.01089572451151095
631        0.028518088605146066
632        0.020475914103308204
633        0.01153608047978333
634        0.011301992648481347
635        0.024203907912555597
636        0.008444573418456187
637        0.0057477268330431265
638        0.008082801315534923
639        0.023335267943509385
640        0.03950667440510744
641        0.04843490036757598
642        0.006043722189978712
643        0.02591990713871155
644        0.014534726252660108
645        0.014142000386922053
646        0.024378022828400073
647        0.01667633971754692
648        0.002571096923969823
649        0.012640742890307614
650        0.021472238343973674
651        0.026744051073708645
652        0.018928225962468556
653        0.014300638421358114
654        0.020876378409750443
655        0.011634745598761854
656        0.04091507061327147
657        0.031764364480557195
658        0.04235248597407628
659        0.015612304120719681
660        0.01595086090152835
661        0.01911781775972142
662        0.015442058425227332
663        0.015178951441284587
664        0.01332752950280522
665        0.01322306055329853
666        0.04392725865738059
667        0.017769394467014893
668        0.018549042367962853
669        0.023675759334494083
670        0.016324240665505904
671        0.016908492938672873
672        0.020460437221899764
673        0.029030760301799175
674        0.023118591603791826
675        0.024881021474172958
676        0.012199651770168322
677        0.030499129425420796
678        0.019102340878313022
679        0.01790481717933835
680        0.026322306055329838
681        0.012083575159605345
682        0.008146643451344547
683        0.025699361578641878
684        0.02139098471657962
685        0.037761656026310715
686        0.016593151479976795
687        0.013691236215902522
688        0.01507835171213002
689        0.020706132714258075
690        0.007564325788353634
691        0.0324434126523506
692        0.014426388082801325
693        0.03136583478429099
694        0.008982395047397953
695        0.004112981234281288
696        0.014045269878119576
697        0.017504352872896114
698        0.01094989359644033
699        0.038165989553105094
700        0.03686399690462373
701        0.033379763977558555
702        0.04075836718901147
703        0.024167150319210653
704        0.03288450377248989
705        0.028034436061133684
706        0.009026891081447093
707        0.010013542271232348
708        0.039148771522538234
709        0.013973689301605745
710        0.004161346488682525
711        0.020369510543625482
712        0.030843490036757622
713        0.02963242406655058
714        0.03656219771716002
715        0.014449603404913922
716        0.014834590829947763
717        0.02711549622751015
718        0.010046430644225186
719        0.01620042561423874
720        0.005356935577481134
721        0.005440123815051262
722        0.011534145869607292
723        0.007396014703037333
724        0.015443993035403369
725        0.01455987618494874
726        0.007353453279164245
727        0.017599148771522546
728        0.020975043528728938
729        0.020435287289611144
730        0.022977365060940228
731        0.017703617721029213
732        0.04489069452505326
733        0.008587734571483846
734        0.00861868833430064
735        0.014120719674985521
736        0.012058425227316724
737        0.006130779647900944
738        0.009402205455600702
739        0.015482685238924387
740        0.03641710195395631
741        0.051048558715418864
742        0.03325981814664345
743        0.04086863996904629
744        0.03994970013542277
745        0.006949119752369888
746        0.009266782743277217
747        0.021508995937318608
748        0.040145095763203735
749        0.05147223834397371
750        0.017957051654091716
751        0.03401238150512674
752        0.0302959953569356
753        0.015411104662410526
754        0.004451538015089957
755        0.012162894176823385
756        0.017024569549235813
757        0.013387502418262733
758        0.014641129812342835
759        0.026384213580963416
760        0.00785258270458503
761        0.03359837492745212
762        0.028968852776165583
763        0.04593344940994394
764        0.02174888759914877
765        0.010499129425420785
766        0.01557554652737474
767        0.006606693751209113
768        0.017726833043141817
769        0.011921067904817206
770        0.015985683884697233
771        0.027970593925324052
772        0.023606113368156337
773        0.03774811375507838
774        0.017194815244728212
775        0.0129831688914684
776        0.011663764751402605
777        0.010121880441091122
778        0.012484039466047604
779        0.0492126136583479
780        0.029315147997678467
781        0.020435287289611158
782        0.014563745405300862
783        0.01506094022054557
784        0.004302573031534136
785        0.029137163861481935
786        0.013629328690268923
787        0.04123815051267175
788        0.03668020893789902
789        0.009131360030953764
790        0.01037337976397758
791        0.021752756819500865
792        0.012203520990520422
793        0.02317856451924934
794        0.020179918746372608
795        0.011820468175662612
796        0.014261946217837123
797        0.007808086670535884
798        0.023310118011220734
799        0.015200232153221126
800        0.014685625846391957
801        0.013482298316889182
802        0.007305088024763006
803        0.018111820468175662
804        0.043089572451151144
805        0.047935770942155245
806        0.02443606113368154
807        0.034910040626813715
808        0.036059199071387125
809        0.041588314954536666
810        0.028481331011801128
811        0.017786805958599345
812        0.020715805765138314
813        0.017351518668988195
814        0.009721416134648877
815        0.045794157477268414
816        0.0059972915457535145
817        0.00863029599535695
818        0.015399497001354222
819        0.015645192493712518
820        0.015310504933255972
821        0.02264074289030759
822        0.036372605919907146
823        0.02266008899206811
824        0.02065583284968079
825        0.033627394080092896
826        0.0342928999806539
827        0.015794157477268353
828        0.033828593538402035
829        0.023559682723931122
830        0.029628554846198488
831        0.02823176629909071
832        0.01663377829367382
833        0.021048558715418848
834        0.009021087250918942
835        0.01048945637454054
836        0.03319984523118594
837        0.011748887599148779
838        0.008649642097117433
839        0.01494486360998259
840        0.013321725672277058
841        0.01248597407622365
842        0.01956664732056492
843        0.013157283807312837
844        0.013611917198684476
845        0.01008318823757013
846        0.013592571096923996
847        0.021352292513058625
848        0.03542077771329078
849        0.013199845231185928
850        0.017802282840007753
851        0.015443993035403381
852        0.01703811182046818
853        0.03625459469916819
854        0.018256916231379393
855        0.007310891855291155
856        0.008059585993422326
857        0.008131166569936163
858        0.03460437221899789
859        0.012648481331011813
860        0.011934610176049534
861        0.036542851615399524
862        0.010828013155349208
863        0.010684852002321537
864        0.01682723931127877
865        0.008179531824337394
866        0.0032249951634745638
867        0.005772876765331774
868        0.011520603598374929
869        0.013352679435093828
870        0.01916424840394662
871        0.004443799574385752
872        0.009500870574579216
873        0.006146256529309338
874        0.044147804217450216
875        0.012497581737279941
876        0.018038305281485787
877        0.007676533178564517
878        0.007214161346488674
879        0.022687173534532774
880        0.024434126523505528
881        0.01147030373379765
882        0.021116270071580578
883        0.008272393112787766
884        0.04113174695298899
885        0.03177210292126141
886        0.021706326175275677
887        0.015515573611917209
888        0.004809440897659112
889        0.020907332172567208
890        0.03885277616560266
891        0.0183478429096537
892        0.015341458696072747
893        0.03408783130199268
894        0.02280518475527179
895        0.014614045269878119
896        0.004499903269491192
897        0.01803250145095763
898        0.015443993035403386
899        0.012762623331398729
900        0.04076804023989174
901        0.00831495453666086
902        0.009324821048558722
903        0.013515186689881989
904        0.00582898046043721
905        0.016208164054942933
906        0.00581737279938092
907        0.011950087057457941
908        0.011692783904043352
909        0.005695492358289798
910        0.013700909266782756
911        0.012752950280518493
912        0.02484232927065194
913        0.005827045850261163
914        0.04481137550783524
915        0.012814857806152075
916        0.026844650802863187
917        0.016759527955117065
918        0.010375314374153607
919        0.02090346295221511
920        0.013853743470690658
921        0.010050299864577311
922        0.01483459082994779
923        0.008883729928419433
924        0.024260011607661044
925        0.004269684658541291
926        0.03370864770748698
927        0.010955697426968473
928        0.011154962275101567
929        0.015681950087057445
930        0.027525633584832652
931        0.011538015089959393
932        0.04329657573998844
933        0.041261365834784285
934        0.012209324821048572
935        0.009616947185142211
936        0.028324627587541132
937        0.011224608241439353
938        0.015834784290965395
939        0.02537628167924164
940        0.01025730315341459
941        0.005875411104662401
942        0.018237570129618897
943        0.02645385954730119
944        0.011398723157283833
945        0.01782936738247245
946        0.021311665699361586
947        0.012857419230025173
948        0.020895724511510925
949        0.01587734571483846
950        0.012443412652350558
951        0.02187463726059199
952        0.016929773650609423
953        0.020067711356161713
954        0.041857225769007564
955        0.011361965563938868
956        0.01778680595859934
957        0.046268136970400546
958        0.026055329851035
959        0.02025536854323853
960        0.018198877926097916
961        0.0177964790094796
962        0.019514412845811575
963        0.014615979880054187
964        0.006639582124201963
965        0.03835945057071004
966        0.015743857612691037
967        0.01583671890114143
968        0.02356935577481137
969        0.004279357709421541
970        0.018639969046237194
971        0.024650802863223062
972        0.0445792222867093
973        0.03171406461597991
974        0.014863609982588526
975        0.03539369317082608
976        0.009324821048558711
977        0.015678080866705364
978        0.02061327142580771
979        0.03743857612691046
980        0.03128264654672083
981        0.01204875217643646
982        0.053337202553685494
983        0.05257883536467407
984        0.014784290965370497
985        0.04605919907138719
986        0.00725478816018572
987        0.008502611723737667
988        0.020551363900174105
989        0.01956664732056491
990        0.005213774424453464
991        0.01646159798800542
992        0.007322499516347449
993        0.03843683497775201
994        0.043312052621396854
995        0.04776552524666284
996        0.013644805571677333
997        0.006763397175469136
998        0.04126910427548853
999        0.01363706713097313
1000        0.021309731089185536
1001        0.043226929773650655
1002        0.018877926097891295
1003        0.04737473399110082
1004        0.010278583865351135
1005        0.012689108144708859
1006        0.0472470497194816
1007        0.01773650609402207
1008        0.03799767846778879
1009        0.012025536854323872
1010        0.014443799574385767
1011        0.03829947765525249
1012        0.013855678080866707
1013        0.017649448636099824
1014        0.01648868253047011
1015        0.013919520216676364
1016        0.013091507061327154
1017        0.02076030179918746
1018        0.039808473592571135
1019        0.014846198491004069
1020        0.023629328690268913
1021        0.01819887792609789
1022        0.016138518088605145
1023        0.012137744244534735
1024        0.005948926291352283
1025        0.005229251305861866
1026        0.00905977945443992
1027        0.010367575933449422
1028        0.018901141420003865
1029        0.025680015476881417
1030        0.013265621977171614
1031        0.014277423099245515
1032        0.004501837879667244
1033        0.01263493905977947
1034        0.027134842329270638
1035        0.014865544592764573
1036        0.02035403366221705
1037        0.019115883149545355
1038        0.01412458889533761
1039        0.014614045269878128
1040        0.013907912555620064
1041        0.009001741149158441
1042        0.046976204294834664
1043        0.019266782743277228
1044        0.023904043335267952
1045        0.03688721222673635
1046        0.003621590249564709
1047        0.004639195202166757
1048        0.0053956277810021215
1049        0.00802282840007738
1050        0.02024376088218224
1051        0.006807893209518283
1052        0.02621396788547108
1053        0.016515767072934798
1054        0.012751015670342442
1055        0.00910234087831302
1056        0.027693944670148938
1057        0.02509576320371447
1058        0.043786032114529035
1059        0.016208164054942933
1060        0.005989553105049321
1061        0.008885664538595472
1062        0.011516734378022853
1063        0.008003482298316888
1064        0.016974269684658566
1065        0.01198877926097894
1066        0.012203520990520413
1067        0.036676339717546934
1068        0.046047591410330845
1069        0.01884890694525053
1070        0.030131553491971406
1071        0.015596827239311276
1072        0.010415941187850657
1073        0.01564519249371252
1074        0.03709421551557368
1075        0.022104855871541887
1076        0.01937512091313601
1077        0.020069645966337757
1078        0.028816018572257674
1079        0.021489649835558136
1080        0.03787579802669765
1081        0.04642870961501263
1082        0.05249951634745604
1083        0.05151286515767075
1084        0.01809827819694332
1085        0.05002708454246468
1086        0.01682530470110272
1087        0.03209131360030951
1088        0.011611530276649261
1089        0.021245888953375914
1090        0.024799767846778873
1091        0.05810214741729544
1092        0.013679628554846194
1093        0.045248597407622416
1094        0.034008512284774604
1095        0.018206616366802073
1096        0.018908879860708057
1097        0.015627781002128083
1098        0.05313600309537631
1099        0.021981040820274717
1100        0.030938285935384027
1101        0.01664345134455406
1102        0.033124395434320004
1103        0.018980460437221888
1104        0.03729734958405882
1105        0.01472625266008901
1106        0.02148578061520601
1107        0.011207196749854905
1108        0.03673050880247629
1109        0.04521570903462955
1110        0.02250145095763202
1111        0.034718514219384794
1112        0.016848520023215328
1113        0.01711743083768621
1114        0.01418262720061909
1115        0.02499129425420777
1116        0.017278003482298316
1117        0.017334107177403753
1118        0.017490810601663773
1119        0.018601276842716185
1120        0.036086283613851806
1121        0.029936157864190384
1122        0.02717546914296769
1123        0.04067324434126525
1124        0.046744051073708666
1125        0.012731669568581945
1126        0.01851808860514606
1127        0.030723544205842515
1128        0.05732636873669956
1129        0.03516927839040436
1130        0.01662023602244148
1131        0.010816405494292892
1132        0.02898626426775003
1133        0.05013929193267555
1134        0.014285161539949704
1135        0.008837299284194234
1136        0.01854130392725866
1137        0.021671503192106777
1138        0.0222692977365061
1139        0.025474946798220162
1140        0.02804410911201394
1141        0.0556935577481138
1142        0.03821242019733026
1143        0.03741923002514993
1144        0.007457922228670924
1145        0.015360804797833234
1146        0.02576513832462758
1147        0.022011994583091513
1148        0.00913522925130587
1149        0.019843296575739994
1150        0.03306829173921455
1151        0.023257883536467388
1152        0.037477268330431454
1153        0.027405687753917583
1154        0.050305668407815834
1155        0.015266008899206812
1156        0.032116463532598186
1157        0.031984910040626806
1158        0.01863029599535694
1159        0.012389243567421162
1160        0.05407428903076031
1161        0.016010833816985884
1162        0.03293093441671506
1163        0.026871735345327934
1164        0.0342503385567808
1165        0.03176629909073324
1166        0.020841555426581542
1167        0.050578448442638854
1168        0.02959373186302963
1169        0.045521377442445346
1170        0.05108144708841171
1171        0.05088992068098278
1172        0.05179338363319788
1173        0.0297736506094022
1174        0.03211452892242215
1175        0.050207003288837315
1176        0.019585993422325382
1177        0.006140452698781184
1178        0.03360030953762819
1179        0.04977171599922618
1180        0.025465273747339878
1181        0.010454633391371638
1182        0.03729734958405881
1183        0.03807506287483071
1184        0.018752176436448064
1185        0.06204294834590835
1186        0.028550976978138885
1187        0.029584058812149375
1188        0.010795124782356362
1189        0.050106403559682725
1190        0.05162507254788167
1191        0.033619655639388686
1192        0.04512284774617919
1193        0.02244147804217451
1194        0.02651189785258271
1195        0.007115496227510154
1196        0.019344167150319214
1197        0.02466627974463144
1198        0.021271038885664537
1199        0.022159024956471256
1200        0.0188121493519056
1201        0.04039466047591413
1202        0.022224801702456956
1203        0.01225382085509771
1204        0.02791642484039467
1205        0.020644225188624497
1206        0.021536080479783323
1207        0.013283033468756051
1208        0.02623137937705552
1209        0.02994970013542271
1210        0.016521570903462953
1211        0.028620622944476686
1212        0.049450570710001966
1213        0.01543431998452312
1214        0.018111820468175648
1215        0.021698587734571468
1216        0.037473399110079304
1217        0.016771135616173362
1218        0.048471657960920914
1219        0.036395821242019774
1220        0.04666279744631459
1221        0.04996130779647902
1222        0.032644612110659714
1223        0.029462178371058217
1224        0.008231766299090733
1225        0.013524859740762245
1226        0.017546914296769217
1227        0.007988005416908488
1228        0.03275875411104666
1229        0.04689495066744055
1230        0.030417875798026715
1231        0.019425420777713292
1232        0.02683884697233505
1233        0.02129425420777712
1234        0.03163281098858581
1235        0.024289030760301776
1236        0.010087057457922223
1237        0.017227703617721017
1238        0.019624685625846388
1239        0.016604759141033095
1240        0.03234861675372412
1241        0.025086090152834202
1242        0.017488875991487726
1243        0.022961888179531813
1244        0.03224801702456954
1245        0.016600889920680987
1246        0.02481524472818725
1247        0.023364287096150124
1248        0.009909073321725675
1249        0.04989359644031728
1250        0.02283420390791255
1251        0.037322499516347495
1252        0.034939059779454426
1253        0.044523118591603815
1254        0.025937318630295993
1255        0.032333139872315744
1256        0.041547688140839645
1257        0.035633584832656225
1258        0.01255948926291353
1259        0.013565486554459284
1260        0.03843683497775201
1261        0.039218417488876015
1262        0.024198104082027463
1263        0.03834203907912556
1264        0.03616947185142195
1265        0.02910427548848906
1266        0.009926484813310118
1267        0.014497968659315148
1268        0.05069839427355394
1269        0.025358870187657187
1270        0.023151479976784673
1271        0.052609789127490834
1272        0.02325981814664344
1273        0.015449796865931521
1274        0.030659702070032876
1275        0.05524279357709428
1276        0.03167730702263491
1277        0.05842522731669571
1278        0.02934223254014316
1279        0.018723157283807298
1280        0.020789320951828227
1281        0.02488489069452504
1282        0.021408396208164038
1283        0.016875604565680023
1284        0.011356161733410714
1285        0.023579028825691618
1286        0.05202553685432387
1287        0.020624879086863997
1288        0.033079899400270875
1289        0.0209847165796092
1290        0.03976397755852199
1291        0.019061714064615987
1292        0.04144128458115693
1293        0.02022828400077385
1294        0.028947572064229057
1295        0.020601663764751425
1296        0.020052234474753326
1297        0.01889727219965176
1298        0.021474172954149724
1299        0.033973689301605756
1300        0.02454053008318823
1301        0.02270071580576515
1302        0.01806345521377443
1303        0.025898626426775016
1304        0.01957632037144516
1305        0.028187270265041628
1306        0.017276068872122272
1307        0.034285161539949725
1308        0.024201973302379574
1309        0.023681563165022224
1310        0.018301412265428533
1311        0.03023215322112595
1312        0.025072547881601855
1313        0.01924937125169279
1314        0.051468369123621655
1315        0.05719288063455212
1316        0.060081253627394075
1317        0.05182046817566259
1318        0.02284387695879281
1319        0.024457341845618097
1320        0.02733797639775587
1321        0.009243567421164643
1322        0.009924550203134071
1323        0.008816018572257693
1324        0.010930547494679815
1325        0.012431804991294253
1326        0.013950473979493137
1327        0.013459082994776557
1328        0.01304701102727801
1329        0.022573031534145863
1330        0.01390597794544399
1331        0.023056684078158234
1332        0.021793383633197935
1333        0.01519829754304508
1334        0.012197717159992265
1335        0.01375894757206423
1336        0.019166183014122644
1337        0.04846005029986459
1338        0.010646159798800538
1339        0.055859934223254075
1340        0.05000773844070425
1341        0.023464886825304666
1342        0.02198491004062682
1343        0.03849487328303348
1344        0.012222867092280902
1345        0.01809634358676728
1346        0.033331398723157296
1347        0.028554846198490993
1348        0.03170826078545175
1349        0.03650029019152641
1350        0.0252698781195589
1351        0.02343393306248794
1352        0.020891855291158834
1353        0.02083962081640551
1354        0.02596246856258463
1355        0.04007931901721806
1356        0.014550203134068485
1357        0.013652544012381505
1358        0.023240472044882967
1359        0.01958212420197329
1360        0.014602437608821824
1361        0.015828980460437226
1362        0.018144708841168502
1363        0.016848520023215338
1364        0.020711936544786206
1365        0.02054556006964597
1366        0.02458889533758947
1367        0.016962662023602255
1368        0.02945250532017799
1369        0.025333720255368522
1370        0.022095182820661627
1371        0.02327142580769975
1372        0.021439349970980834
1373        0.015002901915264077
1374        0.019429289998065393
1375        0.015213774424453472
1376        0.017063261752756832
1377        0.01735151866898819
1378        0.016790481717933826
1379        0.05100406268136975
1380        0.011890114142000384
1381        0.04455407235442067
1382        0.030640355968272377
1383        0.03896304894563747
1384        0.025670342426001146
1385        0.026647320564906166
1386        0.014149738827626237
1387        0.02199071387115496
1388        0.040812536273940825
1389        0.018378796672470495
1390        0.05174888759914879
1391        0.01521957825498163
1392        0.04795124782356361
1393        0.023147610756432572
1394        0.02151673437802283
1395        0.03370284387695879
1396        0.03399110079319018
1397        0.02226929773650609
1398        0.0361288450377249
1399        0.012286709228090555
1400        0.03373960147030374
1401        0.03637260591990716
1402        0.010001934610176054
1403        0.015240858966918168
1404        0.00605532985103501
1405        0.029040433352679446
1406        0.05797446314567613
1407        0.01907138711549623
1408        0.028748307216095944
1409        0.017589475720642286
1410        0.019506674405107362
1411        0.02080479783323661
1412        0.04137550783517123
1413        0.025747726833043157
1414        0.028792803250145098
1415        0.027471464499903255
1416        0.02552137744244535
1417        0.023180499129425422
1418        0.02147610756432579
1419        0.017150319210679065
1420        0.0169878119558909
1421        0.018968852776165605
1422        0.019531824337396
1423        0.016788547107757772
1424        0.022725865738053776
1425        0.026192687173534516
1426        0.02059779454439931
1427        0.010882182240278612
1428        0.03788547107757789
1429        0.03928999806538984
1430        0.023060553298510332
1431        0.016208164054942933
1432        0.023936931708260778
1433        0.009293867285741924
1434        0.022996711162700734
1435        0.0202108725091894
1436        0.02958018959179725
1437        0.023933062487908687
1438        0.04883149545366612
1439        0.021224608241439343
1440        0.04907332172567232
1441        0.05247630102534342
1442        0.02408783130199265
1443        0.0326330044496034
1444        0.023453279164248383
1445        0.02484232927065198
1446        0.01669762042948347
1447        0.03243180499129427
1448        0.03184948732830335
1449        0.06221706326175274
1450        0.05719481524472818
1451        0.05369704004643067
1452        0.05670729348036377
1453        0.055658734764944894
1454        0.04837686206229447
1455        0.029562778100212798
1456        0.058935964403172794
1457        0.02463726059199071
1458        0.05250145095763205
1459        0.06583091507061328
1460        0.03254014316115303
1461        0.05391371638614821
1462        0.047225769007545014
1463        0.04495647127103891
1464        0.030706132714258098
1465        0.03201392919326753
1466        0.01845037724898433
1467        0.052325401431611594
1468        0.016308763784097503
1469        0.05592764557941577
1470        0.023188237570129607
1471        0.02794544399303539
1472        0.03073321725672277
1473        0.020056103695105444
1474        0.03769587928032503
1475        0.03599148771522536
1476        0.04599342232540144
1477        0.027266395821242
1478        0.02433352679435094
1479        0.019609208744437997
1480        0.02531243954343197
1481        0.03138324627587541
1482        0.023488102147417273
1483        0.02110853163087637
1484        0.023426194621783712
1485        0.021532211259431215
1486        0.02464693364287095
1487        0.013965950860901535
1488        0.021785645192493708
1489        0.012623331398723158
1490        0.023279164248403934
1491        0.008198877926097884
1492        0.018492938672857406
1493        0.0417140646159799
1494        0.015691623137937705
1495        0.06168504546333911
1496        0.05477848713484235
1497        0.06174501837879673
1498        0.02550203134068485
1499        0.051423873089572504
1500        0.02725285355000968
1501        0.0326368736699555
1502        0.012609789127490815
1503        0.0266608628361385
1504        0.013226929773650612
1505        0.04793964016250731
1506        0.022642677500483648
1507        0.022277036177210323
1508        0.03238343973689299
1509        0.023327529502805165
1510        0.0386863996904624
1511        0.029622751015670346
1512        0.01799961307796479
1513        0.023118591603791816
1514        0.02289611143354616
1515        0.024565680015476887
1516        0.03481717933836336
1517        0.0648384600502999
1518        0.03351325207970593
1519        0.032143548075062894
1520        0.02698200812536274
1521        0.02367382472431805
1522        0.023867285741923032
1523        0.03856451924937127
1524        0.035018378796672474
1525        0.028452311859160386
1526        0.009725285355000961
1527        0.03439736893016057
1528        0.05344554072354423
1529        0.02263106983942735
1530        0.04568968852776166
1531        0.04073515186689882
1532        0.05229251305861873
1533        0.0181988779260979
1534        0.034327722963822783
1535        0.010969239698200808
1536        0.026879473786032115
1537        0.0419481524472819
1538        0.05226929773650612
1539        0.028868253047011027
1540        0.023317856451924936
1541        0.024724318049912927
1542        0.023836331979106208
1543        0.02013542271232345
1544        0.014780421745018374
1545        0.015002901915264077
1546        0.01567808086670536
1547        0.015177016831108524
1548        0.01434706906558327
1549        0.018547107757786792
1550        0.015302766492551755
1551        0.0638305281485781
1552        0.03435674211646356
1553        0.05766879473786032
1554        0.026922035209905194
1555        0.03320564906171408
1556        0.028554846198491014
1557        0.04518862449216483
1558        0.05804604372219005
1559        0.024329657573998856
1560        0.01907912555620044
1561        0.049411878506480926
1562        0.03999032694911974
1563        0.039744631456761506
1564        0.021443219191332945
1565        0.02842909653704778
1566        0.05423486167537244
1567        0.029682723931127867
1568        0.027767459856838837
1569        0.026200425614238715
1570        0.02300444960340488
1571        0.022836138518088602
1572        0.03649061714064616
1573        0.028461984910040598
1574        0.05936931708260785
1575        0.03786999419616949
1576        0.059961307796479076
1577        0.06310118011220742
1578        0.05433739601470309
1579        0.05703811182046819
1580        0.06426194621783717
1581        0.049589862642677555
1582        0.016221706326175273
1583        0.04970013542271233
1584        0.05700909266782744
1585        0.06757786805958593
1586        0.0531321338750242
1587        0.020905397562391154
1588        0.019162313793770536
1589        0.0381176242987038
1590        0.036744051073708685
1591        0.043141806925904455
1592        0.052538208550977024
1593        0.02031534145869608
1594        0.029514412845811553
1595        0.032220932482104836
1596        0.058121493519055996
1597        0.04342426001160771
1598        0.0341323273360418
1599        0.02819307409556974
1600        0.05622944476687947
1601        0.017808086670535885
1602        0.06050493325594888
1603        0.043555813503579045
1604        0.034507641710195394
1605        0.03865931514799767
1606        0.043714451538015106
1607        0.028897272199651786
1608        0.05170439156509964
1609        0.02569742696846585
1610        0.05583671890114143
1611        0.011338750241826285
1612        0.02833816985877346
1613        0.02433159218417488
1614        0.03674792029406076
1615        0.030390791255562016
1616        0.06288256916231383
1617        0.06088798607080673
1618        0.02440510737086477
1619        0.027945443993035404
1620        0.04650609402205457
1621        0.03421551557361191
1622        0.033455213774424425
1623        0.05002128071193656
1624        0.03652350551363901
1625        0.03932288643838266
1626        0.04633004449603406
1627        0.03604759141033085
1628        0.04073708647707488
1629        0.04434513445540726
1630        0.04597601083381699
1631        0.04484813310118012
1632        0.029876184948732856
1633        0.02145095763203714
1634        0.05921648287869993
1635        0.03190559102340877
1636        0.05119945830915071
1637        0.048887599148771534
1638        0.019201005997291524
1639        0.04681563165022247
1640        0.04829173921454828
1641        0.04555426581543822
1642        0.07220158638034437
1643        0.061363900174114965
1644        0.07144128458115696
1645        0.029829754304507662
1646        0.02335074482491778
1647        0.02225382085509769
1648        0.052391178177597274
1649        0.04859547301218805
1650        0.03756626039852972
1651        0.031580576513832455
1652        0.03633971754691434
1653        0.04684078158251115
1654        0.008610949893596433
1655        0.058964983555813553
1656        0.06248017024569548
1657        0.06188237570129624
1658        0.06324047204488303
1659        0.057078738634165196
1660        0.06296769201006004
1661        0.04076804023989165
1662        0.03129231959760108
1663        0.029990326949119767
1664        0.052743277229638286
1665        0.05474559876184953
1666        0.045422712323466834
1667        0.0416676339717547
1668        0.0250706132714258
1669        0.013890501064035637
1670        0.020079319017218045
1671        0.02658928225962467
1672        0.03213774424453473
1673        0.026134648868253042
1674        0.0070980847359257025
1675        0.07254594699168117
1676        0.020381118204681754
1677        0.027506287483072173
1678        0.03346488682530471
1679        0.028647707486941384
1680        0.028032501450957637
1681        0.020338556780808665
1682        0.024374153608047976
1683        0.034337396014703016
1684        0.023372025536854316
1685        0.028721222673631277
1686        0.02176823370090927
1687        0.022745211839814265
1688        0.010613271425807699
1689        0.027479202940607444
1690        0.022934803637067114
1691        0.05366415167343781
1692        0.059566647320564915
1693        0.019599535693557747
1694        0.030495260205068705
1695        0.029911007931901736
1696        0.01977171599922617
1697        0.029570516540916997
1698        0.060905397562391175
1699        0.014304507641710217
1700        0.02540530083188236
1701        0.04686012768427162
1702        0.02618688334300638
1703        0.028701876571870778
1704        0.030439156509963244
1705        0.02310504933255948
1706        0.010224414780421763
1707        0.031096923969820077
1708        0.013698974656606739
1709        0.01562584639195204
1710        0.015393693170826077
1711        0.007792609789127497
1712        0.03565680015476888
1713        0.011052427935770964
1714        0.013689301605726461
1715        0.013368156316502263
1716        0.0142677500483653
1717        0.005854130392725855
1718        0.010371445153801504
1719        0.009057844844263897
1720        0.008260785451731483
1721        0.0027007158057651367
1722        0.05634358676726644
1723        0.035438189204875264
