1        0.0006113368156316479
2        0.000615206035983747
3        0.0006210098665118954
4        0.0006171406461597963
5        0.0006268136970400439
6        0.0006210098665118954
7        0.0006287483072160938
8        0.0006210098665118953
9        0.0006558328496807866
10        0.0006016637647514004
11        0.0006519636293286879
12        0.0006268136970400438
13        0.0006210098665118955
14        0.0007022634939059753
15        0.0006171406461597963
16        0.0006306829173921429
17        0.000650029019152638
18        0.0006152060359837467
19        0.0006132714258076972
20        0.0006210098665118952
21        0.000671309731089183
22        0.000638421358096341
23        0.0006306829173921431
24        0.0006171406461597964
25        0.0006113368156316478
26        0.0006287483072160935
27        0.0006461597988005392
28        0.0006519636293286878
29        0.0006248790868639944
30        0.0006113368156316478
31        0.0006461597988005394
32        0.0007003288837299261
33        0.0006132714258076971
34        0.0006713097310891829
35        0.0006268136970400439
36        0.0006210098665118954
37        0.0006190752563358459
38        0.0006287483072160934
39        0.0006055329851034993
40        0.0006035983749274499
41        0.0006229444766879448
42        0.0006248790868639944
43        0.0006558328496807867
44        0.0006035983749274498
45        0.0006538982395047372
46        0.0006190752563358459
47        0.0006538982395047374
48        0.0006152060359837468
49        0.0006326175275681925
50        0.0006384213580963409
51        0.000638421358096341
52        0.0006364867479202916
53        0.0006171406461597964
54        0.0006306829173921432
55        0.0006171406461597965
56        0.0006074675952795486
57        0.0006055329851034993
58        0.0006210098665118954
59        0.0006790481717933809
60        0.0006422905784484402
61        0.0006229444766879448
62        0.0006616366802089354
63        0.0006597020700328859
64        0.0006326175275681922
65        0.0006171406461597965
66        0.0006345521377442419
67        0.0006171406461597963
68        0.0006210098665118954
69        0.000622944476687945
70        0.0006597020700328857
71        0.0006751789514412821
72        0.0006055329851034992
73        0.00068485200232153
74        0.0006094022054555982
75        0.0006210098665118954
76        0.0006326175275681926
77        0.0006326175275681923
78        0.0006132714258076972
79        0.0006229444766879449
80        0.0006113368156316478
81        0.000630682917392143
82        0.0006210098665118956
83        0.0006364867479202915
84        0.0006461597988005394
85        0.0006229444766879447
86        0.0006577674598568364
87        0.0006403559682723904
88        0.0006094022054555984
89        0.0006790481717933809
90        0.0006480944089765887
91        0.0007254788160185697
92        0.0006403559682723909
93        0.0006229444766879451
94        0.0006326175275681925
95        0.0006519636293286876
96        0.0006306829173921429
97        0.0006287483072160935
98        0.000630682917392143
99        0.0006480944089765887
100        0.0006171406461597963
101        0.0006422905784484403
102        0.0006229444766879447
103        0.0006326175275681924
104        0.0006190752563358456
105        0.0006171406461597964
106        0.0006210098665118954
107        0.0006171406461597963
108        0.0006268136970400437
109        0.0006229444766879448
110        0.0006190752563358459
111        0.000630682917392143
112        0.0007254788160185696
113        0.0006964596633778266
114        0.0006132714258076973
115        0.0006422905784484402
116        0.0006268136970400441
117        0.000634552137744242
118        0.000630682917392143
119        0.0006461597988005392
120        0.0006152060359837466
121        0.0006268136970400441
122        0.0005977945443993012
123        0.0006809827819694303
124        0.0006461597988005392
125        0.0006364867479202916
126        0.0006655059005610344
127        0.0006152060359837468
128        0.0006306829173921429
129        0.0006210098665118955
130        0.0006306829173921429
131        0.000615206035983747
132        0.0006190752563358459
133        0.0006210098665118953
134        0.0006113368156316478
135        0.0006306829173921429
136        0.0006268136970400441
137        0.0006287483072160934
138        0.0006171406461597963
139        0.0006074675952795486
140        0.0006326175275681927
141        0.0006326175275681923
142        0.0006442251886244896
143        0.0006229444766879449
144        0.0006558328496807868
145        0.000619075256335846
146        0.0006132714258076972
147        0.0006287483072160934
148        0.000622944476687945
149        0.0006113368156316478
150        0.0006655059005610342
151        0.0006210098665118953
152        0.0006422905784484401
153        0.0006132714258076972
154        0.0006248790868639944
155        0.0006287483072160935
156        0.0006461597988005392
157        0.0006655059005610344
158        0.0006287483072160934
159        0.0006113368156316478
160        0.0006655059005610342
161        0.0006055329851034993
162        0.0006248790868639946
163        0.0006152060359837467
164        0.0006229444766879447
165        0.0006345521377442422
166        0.0006287483072160934
167        0.0006461597988005393
168        0.0006190752563358457
169        0.0006538982395047374
170        0.0006113368156316478
171        0.0006538982395047371
172        0.0006074675952795486
173        0.0006616366802089354
174        0.0008473592571096892
175        0.0006113368156316478
176        0.0006248790868639944
177        0.0006345521377442422
178        0.0006055329851034993
179        0.0006287483072160934
180        0.0006597020700328859
181        0.0005997291545753506
182        0.000626813697040044
183        0.0006113368156316477
184        0.0006345521377442419
185        0.0006306829173921429
186        0.0006364867479202916
187        0.000619075256335846
188        0.0006480944089765889
189        0.0006829173921454799
190        0.0006094022054555983
191        0.0006655059005610342
192        0.0006229444766879447
193        0.0006229444766879449
194        0.0006422905784484403
195        0.000638421358096341
196        0.0006171406461597963
197        0.0006171406461597962
198        0.0006403559682723904
199        0.0006229444766879449
200        0.0006152060359837466
201        0.0006558328496807867
202        0.0006035983749274498
203        0.0006035983749274498
204        0.0006848520023215295
205        0.000619075256335846
206        0.0006384213580963411
207        0.0006190752563358459
208        0.0006306829173921429
209        0.0006055329851034992
210        0.0006152060359837468
211        0.000626813697040044
212        0.0006094022054555981
213        0.0006113368156316478
214        0.0006035983749274496
215        0.000663571290384985
216        0.0006152060359837471
217        0.000626813697040044
218        0.0006113368156316479
219        0.0006577674598568363
220        0.0006635712903849847
221        0.0006364867479202918
222        0.0006152060359837468
223        0.0006268136970400441
224        0.0006132714258076972
225        0.0006480944089765887
226        0.0006403559682723905
227        0.0006538982395047374
228        0.0006345521377442422
229        0.000634552137744242
230        0.0006113368156316479
231        0.0006442251886244893
232        0.0006248790868639942
233        0.0006055329851034992
234        0.0006422905784484402
235        0.0006364867479202915
236        0.0006326175275681926
237        0.0006190752563358461
238        0.000698394273553876
239        0.0006190752563358457
240        0.0006152060359837468
241        0.0006364867479202916
242        0.000630682917392143
243        0.0006461597988005393
244        0.0006403559682723907
245        0.0006113368156316477
246        0.0006229444766879448
247        0.0006132714258076973
248        0.0006132714258076975
249        0.0006751789514412819
250        0.0006248790868639942
251        0.0005977945443993012
252        0.0006364867479202918
253        0.0006268136970400441
254        0.0006887212226736289
255        0.0006210098665118955
256        0.0006171406461597963
257        0.0006268136970400441
258        0.0007003288837299259
259        0.0006171406461597964
260        0.0006171406461597963
261        0.0006287483072160936
262        0.0006229444766879447
263        0.0006152060359837469
264        0.0006210098665118954
265        0.0006558328496807867
266        0.0006190752563358457
267        0.0006635712903849848
268        0.0006248790868639944
269        0.0006403559682723904
270        0.0006210098665118954
271        0.0006577674598568364
272        0.0006094022054555984
273        0.0006055329851034992
274        0.0006248790868639944
275        0.0006326175275681926
276        0.0006016637647514
277        0.0006577674598568363
278        0.0006500290191526381
279        0.0006210098665118953
280        0.0006480944089765888
281        0.0006384213580963411
282        0.0006171406461597966
283        0.0006268136970400441
284        0.0006364867479202918
285        0.0007235442058425201
286        0.0006790481717933808
287        0.0006113368156316478
288        0.0006287483072160934
289        0.0006171406461597961
290        0.000619075256335846
291        0.0006229444766879448
292        0.0006190752563358461
293        0.0006248790868639944
294        0.0006248790868639947
295        0.0006500290191526383
296        0.0006094022054555982
297        0.0006171406461597963
298        0.0006519636293286879
299        0.000619075256335846
300        0.0006171406461597962
301        0.000634552137744242
302        0.0006693751209131336
303        0.0006655059005610345
304        0.0006287483072160935
305        0.0006306829173921429
306        0.0006132714258076973
307        0.000630682917392143
308        0.0006210098665118954
309        0.0006132714258076973
310        0.0006229444766879447
311        0.0006074675952795486
312        0.0006268136970400441
313        0.0006152060359837468
314        0.0006248790868639946
315        0.0006055329851034994
316        0.000638421358096341
317        0.0006152060359837468
318        0.0006248790868639942
319        0.0006190752563358459
320        0.000630682917392143
321        0.0006326175275681926
322        0.0006906558328496783
323        0.0006055329851034993
324        0.0006094022054555984
325        0.000611336815631648
326        0.0006055329851034993
327        0.0006229444766879448
328        0.0006171406461597964
329        0.0006152060359837467
330        0.0006132714258076975
331        0.0006248790868639944
332        0.0006132714258076972
333        0.0006268136970400441
334        0.000619075256335846
335        0.0006248790868639944
336        0.0006306829173921429
337        0.0006655059005610344
338        0.0006384213580963411
339        0.0006287483072160934
340        0.0006422905784484403
341        0.0006055329851034993
342        0.0006268136970400439
343        0.0006442251886244896
344        0.000626813697040044
345        0.0006248790868639946
346        0.0006519636293286878
347        0.0006287483072160934
348        0.0006906558328496783
349        0.0006268136970400439
350        0.0006287483072160936
351        0.000619075256335846
352        0.0006132714258076972
353        0.0007216095956664704
354        0.0006597020700328861
355        0.0006171406461597963
356        0.0006306829173921431
357        0.0006113368156316479
358        0.0006210098665118952
359        0.0006210098665118953
360        0.0006152060359837467
361        0.0006210098665118954
362        0.0006229444766879453
363        0.0006326175275681924
364        0.0006577674598568363
365        0.0006171406461597963
366        0.000634552137744242
367        0.0006094022054555984
368        0.0006152060359837467
369        0.0006867866124975792
370        0.0006674405107370837
371        0.0006480944089765887
372        0.0006210098665118954
373        0.0006442251886244896
374        0.0006171406461597963
375        0.0006248790868639941
376        0.0006171406461597965
377        0.0006287483072160934
378        0.0006210098665118954
379        0.0006422905784484401
380        0.0006094022054555984
381        0.0006229444766879448
382        0.0006035983749274498
383        0.0006519636293286879
384        0.0006403559682723909
385        0.0006229444766879449
386        0.0006229444766879448
387        0.0006152060359837468
388        0.0006210098665118955
389        0.0006306829173921431
390        0.0006229444766879448
391        0.0006132714258076973
392        0.0006113368156316476
393        0.0006113368156316477
394        0.0006500290191526383
395        0.0006113368156316478
396        0.0006790481717933811
397        0.0006229444766879448
398        0.0006152060359837467
399        0.0006771135616173315
400        0.0006171406461597963
401        0.0006732443412652323
402        0.0006442251886244896
403        0.000638421358096341
404        0.000626813697040044
405        0.0005997291545753506
406        0.0006248790868639944
407        0.0007100019346101735
408        0.0006210098665118954
409        0.0006384213580963409
410        0.0006094022054555983
411        0.000626813697040044
412        0.0006074675952795486
413        0.0006809827819694306
414        0.0006035983749274496
415        0.0006326175275681924
416        0.000638421358096341
417        0.0006113368156316477
418        0.0006442251886244896
419        0.0006364867479202917
420        0.0006326175275681926
421        0.0006326175275681928
422        0.0006248790868639944
423        0.0006229444766879451
424        0.0006364867479202916
425        0.0006113368156316478
426        0.0006152060359837467
427        0.0006403559682723905
428        0.0006113368156316478
429        0.0006442251886244897
430        0.0006248790868639944
431        0.0006326175275681924
432        0.0006113368156316479
433        0.0006171406461597965
434        0.000708067324434124
435        0.0006442251886244896
436        0.000615206035983747
437        0.0006248790868639945
438        0.0006655059005610344
439        0.0006306829173921433
440        0.0006210098665118954
441        0.0006094022054555982
442        0.0006384213580963412
443        0.0006229444766879449
444        0.0006055329851034993
445        0.0006074675952795487
446        0.0006248790868639941
447        0.0006132714258076972
448        0.0006364867479202916
449        0.0006674405107370839
450        0.0006190752563358457
451        0.0006480944089765886
452        0.0006345521377442422
453        0.0006132714258076973
454        0.0006287483072160934
455        0.0006229444766879447
456        0.0006113368156316479
457        0.0006248790868639946
458        0.0007080673244341239
459        0.0006132714258076971
460        0.0006693751209131336
461        0.0007041981040820249
462        0.0007196749854904212
463        0.0007061327142580742
464        0.0007428903076030153
465        0.0006964596633778267
466        0.0006964596633778268
467        0.0006867866124975791
468        0.000679048171793381
469        0.0007216095956664707
470        0.0007216095956664703
471        0.0006887212226736287
472        0.000704198104082025
473        0.0007080673244341241
474        0.0006597020700328858
475        0.0007003288837299261
476        0.0006906558328496783
477        0.0007370864770748665
478        0.0006983942735538766
479        0.0007254788160185694
480        0.0007158057651383219
481        0.0006674405107370841
482        0.0007428903076030152
483        0.0007119365447862228
484        0.0007583671890114115
485        0.0007100019346101731
486        0.0007003288837299256
487        0.0007583671890114116
488        0.0007100019346101733
489        0.000715805765138322
490        0.0006771135616173314
491        0.00068291739214548
492        0.0008047978332365999
493        0.0007138711549622722
494        0.0006983942735538762
495        0.0007041981040820249
496        0.0007003288837299258
497        0.0007119365447862231
498        0.0007467595279551142
499        0.0006848520023215296
500        0.0007138711549622723
501        0.0007274134261946193
502        0.0007274134261946192
503        0.0007119365447862229
504        0.0006848520023215297
505        0.0007370864770748663
506        0.0006597020700328857
507        0.0007661056297156094
508        0.0007003288837299257
509        0.0007216095956664704
510        0.0006867866124975793
511        0.0006655059005610343
512        0.0007274134261946191
513        0.0006713097310891829
514        0.000866705358870185
515        0.0007254788160185694
516        0.0006983942735538764
517        0.0007119365447862229
518        0.0006964596633778269
519        0.0007003288837299258
520        0.0006751789514412821
521        0.0007100019346101736
522        0.0006925904430257275
523        0.0007332172567227677
524        0.0006964596633778267
525        0.0007370864770748665
526        0.0007061327142580742
527        0.0006906558328496781
528        0.0007738440704198074
529        0.000791255562004253
530        0.00072354420584252
531        0.0007100019346101736
532        0.000708067324434124
533        0.0007235442058425199
534        0.0006771135616173313
535        0.000710001934610173
536        0.000698394273553876
537        0.0006635712903849848
538        0.0008415554265815409
539        0.000719674985490421
540        0.000735151866898817
541        0.0007158057651383219
542        0.0006945250532017774
543        0.0006906558328496783
544        0.0007119365447862229
545        0.0007022634939059754
546        0.0006887212226736287
547        0.0007100019346101736
548        0.000717740375314371
549        0.0007544979686593124
550        0.0007100019346101735
551        0.0007003288837299257
552        0.0007544979686593126
553        0.0007041981040820246
554        0.0007970593925324019
555        0.0007274134261946191
556        0.000675178951441282
557        0.00068291739214548
558        0.0006693751209131336
559        0.0006519636293286878
560        0.0007332172567227676
561        0.0007332172567227677
562        0.0006867866124975792
563        0.0007216095956664704
564        0.0007100019346101733
565        0.0006790481717933812
566        0.000686786612497579
567        0.0006751789514412821
568        0.0006577674598568363
569        0.0007177403753143716
570        0.0007796479009479562
571        0.0007061327142580742
572        0.0006925904430257278
573        0.0007138711549622727
574        0.000686786612497579
575        0.0007119365447862234
576        0.0006751789514412821
577        0.0007544979686593125
578        0.0007448249177790645
579        0.0007370864770748665
580        0.000690655832849678
581        0.0006964596633778265
582        0.0007274134261946189
583        0.0006887212226736283
584        0.0006964596633778266
585        0.0007312826465467184
586        0.0006906558328496783
587        0.0007100019346101733
588        0.0006809827819694305
589        0.0007138711549622724
590        0.0007061327142580742
591        0.0006945250532017774
592        0.0006945250532017773
593        0.0007003288837299258
594        0.0006983942735538761
595        0.0007196749854904209
596        0.0007196749854904206
597        0.0007119365447862229
598        0.000692590443025728
599        0.0006751789514412819
600        0.0006480944089765887
601        0.000671309731089183
602        0.0006538982395047374
603        0.0006538982395047373
604        0.000715805765138322
605        0.000667440510737084
606        0.0006713097310891828
607        0.000667440510737084
608        0.0006887212226736287
609        0.0006480944089765886
610        0.000655832849680787
611        0.0006597020700328857
612        0.0006597020700328858
613        0.0006655059005610343
614        0.0006500290191526382
615        0.0006500290191526382
616        0.0006848520023215296
617        0.000667440510737084
618        0.0006809827819694304
619        0.0006674405107370837
620        0.0006558328496807866
621        0.0006867866124975791
622        0.0006422905784484403
623        0.0006384213580963409
624        0.000675178951441282
625        0.0006538982395047373
626        0.0006577674598568363
627        0.0006538982395047371
628        0.0006500290191526381
629        0.0006751789514412819
630        0.0006616366802089354
631        0.0006732443412652326
632        0.0006442251886244895
633        0.000663571290384985
634        0.0006364867479202916
635        0.0006655059005610344
636        0.0006248790868639945
637        0.0006597020700328857
638        0.0006732443412652326
639        0.0006771135616173312
640        0.0006829173921454798
641        0.0007467595279551142
642        0.0007080673244341237
643        0.0006693751209131332
644        0.0006480944089765886
645        0.0006693751209131334
646        0.0006616366802089352
647        0.0006500290191526383
648        0.0006616366802089355
649        0.0006538982395047372
650        0.0006616366802089356
651        0.0006693751209131336
652        0.0006422905784484402
653        0.0006693751209131334
654        0.0006597020700328859
655        0.0006480944089765887
656        0.0006693751209131334
657        0.0006732443412652327
658        0.0006674405107370839
659        0.0006480944089765888
660        0.0006848520023215296
661        0.0006713097310891831
662        0.0006655059005610342
663        0.0006887212226736288
664        0.0006867866124975791
665        0.0006848520023215296
666        0.0006887212226736287
667        0.0006538982395047372
668        0.0007100019346101736
669        0.0006713097310891829
670        0.0006964596633778267
671        0.0006751789514412819
672        0.0006732443412652324
673        0.0006829173921454799
674        0.0006829173921454798
675        0.0007409556974269654
676        0.0006461597988005394
677        0.0006732443412652323
678        0.0006597020700328858
679        0.0006964596633778266
680        0.0006422905784484399
681        0.000675178951441282
682        0.0006616366802089354
683        0.0006751789514412819
684        0.000667440510737084
685        0.000659702070032886
686        0.000667440510737084
687        0.0006848520023215297
688        0.0007293480363706686
689        0.0006616366802089354
690        0.0006558328496807866
691        0.0006577674598568361
692        0.0006809827819694305
693        0.0006635712903849851
694        0.0006577674598568362
695        0.0006635712903849849
696        0.0006287483072160935
697        0.0006558328496807866
698        0.0006713097310891828
699        0.0006771135616173313
700        0.0006732443412652328
701        0.0006713097310891828
702        0.0006945250532017774
703        0.0007022634939059751
704        0.0006906558328496781
705        0.0006713097310891829
706        0.0006597020700328859
707        0.0007351518668988171
708        0.0006848520023215297
709        0.0006713097310891831
710        0.0006538982395047373
711        0.000653898239504737
712        0.000679048171793381
713        0.0006655059005610344
714        0.0006500290191526383
715        0.0006751789514412821
716        0.0007661056297156094
717        0.0006674405107370836
718        0.0006577674598568365
719        0.0006809827819694306
720        0.0006519636293286878
721        0.0006403559682723904
722        0.0006732443412652325
723        0.0006538982395047374
724        0.0006790481717933811
725        0.0006693751209131333
726        0.0006693751209131332
727        0.0006732443412652324
728        0.0007312826465467182
729        0.000768040239891659
730        0.0008183401044689465
731        0.0006538982395047371
732        0.0006655059005610343
733        0.000646159798800539
734        0.000679048171793381
735        0.0006558328496807868
736        0.0006538982395047373
737        0.0006597020700328857
738        0.0006635712903849847
739        0.0006480944089765889
740        0.0006732443412652323
741        0.0006867866124975789
742        0.0006635712903849848
743        0.0006635712903849849
744        0.0006635712903849848
745        0.0006848520023215295
746        0.0006480944089765888
747        0.0006480944089765886
748        0.0007177403753143715
749        0.0008260785451731446
750        0.0006558328496807865
751        0.0006848520023215294
752        0.0006519636293286878
753        0.0006674405107370839
754        0.000646159798800539
755        0.0006422905784484401
756        0.0007003288837299257
757        0.0006558328496807867
758        0.0006519636293286881
759        0.0006597020700328858
760        0.0006538982395047374
761        0.0006538982395047372
762        0.0006829173921454799
763        0.0006848520023215296
764        0.0006655059005610345
765        0.0006558328496807867
766        0.0007428903076030148
767        0.0006635712903849848
768        0.0006635712903849851
769        0.0006655059005610343
770        0.0006983942735538764
771        0.0006635712903849847
772        0.0006480944089765885
773        0.0006422905784484402
774        0.0006635712903849849
775        0.000671309731089183
776        0.0006674405107370837
777        0.0006519636293286878
778        0.0006732443412652326
779        0.0007254788160185698
780        0.0006210098665118954
781        0.0007022634939059752
782        0.0006809827819694306
783        0.0006519636293286878
784        0.0006461597988005393
785        0.0006616366802089355
786        0.0006403559682723903
787        0.000661636680208935
788        0.0006809827819694306
789        0.0006577674598568363
790        0.000667440510737084
791        0.0007022634939059751
792        0.0006635712903849849
793        0.0006500290191526382
794        0.0006403559682723905
795        0.0006538982395047372
796        0.0006422905784484403
797        0.0006771135616173314
798        0.0006538982395047373
799        0.0006616366802089356
800        0.0006577674598568364
801        0.0006538982395047375
802        0.0006693751209131335
803        0.0006829173921454799
804        0.000690655832849678
805        0.0006906558328496781
806        0.0006364867479202918
807        0.0006829173921454799
808        0.0006964596633778267
809        0.0006693751209131333
810        0.0006674405107370839
811        0.0006655059005610343
812        0.0006635712903849848
813        0.0006577674598568363
814        0.0006655059005610343
815        0.0006771135616173317
816        0.0006693751209131333
817        0.000667440510737084
818        0.0006732443412652327
819        0.000690655832849678
820        0.0007003288837299256
821        0.0006616366802089354
822        0.0006809827819694306
823        0.0006635712903849849
824        0.0006442251886244896
825        0.0006887212226736288
826        0.0006867866124975792
827        0.0006635712903849849
828        0.0006597020700328858
829        0.0006364867479202916
830        0.000679048171793381
831        0.0006616366802089352
832        0.0006732443412652321
833        0.0006635712903849848
834        0.0006616366802089355
835        0.0006848520023215295
836        0.0006829173921454799
837        0.0006538982395047371
838        0.0006538982395047371
839        0.0006616366802089356
840        0.0006616366802089354
841        0.0006538982395047372
842        0.0006480944089765887
843        0.0006635712903849848
844        0.0006519636293286878
845        0.0006635712903849848
846        0.0006732443412652325
847        0.0007022634939059752
848        0.0006848520023215296
849        0.0006809827819694303
850        0.0006983942735538761
851        0.000650029019152638
852        0.0006848520023215296
853        0.000671309731089183
854        0.0006519636293286876
855        0.0006538982395047373
856        0.0006809827819694304
857        0.000686786612497579
858        0.0006500290191526383
859        0.0006655059005610345
860        0.0006771135616173315
861        0.0006945250532017774
862        0.0006577674598568364
863        0.0006480944089765885
864        0.0006538982395047374
865        0.0006364867479202914
866        0.00064422518862449
867        0.0006577674598568364
868        0.0006597020700328857
869        0.0007274134261946189
870        0.0006577674598568362
871        0.0006461597988005394
872        0.0008164054942928967
873        0.0006674405107370839
874        0.0006829173921454803
875        0.0006577674598568363
876        0.0007196749854904213
877        0.0006771135616173318
878        0.0006906558328496781
879        0.0006519636293286878
880        0.0008067324434126492
881        0.000667440510737084
882        0.0006674405107370839
883        0.000646159798800539
884        0.0006809827819694304
885        0.0006655059005610344
886        0.0006461597988005393
887        0.0007003288837299259
888        0.0006732443412652325
889        0.0007080673244341241
890        0.0006848520023215295
891        0.0006616366802089351
892        0.0006616366802089352
893        0.0006983942735538761
894        0.0006442251886244895
895        0.0006771135616173317
896        0.000655832849680787
897        0.0006655059005610344
898        0.0006829173921454799
899        0.0006674405107370839
900        0.0006732443412652326
901        0.0006558328496807866
902        0.0006809827819694306
903        0.0006461597988005393
904        0.0006558328496807867
905        0.0006442251886244896
906        0.0006964596633778267
907        0.0006480944089765888
908        0.0006519636293286877
909        0.0006442251886244895
910        0.0006790481717933813
911        0.0006829173921454799
912        0.000671309731089183
913        0.0006635712903849848
914        0.0006848520023215297
915        0.000655832849680787
916        0.00068291739214548
917        0.0006519636293286879
918        0.0006674405107370841
919        0.000679048171793381
920        0.0006326175275681928
921        0.000667440510737084
922        0.0006422905784484403
923        0.0006519636293286879
924        0.0007138711549622724
925        0.0006422905784484401
926        0.0006635712903849847
927        0.0006713097310891828
928        0.0006306829173921433
929        0.0006693751209131333
930        0.0006732443412652323
931        0.0006480944089765888
932        0.0007003288837299255
933        0.000702263493905975
934        0.0006674405107370839
935        0.0006597020700328857
936        0.0006422905784484403
937        0.0006500290191526382
938        0.0006326175275681926
939        0.0006461597988005389
940        0.0006751789514412819
941        0.0006480944089765887
942        0.0006403559682723904
943        0.0006500290191526383
944        0.0006713097310891831
945        0.0006674405107370839
946        0.0006751789514412819
947        0.000646159798800539
948        0.0006597020700328857
949        0.0006713097310891827
950        0.0006809827819694304
951        0.0006635712903849851
952        0.0006326175275681925
953        0.0006655059005610344
954        0.000671309731089183
955        0.0006655059005610344
956        0.0006751789514412819
957        0.0006809827819694307
958        0.0006809827819694306
959        0.0006597020700328856
960        0.0006674405107370839
961        0.0006829173921454799
962        0.0006983942735538762
963        0.0006403559682723908
964        0.0006693751209131337
965        0.0006461597988005392
966        0.000671309731089183
967        0.0006693751209131333
968        0.0007699748500677083
969        0.0006577674598568364
970        0.0006616366802089352
971        0.0006635712903849851
972        0.0006364867479202916
973        0.0007022634939059755
974        0.0006751789514412818
975        0.0006790481717933811
976        0.0006519636293286879
977        0.0006713097310891829
978        0.000655832849680787
979        0.0007196749854904213
980        0.0006809827819694306
981        0.0006538982395047375
982        0.0006848520023215299
983        0.000675178951441282
984        0.0006538982395047375
985        0.0006442251886244895
986        0.000667440510737084
987        0.000634552137744242
988        0.0006674405107370842
989        0.0006693751209131335
990        0.0006693751209131333
991        0.0006538982395047373
992        0.0006867866124975791
993        0.0006771135616173314
994        0.0006867866124975789
995        0.0006809827819694306
996        0.0006500290191526383
997        0.0006693751209131335
998        0.0006867866124975792
999        0.0006713097310891828
1000        0.0006480944089765888
1001        0.0006906558328496782
1002        0.0006422905784484399
1003        0.0006500290191526382
1004        0.0006597020700328856
1005        0.0006616366802089352
1006        0.0007138711549622723
1007        0.0006442251886244898
1008        0.00068291739214548
1009        0.0006538982395047374
1010        0.0007119365447862229
1011        0.0007196749854904209
1012        0.0006655059005610343
1013        0.0007661056297156095
1014        0.0006364867479202916
1015        0.0006577674598568364
1016        0.0006616366802089354
1017        0.0006480944089765887
1018        0.0006538982395047375
1019        0.0006558328496807867
1020        0.0006597020700328859
1021        0.0006538982395047372
1022        0.0006538982395047373
1023        0.0006674405107370839
1024        0.0006597020700328857
1025        0.0006790481717933812
1026        0.0007022634939059752
1027        0.0006713097310891828
1028        0.0006674405107370839
1029        0.0006461597988005392
1030        0.0006771135616173313
1031        0.0006577674598568364
1032        0.0006809827819694306
1033        0.0006480944089765888
1034        0.0006713097310891831
1035        0.0006790481717933813
1036        0.0006771135616173315
1037        0.0006616366802089351
1038        0.0006500290191526383
1039        0.0006655059005610344
1040        0.0006422905784484403
1041        0.0006655059005610344
1042        0.0006655059005610344
1043        0.0007138711549622727
1044        0.0006713097310891831
1045        0.0006364867479202916
1046        0.0006616366802089355
1047        0.0006616366802089357
1048        0.0006887212226736287
1049        0.0007100019346101733
1050        0.0007158057651383219
1051        0.0006616366802089355
1052        0.0006655059005610344
1053        0.0006867866124975791
1054        0.0006538982395047374
1055        0.0006558328496807868
1056        0.0006809827819694308
1057        0.0007390210872509164
1058        0.000655832849680787
1059        0.0006461597988005394
1060        0.0006403559682723907
1061        0.0006655059005610345
1062        0.0006597020700328858
1063        0.0006577674598568362
1064        0.0006558328496807867
1065        0.0006771135616173313
1066        0.0006945250532017767
1067        0.0006887212226736287
1068        0.0008106016637647482
1069        0.0006597020700328859
1070        0.0007061327142580747
1071        0.000675178951441282
1072        0.0006771135616173317
1073        0.0006925904430257275
1074        0.0006732443412652326
1075        0.0006538982395047372
1076        0.0006693751209131333
1077        0.0006461597988005392
1078        0.000715805765138322
1079        0.0007235442058425201
1080        0.000671309731089183
1081        0.0006713097310891833
1082        0.0007738440704198081
1083        0.0008434900367575911
1084        0.0007815825111240056
1085        0.0007796479009479564
1086        0.0008241439349970952
1087        0.0007312826465467178
1088        0.0007622364093635105
1089        0.0007486941381311639
1090        0.0008357515960533925
1091        0.0007815825111240055
1092        0.0008260785451731446
1093        0.0008589669181659867
1094        0.0007448249177790649
1095        0.0007738440704198073
1096        0.000866705358870185
1097        0.0007738440704198076
1098        0.0008280131553491942
1099        0.0007486941381311639
1100        0.0009247436641516722
1101        0.0007467595279551146
1102        0.0007544979686593124
1103        0.0007274134261946192
1104        0.0007796479009479562
1105        0.0007428903076030154
1106        0.0007951247823563525
1107        0.0007738440704198076
1108        0.0007622364093635103
1109        0.0007777132907719071
1110        0.0007486941381311632
1111        0.0007815825111240056
1112        0.000783517121300055
1113        0.0007564325788353616
1114        0.0007100019346101736
1115        0.0007525633584832626
1116        0.0007428903076030152
1117        0.0007293480363706683
1118        0.0007719094602437579
1119        0.0007274134261946191
1120        0.0008434900367575906
1121        0.0007293480363706688
1122        0.0007544979686593125
1123        0.0007931901721803029
1124        0.0008164054942928968
1125        0.0007332172567227676
1126        0.0007177403753143714
1127        0.0007428903076030154
1128        0.0007719094602437579
1129        0.0007951247823563523
1130        0.0007564325788353618
1131        0.0008047978332365999
1132        0.0007603017991874608
1133        0.0007390210872509161
1134        0.0007080673244341237
1135        0.000735151866898817
1136        0.0007506287483072134
1137        0.0007603017991874607
1138        0.0007370864770748668
1139        0.0007428903076030152
1140        0.0007158057651383216
1141        0.0008144708841168475
1142        0.0008879860708067307
1143        0.000768040239891659
1144        0.0007854517314761046
1145        0.0007506287483072134
1146        0.0007486941381311641
1147        0.0007835171213000549
1148        0.000775778680595857
1149        0.0007873863416521542
1150        0.0007854517314761047
1151        0.0007680402398916588
1152        0.0007912555620042536
1153        0.0007293480363706686
1154        0.0008454246469336398
1155        0.0007448249177790647
1156        0.0007835171213000549
1157        0.0007641710195395598
1158        0.0008086670535886987
1159        0.0007622364093635103
1160        0.0008222093248210456
1161        0.0006925904430257275
1162        0.0007448249177790647
1163        0.0007254788160185693
1164        0.0007370864770748665
1165        0.0007216095956664705
1166        0.000742890307603015
1167        0.0007409556974269659
1168        0.0007428903076030152
1169        0.0007216095956664705
1170        0.0007177403753143715
1171        0.0008241439349970951
1172        0.0007661056297156093
1173        0.0007544979686593123
1174        0.0007293480363706685
1175        0.000800928612884501
1176        0.0007119365447862227
1177        0.0006906558328496783
1178        0.0006771135616173313
1179        0.00072354420584252
1180        0.0006906558328496783
1181        0.0006809827819694307
1182        0.0006867866124975792
1183        0.0007022634939059752
1184        0.000698394273553876
1185        0.0007409556974269655
1186        0.0007428903076030151
1187        0.0006887212226736287
1188        0.000694525053201777
1189        0.0007138711549622724
1190        0.0007738440704198074
1191        0.000692590443025728
1192        0.000690655832849678
1193        0.000704198104082025
1194        0.0006906558328496781
1195        0.0006790481717933809
1196        0.0007428903076030153
1197        0.0006732443412652325
1198        0.000727413426194619
1199        0.0007293480363706684
1200        0.0006925904430257276
1201        0.0007080673244341238
1202        0.0007216095956664705
1203        0.0006983942735538761
1204        0.0006925904430257275
1205        0.0007138711549622723
1206        0.0006945250532017771
1207        0.0006732443412652325
1208        0.0006964596633778269
1209        0.00072354420584252
1210        0.0007100019346101731
1211        0.0007409556974269659
1212        0.0007100019346101736
1213        0.0006848520023215297
1214        0.0006674405107370839
1215        0.0006867866124975793
1216        0.0007603017991874608
1217        0.00068291739214548
1218        0.0006829173921454803
1219        0.0007216095956664702
1220        0.0008802476301025325
1221        0.0007177403753143714
1222        0.0007293480363706688
1223        0.0006867866124975792
1224        0.0006906558328496781
1225        0.0007061327142580743
1226        0.0006945250532017774
1227        0.0006635712903849851
1228        0.0007158057651383218
1229        0.0007409556974269656
1230        0.0007196749854904212
1231        0.0007312826465467181
1232        0.0008047978332365997
1233        0.0007757786805958569
1234        0.0007216095956664705
1235        0.0007254788160185696
1236        0.0006887212226736284
1237        0.0007815825111240057
1238        0.0008183401044689466
1239        0.0006848520023215295
1240        0.0008067324434126496
1241        0.0006925904430257275
1242        0.000711936544786223
1243        0.0006925904430257274
1244        0.0007293480363706684
1245        0.0007448249177790646
1246        0.0007158057651383218
1247        0.0006829173921454799
1248        0.0007022634939059753
1249        0.0006964596633778267
1250        0.0006809827819694306
1251        0.0007022634939059753
1252        0.0006983942735538761
1253        0.0008976591216869784
1254        0.0006983942735538765
1255        0.0007061327142580743
1256        0.0006925904430257275
1257        0.000715805765138322
1258        0.0007506287483072132
1259        0.0007177403753143716
1260        0.0007293480363706685
1261        0.0006906558328496781
1262        0.0006964596633778267
1263        0.0007254788160185693
1264        0.0007138711549622722
1265        0.0007041981040820249
1266        0.0007158057651383218
1267        0.0007370864770748667
1268        0.0007312826465467178
1269        0.0007041981040820247
1270        0.0007428903076030153
1271        0.0007506287483072132
1272        0.0006809827819694306
1273        0.0007003288837299257
1274        0.0007158057651383222
1275        0.0007312826465467178
1276        0.0007332172567227677
1277        0.0007254788160185697
1278        0.0007080673244341238
1279        0.0007254788160185697
1280        0.0007100019346101736
1281        0.0007100019346101734
1282        0.0007177403753143716
1283        0.0007061327142580745
1284        0.0006945250532017771
1285        0.0006887212226736287
1286        0.0007080673244341239
1287        0.0006848520023215297
1288        0.0007274134261946191
1289        0.0007196749854904209
1290        0.0007100019346101735
1291        0.0007080673244341239
1292        0.0006964596633778266
1293        0.0006925904430257275
1294        0.0007390210872509159
1295        0.000727413426194619
1296        0.0007003288837299256
1297        0.0007177403753143713
1298        0.0008531630876378382
1299        0.0007216095956664706
1300        0.0007119365447862229
1301        0.0006867866124975791
1302        0.0007119365447862229
1303        0.0006925904430257277
1304        0.0007080673244341235
1305        0.0006887212226736287
1306        0.0006925904430257276
1307        0.0007138711549622724
1308        0.0007022634939059755
1309        0.0007022634939059754
1310        0.0006809827819694305
1311        0.0007274134261946188
1312        0.0006887212226736286
1313        0.0007041981040820249
1314        0.0007177403753143714
1315        0.0007544979686593124
1316        0.0007815825111240055
1317        0.0007409556974269657
1318        0.000698394273553876
1319        0.0007119365447862225
1320        0.0007525633584832626
1321        0.0006887212226736287
1322        0.0007312826465467183
1323        0.0007409556974269656
1324        0.0007622364093635104
1325        0.0007332172567227677
1326        0.0006945250532017771
1327        0.0007138711549622722
1328        0.0007448249177790646
1329        0.0007254788160185694
1330        0.0006925904430257275
1331        0.0006964596633778267
1332        0.0007022634939059752
1333        0.0007486941381311637
1334        0.0006867866124975795
1335        0.0007061327142580742
1336        0.0007003288837299258
1337        0.000719674985490421
1338        0.0006887212226736287
1339        0.0007738440704198076
1340        0.0007235442058425201
1341        0.0007196749854904209
1342        0.0006906558328496782
1343        0.0007370864770748666
1344        0.0006829173921454799
1345        0.0006964596633778267
1346        0.0007293480363706684
1347        0.0007003288837299259
1348        0.00072354420584252
1349        0.0009015283420390768
1350        0.0006906558328496781
1351        0.0006829173921454799
1352        0.0006983942735538765
1353        0.0007158057651383219
1354        0.0006964596633778267
1355        0.0008318823757012936
1356        0.0008241439349970952
1357        0.0006925904430257276
1358        0.00080286322306055
1359        0.000700328883729926
1360        0.0007158057651383218
1361        0.0006809827819694305
1362        0.0007061327142580743
1363        0.0007196749854904209
1364        0.0007080673244341237
1365        0.0007815825111240054
1366        0.0007583671890114111
1367        0.0007022634939059754
1368        0.0007777132907719066
1369        0.0007661056297156095
1370        0.000855097697813888
1371        0.0008106016637647487
1372        0.0007312826465467182
1373        0.0007003288837299261
1374        0.0006887212226736288
1375        0.0007138711549622723
1376        0.0006887212226736288
1377        0.0008299477655252434
1378        0.0007583671890114113
1379        0.0007080673244341241
1380        0.0007506287483072133
1381        0.000700328883729926
1382        0.0007177403753143715
1383        0.0008570323079899372
1384        0.0006964596633778267
1385        0.0007951247823563524
1386        0.0006887212226736286
1387        0.0007661056297156095
1388        0.0006693751209131332
1389        0.0008222093248210455
1390        0.0006809827819694307
1391        0.0006829173921454804
1392        0.0008396208164054915
1393        0.0007003288837299256
1394        0.0007003288837299258
1395        0.0008125362739407976
1396        0.0007216095956664706
1397        0.0006983942735538762
1398        0.0008725091893983339
1399        0.0006983942735538764
1400        0.0006887212226736287
1401        0.0007216095956664705
1402        0.0007158057651383219
1403        0.0007196749854904209
1404        0.0007138711549622725
1405        0.0007119365447862227
1406        0.0008202747146449962
1407        0.000706132714258074
1408        0.0007158057651383216
1409        0.0007080673244341237
1410        0.0007138711549622722
1411        0.0007177403753143715
1412        0.0007177403753143716
1413        0.0007080673244341237
1414        0.0007003288837299256
1415        0.0007196749854904209
1416        0.0007719094602437579
1417        0.0007525633584832629
1418        0.0007196749854904207
1419        0.0007138711549622723
1420        0.0006964596633778267
1421        0.0007506287483072132
1422        0.0008183401044689465
1423        0.0007332172567227677
1424        0.0007022634939059751
1425        0.0007835171213000549
1426        0.0008202747146449959
1427        0.0006268136970400441
1428        0.0007138711549622722
1429        0.0007216095956664706
1430        0.0007506287483072134
1431        0.0007158057651383223
1432        0.0006848520023215296
1433        0.0006906558328496781
1434        0.00068291739214548
1435        0.0006848520023215298
1436        0.0006887212226736287
1437        0.0007196749854904208
1438        0.0006964596633778269
1439        0.0007661056297156094
1440        0.0007564325788353619
1441        0.0008164054942928972
1442        0.0006945250532017773
1443        0.000768040239891659
1444        0.0007893209518282032
1445        0.0008125362739407984
1446        0.0007506287483072131
1447        0.0008686399690462345
1448        0.0008338169858773427
1449        0.001000193461017606
1450        0.0008705745792222843
1451        0.0008763784097504329
1452        0.0009092667827432756
1453        0.0008686399690462347
1454        0.0008144708841168476
1455        0.0008338169858773429
1456        0.0009402205455600682
1457        0.0007854517314761047
1458        0.0008783130199264832
1459        0.0008260785451731446
1460        0.0007854517314761046
1461        0.0007738440704198074
1462        0.000742890307603015
1463        0.00072354420584252
1464        0.0007661056297156092
1465        0.0007970593925324019
1466        0.0007486941381311635
1467        0.0007486941381311639
1468        0.0007525633584832629
1469        0.0007873863416521541
1470        0.0007951247823563524
1471        0.0007100019346101733
1472        0.0007370864770748671
1473        0.0007196749854904209
1474        0.0007738440704198074
1475        0.0007815825111240057
1476        0.0007757786805958574
1477        0.0007893209518282039
1478        0.0007757786805958569
1479        0.0007564325788353618
1480        0.0007873863416521542
1481        0.00110079319017218
1482        0.0008589669181659878
1483        0.0007699748500677083
1484        0.0008995937318630278
1485        0.0007216095956664708
1486        0.0008589669181659867
1487        0.0007080673244341238
1488        0.0007738440704198074
1489        0.0006945250532017774
1490        0.0008763784097504329
1491        0.0006751789514412819
1492        0.0007467595279551139
1493        0.0007661056297156095
1494        0.0007196749854904212
1495        0.0008086670535886988
1496        0.0008783130199264825
1497        0.001038885664538595
1498        0.0007506287483072133
1499        0.0007699748500677087
1500        0.0007680402398916593
1501        0.0007912555620042531
1502        0.0006809827819694305
1503        0.0007022634939059754
1504        0.0007448249177790644
1505        0.0008570323079899372
1506        0.0007390210872509162
1507        0.0007080673244341238
1508        0.0008667053588701855
1509        0.000775778680595857
1510        0.0007467595279551137
1511        0.000820274714644996
1512        0.0007177403753143715
1513        0.0007719094602437581
1514        0.0007622364093635103
1515        0.0007235442058425199
1516        0.0007661056297156097
1517        0.0010021280711936535
1518        0.0007719094602437581
1519        0.0007332172567227677
1520        0.0007022634939059754
1521        0.0007119365447862228
1522        0.0007254788160185696
1523        0.000735151866898817
1524        0.0006964596633778269
1525        0.0007100019346101733
1526        0.0007332172567227675
1527        0.0007293480363706687
1528        0.0007100019346101733
1529        0.0007486941381311639
1530        0.0008164054942928971
1531        0.0007486941381311638
1532        0.0008647707486941356
1533        0.0007003288837299256
1534        0.000816405494292897
1535        0.0008318823757012931
1536        0.0007680402398916588
1537        0.0007486941381311635
1538        0.0007370864770748667
1539        0.0008028632230605504
1540        0.0008802476301025327
1541        0.000998258850841554
1542        0.0007815825111240056
1543        0.0006809827819694306
1544        0.0007989940027084513
1545        0.0007583671890114119
1546        0.0007274134261946192
1547        0.0008589669181659875
1548        0.0007409556974269656
1549        0.0007583671890114115
1550        0.0009034629522151268
1551        0.0009460243760882163
1552        0.0007699748500677085
1553        0.0007835171213000552
1554        0.0007564325788353618
1555        0.0007719094602437578
1556        0.0006945250532017773
1557        0.0007448249177790644
1558        0.0008009286128845009
1559        0.000768040239891659
1560        0.0007274134261946191
1561        0.0007216095956664704
1562        0.0006809827819694305
1563        0.0007061327142580743
1564        0.0007196749854904209
1565        0.0008106016637647483
1566        0.0009440897659121672
1567        0.0007196749854904209
1568        0.000897659121686978
1569        0.0008202747146449959
1570        0.0007989940027084517
1571        0.0007100019346101734
1572        0.0007912555620042532
1573        0.0007564325788353618
1574        0.0008318823757012933
1575        0.0006906558328496781
1576        0.000857032307989937
1577        0.0010988585799961315
1578        0.000901528342039077
1579        0.000978912749081059
1580        0.000866705358870185
1581        0.0007815825111240055
1582        0.0008492938672857394
1583        0.0007177403753143713
1584        0.0008106016637647486
1585        0.0010621009866511894
1586        0.00084542464693364
1587        0.0007680402398916587
1588        0.0007351518668988171
1589        0.0008860514606306815
1590        0.0006713097310891829
1591        0.0007699748500677087
1592        0.0009208744437995733
1593        0.0007003288837299258
1594        0.0008783130199264827
1595        0.0007796479009479562
1596        0.0008067324434126497
1597        0.0008918552911588298
1598        0.0007332172567227676
1599        0.0007506287483072133
1600        0.0007970593925324018
1601        0.0007448249177790646
1602        0.0009827819694331577
1603        0.0008047978332365998
1604        0.0007951247823563523
1605        0.0008647707486941355
1606        0.0009731089185529109
1607        0.0007216095956664706
1608        0.0007912555620042534
1609        0.0007622364093635107
1610        0.0007873863416521544
1611        0.0006751789514412819
1612        0.0007370864770748662
1613        0.0008086670535886991
1614        0.0007332172567227675
1615        0.0007699748500677086
1616        0.0009034629522151268
1617        0.0008531630876378389
1618        0.0007293480363706684
1619        0.0007680402398916589
1620        0.0008647707486941358
1621        0.0008260785451731447
1622        0.0007989940027084515
1623        0.0007274134261946191
1624        0.0006867866124975792
1625        0.0007777132907719066
1626        0.0008028632230605504
1627        0.0007351518668988172
1628        0.0008783130199264829
1629        0.0008937899013348793
1630        0.0007815825111240056
1631        0.0008183401044689468
1632        0.0007158057651383221
1633        0.0007428903076030153
1634        0.0009982588508415551
1635        0.0009170052234474737
1636        0.0009421551557361185
1637        0.0008899206809827794
1638        0.0009402205455600678
1639        0.0008570323079899378
1640        0.0008222093248210458
1641        0.0007757786805958569
1642        0.0008918552911588303
1643        0.0009518282066163652
1644        0.0008589669181659875
1645        0.0008202747146449961
1646        0.0007699748500677085
1647        0.0008222093248210453
1648        0.0007951247823563524
1649        0.0008512284774617888
1650        0.0007428903076030152
1651        0.0008434900367575904
1652        0.0007428903076030152
1653        0.0008589669181659875
1654        0.0006867866124975792
1655        0.0008086670535886986
1656        0.0008860514606306815
1657        0.0008415554265815406
1658        0.0008937899013348798
1659        0.000868639969046235
1660        0.0011065970207003292
1661        0.0007564325788353617
1662        0.000798994002708451
1663        0.0007370864770748665
1664        0.0007796479009479566
1665        0.0009053975623911768
1666        0.0009092667827432751
1667        0.000893789901334879
1668        0.0006925904430257277
1669        0.0006248790868639944
1670        0.0006848520023215296
1671        0.0008609015283420372
1672        0.0007796479009479563
1673        0.0006829173921454799
1674        0.0006171406461597962
1675        0.0010427548848906947
1676        0.0007409556974269654
1677        0.0007893209518282034
1678        0.0008144708841168473
1679        0.0007254788160185693
1680        0.0007428903076030153
1681        0.0007351518668988171
1682        0.0008454246469336408
1683        0.0009673050880247618
1684        0.0007428903076030151
1685        0.0007603017991874606
1686        0.0007293480363706684
1687        0.0009421551557361175
1688        0.0007254788160185694
1689        0.0008164054942928972
1690        0.000837686206229442
1691        0.0007738440704198076
1692        0.0009866511897852577
1693        0.0007661056297156094
1694        0.0008067324434126497
1695        0.000711936544786223
1696        0.0007467595279551139
1697        0.0007777132907719063
1698        0.0009827819694331584
1699        0.0006287483072160935
1700        0.0008937899013348793
1701        0.0009382859353840184
1702        0.0007815825111240055
1703        0.0008299477655252435
1704        0.0008183401044689462
1705        0.000704198104082025
1706        0.0006248790868639945
1707        0.0006480944089765886
1708        0.000638421358096341
1709        0.0006287483072160934
1710        0.0007312826465467183
1711        0.0006035983749274499
1712        0.0006538982395047371
1713        0.0006287483072160934
1714        0.0006248790868639942
1715        0.0006500290191526382
1716        0.0006055329851034993
1717        0.0006442251886244896
1718        0.0006829173921454799
1719        0.0006171406461597962
1720        0.000619075256335846
1721        0.0006055329851034992
1722        0.0007544979686593124
1723        0.0007428903076030152
