1        0.344133685136
2        0.171970096746
3        0.155373790677
4        0.355690413369
5        0.361204925242
6        0.0901495162709
7        0.102814423923
8        0.173781882146
9        0.120105540897
10        0.184749340369
11        0.125241864556
12        0.102981530343
13        0.323984168865
14        0.299287598945
15        0.365910290237
16        0.359173262973
17        0.325646437995
18        0.294766930519
19        0.166992084433
20        0.185690413369
21        0.284160070361
22        0.231416007036
23        0.306033421284
24        0.307528583993
25        0.187308707124
26        0.305171503958
27        0.193658751099
28        0.176613896218
29        0.135540897098
30        0.31035180299
31        0.259938434477
32        0.305259454705
33        0.299912049252
34        0.250949868074
35        0.282427440633
36        0.26726473175
37        0.0213192612137
38        0.0397273526825
39        0.111890941073
40        0.281196130167
41        0.199956024626
42        0.231583113456
43        0.170932277924
44        0.300430958663
45        0.3509058927
46        0.364036939314
47        0.355655233069
48        0.0390237467018
49        0.135857519789
50        0.239656992084
51        0.321152154793
52        0.308223394899
53        0.182119613017
54        0.164248021108
55        0.147616534741
56        0.183518029903
57        0.0891556728232
58        0.214450307828
59        0.0981002638522
60        0.101882145998
61        0.252911169745
62        0.122805628848
63        0.123948988566
64        0.11308707124
65        0.105048372911
66        0.248443271768
67        0.242392260334
68        0.212189973615
69        0.247695690413
70        0.240967458223
71        0.231767810026
72        0.230404573439
73        0.234942832014
74        0.109173262973
75        0.218504837291
76        0.298979771328
77        0.0709850483729
78        0.0724098504837
79        0.106473175022
80        0.205602462621
81        0.254687774846
82        0.218645558487
83        0.189894459103
84        0.195672823219
85        0.242893579595
86        0.210430958663
87        0.219604221636
88        0.207977132806
89        0.175743183817
90        0.144925241865
91        0.240817941953
92        0.236420404573
93        0.239991204925
94        0.240765171504
95        0.265664028144
96        0.248531222515
97        0.232392260334
98        0.220985048373
99        0.216657871592
100        0.264327176781
101        0.205558487247
102        0.178830255057
103        0.14162708883
104        0.273078276165
105        0.242154793316
106        0.237053649956
107        0.25219876869
108        0.246886543536
109        0.207308707124
110        0.210439753738
111        0.184740545295
112        0.209393139842
113        0.255743183817
114        0.23562005277
115        0.21528583993
116        0.176314863676
117        0.169155672823
118        0.126745822339
119        0.244186455585
120        0.111671064204
121        0.213333333333
122        0.262260334213
123        0.197211961302
124        0.191416007036
125        0.246745822339
126        0.265927880387
127        0.269938434477
128        0.281451187335
129        0.196956904134
130        0.254934036939
131        0.248627968338
132        0.214335971856
133        0.239516270888
134        0.223465259455
135        0.246033421284
136        0.17055408971
137        0.119577836412
138        0.0568337730871
139        0.0580650835532
140        0.154846086192
141        0.085382585752
142        0.081635883905
143        0.121301671064
144        0.0874494283201
145        0.153500439754
146        0.139252418646
147        0.0723922603342
148        0.0732277924362
149        0.101178540018
150        0.168522427441
151        0.0678364116095
152        0.142251539138
153        0.257590149516
154        0.257317502199
155        0.215417766051
156        0.149340369393
157        0.0826385224274
158        0.161512752858
159        0.0805540897098
160        0.150430958663
161        0.0918205804749
162        0.0902462620932
163        0.0892875989446
164        0.243491644679
165        0.258795074758
166        0.269973614776
167        0.240703605981
168        0.237405452946
169        0.313632365875
170        0.311134564644
171        0.0800879507476
172        0.208284960422
173        0.18672823219
174        0.155558487247
175        0.16528583993
176        0.340897097625
177        0.35327176781
178        0.207757255937
179        0.146904133685
180        0.144863676341
181        0.0693843447669
182        0.0774582233949
183        0.0899824098505
184        0.0811081794195
185        0.101468777485
186        0.07890941073
187        0.0726385224274
188        0.1809058927
189        0.190941072999
190        0.0562708883026
191        0.0457519788918
192        0.0658487247142
193        0.0546613896218
194        0.207748460862
195        0.199586631486
196        0.0845294635004
197        0.114344766931
198        0.164256816183
199        0.321539138083
200        0.256411609499
201        0.349973614776
202        0.338469656992
203        0.262805628848
204        0.310835532102
205        0.160650835532
206        0.0703518029903
207        0.0566930518909
208        0.0741424802111
209        0.0329551451187
210        0.196517150396
211        0.172489006157
212        0.197317502199
213        0.192330694811
214        0.236860158311
215        0.174960422164
216        0.178082673703
217        0.176341248901
218        0.178803869833
219        0.259331574318
220        0.287194371152
221        0.250615655233
222        0.110712401055
223        0.118689533861
224        0.119182058047
225        0.133781882146
226        0.066218117854
227        0.148627968338
228        0.152559366755
229        0.143957783641
230        0.0654353562005
231        0.364643799472
232        0.300518909411
233        0.282761653474
234        0.252629727353
235        0.212963940193
236        0.341213720317
237        0.29746701847
238        0.299700967458
239        0.328803869833
240        0.315426561126
241        0.181583113456
242        0.195426561126
243        0.190826737027
244        0.20110817942
245        0.316226912929
246        0.320334212841
247        0.252506596306
248        0.186130167106
249        0.294124890062
250        0.342840809147
251        0.154036939314
252        0.155646437995
253        0.178821459982
254        0.222357080035
255        0.108812664908
256        0.102585751979
257        0.329780123131
258        0.31110817942
259        0.210272647318
260        0.189085312225
261        0.195206684257
262        0.216446789798
263        0.172814423923
264        0.059709762533
265        0.0996481970097
266        0.221011433597
267        0.235646437995
268        0.280219876869
269        0.078874230431
270        0.112761653474
271        0.0976605101143
272        0.0652770448549
273        0.131635883905
274        0.219824098505
275        0.198575197889
276        0.186781002639
277        0.180650835532
278        0.170642040457
279        0.167510993843
280        0.106138962181
281        0.0334828496042
282        0.130650835532
283        0.129032541777
284        0.120140721196
285        0.182102022867
286        0.100404573439
287        0.165813544415
288        0.128575197889
289        0.144168865435
290        0.208496042216
291        0.243245382586
292        0.163966578716
293        0.0885048372911
294        0.10964819701
295        0.151284080915
296        0.136789797713
297        0.196350043975
298        0.296033421284
299        0.0806596306069
300        0.0860158311346
301        0.0760686015831
302        0.0646086191733
303        0.256033421284
304        0.070255057168
305        0.0320756376429
306        0.122418645558
307        0.206385224274
308        0.204168865435
309        0.0637291116974
310        0.0710290237467
311        0.0647229551451
312        0.168962181179
313        0.31726473175
314        0.32072119613
315        0.210510114336
316        0.18001759015
317        0.162058047493
318        0.114907651715
319        0.115628847845
320        0.119859278804
321        0.12401055409
322        0.183298153034
323        0.30489885664
324        0.308073878628
325        0.0939665787159
326        0.252541776605
327        0.203509234828
328        0.173852242744
329        0.17290237467
330        0.259287598945
331        0.151583113456
332        0.187387862797
333        0.157968337731
334        0.231952506596
335        0.184406332454
336        0.134591029024
337        0.214740545295
338        0.1018117854
339        0.15107299912
340        0.121178540018
341        0.127994722955
342        0.106341248901
343        0.123034300792
344        0.0707036059807
345        0.0519525065963
346        0.0550835532102
347        0.14218117854
348        0.21854001759
349        0.22016710642
350        0.233078276165
351        0.232752858399
352        0.234116094987
353        0.250325417766
354        0.258144239226
355        0.243984168865
356        0.232664907652
357        0.0714248021108
358        0.0911961301671
359        0.0710993843448
360        0.11328935796
361        0.0963500439754
362        0.171055408971
363        0.116499560246
364        0.237810026385
365        0.186051011434
366        0.26600703606
367        0.240949868074
368        0.247845206684
369        0.143377308707
370        0.153966578716
371        0.218830255057
372        0.0923218997361
373        0.302383465259
374        0.277977132806
375        0.0527440633245
376        0.0580914687775
377        0.0322163588391
378        0.160255057168
379        0.179190853122
