1        0.0518029903254
2        0.0159894459103
3        0.0127176781003
4        0.0717590149516
5        0.0679331574318
6        0.00871591908531
7        0.0095162708883
8        0.0204133685136
9        0.00841688654354
10        0.0186983289358
11        0.00729991204925
12        0.0105628847845
13        0.0440985048373
14        0.0411697449428
15        0.058144239226
16        0.0708707124011
17        0.0273966578716
18        0.027889182058
19        0.0115831134565
20        0.0154793315743
21        0.0268249780123
22        0.0131574318382
23        0.0325417766051
24        0.0243359718558
25        0.010765171504
26        0.0407563764292
27        0.0134388742304
28        0.0154353562005
29        0.00792436235708
30        0.0307827616535
31        0.0178803869833
32        0.0304573438874
33        0.0294635004398
34        0.0187423043096
35        0.0206244503078
36        0.0179067722076
37        0.00346525945471
38        0.00468777484609
39        0.00851363236588
40        0.0277308707124
41        0.0152682497801
42        0.0237291116974
43        0.0118645558487
44        0.0349340369393
45        0.0583729111697
46        0.0564819700967
47        0.0541688654354
48        0.00547053649956
49        0.0133773087071
50        0.0235180299033
51        0.0407827616535
52        0.0376165347405
53        0.013491644679
54        0.00987686895339
55        0.00902374670185
56        0.0129375549692
57        0.00391380826737
58        0.0114687774846
59        0.00764291996482
60        0.00827616534741
61        0.0222955145119
62        0.00977132805629
63        0.0109146877748
64        0.00950747581354
65        0.0136675461741
66        0.0212928759894
67        0.0338610378188
68        0.0208707124011
69        0.026182937555
70        0.0352770448549
71        0.024582233949
72        0.0267810026385
73        0.0251802990325
74        0.01109058927
75        0.0216974494283
76        0.0324626209323
77        0.00452066842568
78        0.00435356200528
79        0.0076253298153
80        0.0168161829376
81        0.0236059806508
82        0.020219876869
83        0.0213720316623
84        0.0210729991205
85        0.0228056288478
86        0.0239665787159
87        0.019454705365
88        0.0237554969217
89        0.0183817062445
90        0.00866314863676
91        0.0199384344767
92        0.0192875989446
93        0.0204485488127
94        0.0180211081794
95        0.0289709762533
96        0.0177220756376
97        0.0169920844327
98        0.0175461741425
99        0.0196745822339
100        0.0257959542656
101        0.0147669305189
102        0.0162005277045
103        0.0106156552331
104        0.0237554969217
105        0.0220228671944
106        0.0248636763412
107        0.0256464379947
108        0.0228583992964
109        0.0120580474934
110        0.0179683377309
111        0.0144151275286
112        0.0139401934916
113        0.0318645558487
114        0.0174406332454
115        0.0167546174142
116        0.014872471416
117        0.0111785400176
118        0.010219876869
119        0.0273175021988
120        0.00898856640281
121        0.0181970096746
122        0.025127528584
123        0.0182145998241
124        0.0155496921724
125        0.0194107299912
126        0.0286015831135
127        0.0267458223395
128        0.0274670184697
129        0.0156464379947
130        0.0191908531223
131        0.029709762533
132        0.0187686895339
133        0.0215743183817
134        0.0175549692172
135        0.0287774846086
136        0.0136411609499
137        0.00927000879507
138        0.00444151275286
139        0.00501319261214
140        0.0109146877748
141        0.00658751099384
142        0.00639401934916
143        0.00588390501319
144        0.00609498680739
145        0.0117150395778
146        0.0152242744063
147        0.00509234828496
148        0.00749340369393
149        0.00831134564644
150        0.0156288478452
151        0.00630606860158
152        0.0151451187335
153        0.0335180299033
154        0.0330343007916
155        0.0155936675462
156        0.00908531222515
157        0.00514511873351
158        0.00915567282322
159        0.00604221635884
160        0.0124098504837
161        0.00592788038698
162        0.00640281442392
163        0.00541776605101
164        0.0236147757256
165        0.0283905013193
166        0.0223394898857
167        0.014107299912
168        0.0164995602463
169        0.0389709762533
170        0.0309586631486
171        0.00615655233069
172        0.0151978891821
173        0.00881266490765
174        0.0140281442392
175        0.0101759014952
176        0.054582233949
177        0.0581178540018
178        0.0143447669305
179        0.0107124010554
180        0.0106860158311
181        0.0073526824978
182        0.00699208443272
183        0.00760773966579
184        0.00963940193492
185        0.00977132805629
186        0.00866314863676
187        0.00715039577836
188        0.0125857519789
189        0.0156200527704
190        0.00636763412489
191        0.00454705364996
192        0.00552330694811
193        0.00597185576077
194        0.0147845206684
195        0.0138698328936
196        0.00517150395778
197        0.0105980650836
198        0.0127176781003
199        0.0314951627089
200        0.0226209322779
201        0.0413632365875
202        0.0353122251539
203        0.017854001759
204        0.034001759015
205        0.0101319261214
206        0.00552330694811
207        0.0080035180299
208        0.00398416886544
209        0.00439753737907
210        0.0189973614776
211        0.0142392260334
212        0.0171064204046
213        0.0166666666667
214        0.0266666666667
215        0.0161653474055
216        0.011345646438
217        0.010835532102
218        0.0112928759894
219        0.0153474054529
220        0.0227176781003
221        0.0119613016711
222        0.0109586631486
223        0.00971855760774
224        0.0105628847845
225        0.0088654353562
226        0.00653474054529
227        0.0100703605981
228        0.00937554969217
229        0.00861917326297
230        0.00416886543536
231        0.0487159190853
232        0.0229023746702
233        0.0249868073879
234        0.0233861037819
235        0.0220668425682
236        0.0457343887423
237        0.0338962181179
238        0.0306508355321
239        0.0286983289358
240        0.0289797713281
241        0.0144678979771
242        0.012110817942
243        0.014907651715
244        0.0127880386983
245        0.0314863676341
246        0.0308619173263
247        0.0228320140721
248        0.0184432717678
249        0.0393667546174
250        0.04672823219
251        0.0141600703606
252        0.0125241864556
253        0.01327176781
254        0.0253122251539
255        0.0080035180299
256        0.00784520668426
257        0.0290853122252
258        0.0236147757256
259        0.0203342128408
260        0.0164467897977
261        0.0136587510994
262        0.0178276165347
263        0.0155321020229
264        0.00615655233069
265        0.00943711521548
266        0.0145646437995
267        0.0179155672823
268        0.0201143359719
269        0.00654353562005
270        0.0107475813544
271        0.00982409850484
272        0.00576077396658
273        0.0118117854002
274        0.0237203166227
275        0.0115127528584
276        0.0112313104661
277        0.0125857519789
278        0.0138082673703
279        0.0180299032542
280        0.00698328935796
281        0.00347405452946
282        0.0106772207564
283        0.0076253298153
284        0.00711521547933
285        0.0156640281442
286        0.00722955145119
287        0.00939313984169
288        0.00997361477573
289        0.0112313104661
290        0.0144591029024
291        0.0163412489006
292        0.0135532102023
293        0.00931398416887
294        0.00760773966579
295        0.0128232189974
296        0.0135356200528
297        0.0188566402814
298        0.03218117854
299        0.00973614775726
300        0.00868073878628
301        0.00795074758135
302        0.008109058927
303        0.0318469656992
304        0.00883025505717
305        0.00551451187335
306        0.00899736147757
307        0.0145030782762
308        0.0154793315743
309        0.0084872471416
310        0.00730870712401
311        0.00550571679859
312        0.0129551451187
313        0.0460510114336
314        0.0470888302551
315        0.0136147757256
316        0.0138962181179
317        0.0144239226033
318        0.00933157431838
319        0.00764291996482
320        0.00919085312225
321        0.00818821459982
322        0.0126297273527
323        0.0369305189094
324        0.0371591908531
325        0.00523306948109
326        0.019964819701
327        0.0165963060686
328        0.0155760773967
329        0.0165523306948
330        0.0253034300792
331        0.0111433597186
332        0.0126033421284
333        0.0111081794195
334        0.0208267370273
335        0.0126033421284
336        0.00866314863676
337        0.0176077396658
338        0.0114335971856
339        0.0115479331574
340        0.00824978012313
341        0.0100791556728
342        0.0088654353562
343        0.0096218117854
344        0.00653474054529
345        0.00555848724714
346        0.00605980650836
347        0.00824098504837
348        0.0271064204046
349        0.0241952506596
350        0.0257431838171
351        0.0283905013193
352        0.0237203166227
353        0.0197889182058
354        0.0195778364116
355        0.019164467898
356        0.0191908531223
357        0.00738786279683
358        0.00587510993843
359        0.00723834652595
360        0.00905892700088
361        0.00799472295515
362        0.0125857519789
363        0.00932277924362
364        0.0176605101143
365        0.0143359718558
366        0.0226737027265
367        0.0218293755497
368        0.0197625329815
369        0.00986807387863
370        0.0096218117854
371        0.0244327176781
372        0.00665787159191
373        0.0406596306069
374        0.030580474934
375        0.00542656112577
376        0.0049780123131
377        0.00510993843448
378        0.0164819700967
379        0.0147141600704
