1        0.239331574318
2        0.0954881266491
3        0.11107299912
4        0.256226912929
5        0.248109058927
6        0.0445030782762
7        0.0523570800352
8        0.115435356201
9        0.0502638522427
10        0.094036939314
11        0.054582233949
12        0.0511433597186
13        0.23072119613
14        0.181547933157
15        0.250510114336
16        0.260430958663
17        0.190677220756
18        0.193500439754
19        0.0908179419525
20        0.0860422163588
21        0.185857519789
22        0.126613896218
23        0.208434476693
24        0.177255936675
25        0.0982497801231
26        0.208434476693
27        0.119498680739
28        0.0973350923483
29        0.0664116094987
30        0.181723834653
31        0.148654353562
32        0.185734388742
33        0.20473175022
34        0.150281442392
35        0.155496921724
36        0.143333333333
37        0.0143975373791
38        0.0260246262093
39        0.0434740545295
40        0.165760773967
41        0.119190853122
42        0.143007915567
43        0.0895074758135
44        0.192286719437
45        0.25201407212
46        0.252620932278
47        0.245347405453
48        0.0232102022867
49        0.0774670184697
50        0.15345646438
51        0.213245382586
52        0.202832014072
53        0.0988830255057
54        0.0714775725594
55        0.0987950747581
56        0.109780123131
57        0.0401846965699
58        0.107484608619
59        0.0526649076517
60        0.0579947229551
61        0.149489885664
62        0.0673702726473
63        0.0598504837291
64        0.0634036939314
65        0.0651363236588
66        0.131389621812
67        0.169111697449
68        0.13944591029
69        0.137185576077
70        0.152726473175
71        0.137027264732
72        0.13253298153
73        0.129296394019
74        0.0717238346526
75        0.127906772208
76        0.189217238347
77        0.0199208443272
78        0.0339226033421
79        0.0734036939314
80        0.114881266491
81        0.141222515391
82        0.107598944591
83        0.113350923483
84        0.110087950748
85        0.116490765172
86        0.129788918206
87        0.110615655233
88        0.135963060686
89        0.101134564644
90        0.0725241864556
91        0.143306948109
92        0.13656112577
93        0.133509234828
94        0.131750219877
95        0.158091468777
96        0.132990325418
97        0.146402814424
98        0.135224274406
99        0.124511873351
100        0.149806508355
101        0.092401055409
102        0.104151275286
103        0.0705277044855
104        0.150219876869
105        0.162708883026
106        0.157475813544
107        0.151328056288
108        0.15619173263
109        0.106121372032
110        0.125321020229
111        0.105074758135
112        0.0947669305189
113        0.184274406332
114        0.138223394899
115        0.131987686895
116        0.0846086191733
117        0.0763588390501
118        0.0546789797713
119        0.153465259455
120        0.0522251539138
121        0.120967458223
122        0.158944591029
123        0.115382585752
124        0.0976517150396
125        0.140413368514
126        0.163122251539
127        0.174459102902
128        0.179841688654
129        0.125848724714
130        0.132708883026
131        0.16872471416
132        0.149287598945
133        0.142436235708
134        0.120026385224
135        0.150219876869
136        0.0882937554969
137        0.0717766051011
138        0.0243007915567
139        0.0344063324538
140        0.0816182937555
141        0.0521284080915
142        0.0383729111697
143        0.0408091468777
144        0.0415479331574
145        0.0741160949868
146        0.0679243623571
147        0.0306156552331
148        0.0403781882146
149        0.0538610378188
150        0.0850747581354
151        0.0395778364116
152        0.0968161829376
153        0.129964819701
154        0.162119613017
155        0.123957783641
156        0.0746262093228
157        0.0443447669305
158        0.0721284080915
159        0.0332541776605
160        0.0929199648197
161        0.0472999120493
162        0.0397889182058
163        0.0451802990325
164        0.143509234828
165        0.165426561126
166        0.16327176781
167        0.121372031662
168        0.146077396658
169        0.201354441513
170        0.196798592788
171        0.0349604221636
172        0.130606860158
173        0.0937027264732
174        0.0856640281442
175        0.0958311345646
176        0.241512752858
177        0.241196130167
178        0.116042216359
179        0.082471416007
180        0.0843535620053
181        0.0361125769569
182        0.0408267370273
183        0.0480299032542
184        0.0391380826737
185        0.0614423922603
186        0.0407299912049
187        0.0329551451187
188        0.0936851363237
189        0.116939313984
190        0.0282673702726
191        0.0275725593668
192        0.0189709762533
193        0.0230870712401
194        0.102524186456
195        0.108918205805
196        0.0418029903254
197        0.0608443271768
198        0.0772295514512
199        0.206253298153
200        0.160756376429
201        0.214555848725
202        0.210642040457
203        0.132409850484
204        0.207695690413
205        0.0853386103782
206        0.0357343887423
207        0.0388478452067
208        0.0317941952507
209        0.0227792436236
210        0.0916798592788
211        0.110457343887
212        0.0862708883026
213        0.0997625329815
214        0.129788918206
215        0.100773966579
216        0.106851363237
217        0.0903342128408
218        0.0871767810026
219        0.146323658751
220        0.178293755497
221        0.132559366755
222        0.0704661389622
223        0.0610202286719
224        0.0628847845207
225        0.054582233949
226        0.0413984168865
227        0.068399296394
228        0.0746877748461
229        0.0757959542656
230        0.0337906772208
231        0.246578715919
232        0.183570800352
233        0.169489885664
234        0.151433597186
235        0.134072119613
236        0.228970976253
237        0.164670184697
238        0.193034300792
239        0.234248021108
240        0.209542656113
241        0.0907299912049
242        0.102392260334
243        0.109533861038
244        0.102788038698
245        0.20473175022
246        0.217343887423
247        0.151512752858
248        0.119525065963
249        0.181943711522
250        0.21709762533
251        0.0861389621812
252        0.105171503958
253        0.0975549692172
254        0.160052770449
255        0.0610290237467
256        0.0740897097625
257        0.214890061566
258        0.181618293755
259        0.130026385224
260        0.0912664907652
261        0.112084432718
262        0.107625329815
263        0.104538258575
264        0.0374406332454
265        0.0452506596306
266        0.13399296394
267        0.138434476693
268        0.152066842568
269        0.0358399296394
270        0.0598592788039
271        0.0485224274406
272        0.0241424802111
273        0.0707299912049
274        0.117150395778
275        0.0793931398417
276        0.109841688654
277        0.0900439753738
278        0.0884696569921
279        0.0990413368514
280        0.0521723834653
281        0.0205364995602
282        0.0714951627089
283        0.0667897977133
284        0.0663324538259
285        0.0986983289358
286        0.0549868073879
287        0.0836675461741
288        0.0729551451187
289        0.0910642040457
290        0.11780123131
291        0.127062445031
292        0.0948988566403
293        0.0580035180299
294        0.048073878628
295        0.0939313984169
296        0.0789357959543
297        0.117739665787
298        0.198496042216
299        0.0440809146878
300        0.0380914687775
301        0.0475461741425
302        0.034582233949
303        0.147722075638
304        0.0420404573439
305        0.0190237467018
306        0.0761917326297
307        0.111354441513
308        0.145584872471
309        0.0428496042216
310        0.035963060686
311        0.0366930518909
312        0.103940193492
313        0.217625329815
314        0.223588390501
315        0.115391380827
316        0.117132805629
317        0.113166226913
318        0.0603254177661
319        0.0650571679859
320        0.065127528584
321        0.0581178540018
322        0.111037818821
323        0.191134564644
324        0.188795074758
325        0.0447933157432
326        0.121987686895
327        0.137115215479
328        0.0982937554969
329        0.0928408091469
330        0.157959542656
331        0.0960070360598
332        0.0900615655233
333        0.0899472295515
334        0.161521547933
335        0.0877484608619
336        0.060800351803
337        0.127132805629
338        0.0568073878628
339        0.0620052770449
340        0.0798240985048
341        0.0763060686016
342        0.0538346525945
343        0.0524274406332
344        0.0398944591029
345        0.0295514511873
346        0.0276605101143
347        0.0627088830255
348        0.153306948109
349        0.13744942832
350        0.149190853122
351        0.127458223395
352        0.142075637643
353        0.145514511873
354        0.135417766051
355        0.144828496042
356        0.145021987687
357        0.044072119613
358        0.0424802110818
359        0.0308883025506
360        0.0652946350044
361        0.0593227792436
362        0.0890941072999
363        0.0568161829376
364        0.137616534741
365        0.0977924362357
366        0.130756376429
367        0.146209322779
368        0.153254177661
369        0.084582233949
370        0.0810642040457
371        0.126886543536
372        0.0549780123131
373        0.200193491645
374        0.158223394899
375        0.0225329815303
376        0.0197625329815
377        0.0233509234828
378        0.109322779244
379        0.0971767810026
