8192        0.0128374792703
1        0.307490878939
8194        0.0174096185738
3        0.0725505804312
8196        0.118718076285
6        0.0955422885572
7        0.126434494196
8200        0.0145422885572
9        0.0342537313433
13        0.130266998342
8206        0.0287910447761
8207        0.0285820895522
16        0.0830414593698
17        0.112348258706
8210        0.193927031509
8195        0.0542553897181
8212        0.0249933665008
8213        0.0601940298507
22        0.101925373134
5465        0.0737131011609
8216        0.0470348258706
25        0.0296484245439
26        0.0450995024876
27        0.0679187396352
8220        0.175558872305
8221        0.0583316749585
31        0.0541326699834
32        0.0538590381426
33        0.246932006633
34        0.13756053068
35        0.0264245439469
8228        0.11272305141
8198        0.141376451078
38        0.121348258706
8231        0.0371426202322
8232        0.0394029850746
41        0.0696815920398
43        0.105470978441
45        0.0819850746269
46        0.106444444444
8239        0.0342056384743
48        0.128305140962
49        0.0726616915423
50        0.08071973466
8243        0.0738474295191
52        0.0984543946932
8245        0.104558872305
8246        0.0337595356551
55        0.00971310116086
8248        0.0773930348259
8249        0.0159071310116
8250        0.11256053068
8251        0.0847296849088
8253        0.0252023217247
8255        0.0857114427861
8257        0.0590597014925
8258        0.0434112769486
8259        0.180895522388
68        0.0692421227197
70        0.0868606965174
71        0.222366500829
72        0.0449684908789
73        0.0748789386401
74        0.0363747927032
8267        0.0515008291874
77        0.148419568823
8270        0.0373018242123
8205        0.106587064677
80        0.0514394693201
81        0.203960199005
8274        0.0420199004975
83        0.113543946932
8277        0.123361525705
8278        0.0266451077944
87        0.0764245439469
88        0.118769485904
90        0.184230514096
8284        0.0795174129353
93        0.152432835821
97        0.151137645108
8291        0.00363515754561
8292        0.018960199005
8293        0.0191625207297
8294        0.0333051409619
103        0.088903814262
8296        0.105338308458
8297        0.119021558872
8298        0.0700530679934
8299        0.0438341625207
8300        0.0588756218905
109        0.173111111111
111        0.0677976782753
8304        0.0557014925373
114        0.170290215589
8307        0.0881575456053
8309        0.145829187396
8310        0.0863665008292
8312        0.0742786069652
8313        0.0579104477612
8314        0.0756517412935
125        0.0664693200663
127        0.123341625207
8321        0.0347794361526
131        0.146766169154
132        0.11308291874
8327        0.100227197347
8328        0.0191144278607
137        0.100597014925
8330        0.0313084577114
8331        0.0267230514096
140        0.13987893864
8333        0.0745373134328
8334        0.0203532338308
144        0.13371973466
145        0.157369817579
146        0.0112271973466
8339        0.120676616915
8340        0.0236218905473
8342        0.138966832504
8217        0.0445024875622
8346        0.0823731343284
8347        0.0790845771144
157        0.155791044776
159        0.0202421227197
160        0.0786600331675
8354        0.0882570480929
163        0.0658142620232
8358        0.0320033167496
8359        0.0712537313433
8361        0.0562172470978
8362        0.0917230514096
8363        0.0203333333333
174        0.307998341625
175        0.103786069652
8368        0.0757429519071
8370        0.0129170812604
8371        0.0457131011609
8374        0.0565572139303
8375        0.0453366500829
8376        0.113388059701
8379        0.141893864013
8382        0.0526849087894
8383        0.0733416252073
8385        0.0973233830846
194        0.131059701493
195        0.0863167495854
196        0.104703150912
8390        0.152665008292
199        0.0922686567164
8392        0.103432835821
8394        0.0818507462687
8395        0.0285671641791
204        0.0130033167496
8397        0.117039800995
8398        0.0101210613599
8399        0.12043615257
209        0.043583747927
210        0.0697081260365
8227        0.015592039801
8405        0.0173167495854
8406        0.0506815920398
8407        0.0818839137645
8408        0.0616268656716
217        0.0527429519071
8410        0.0261592039801
8411        0.0102404643449
8412        0.104650082919
8413        0.111570480929
8229        0.0250613598673
224        0.0759817578773
225        0.0973946932007
226        0.20724212272
8419        0.0420845771144
8422        0.0437611940299
8423        0.0299137645108
8424        0.0147578772803
8425        0.0388208955224
234        0.0187943615257
237        0.13660199005
239        0.00984577114428
8433        0.0983830845771
8434        0.0801691542289
8440        0.0327462686567
8441        0.0610845771144
8442        0.0360862354892
8445        0.0916915422886
8447        0.121054726368
8448        0.0406053067993
8450        0.043416252073
8451        0.085039800995
8452        0.0463432835821
8454        0.102006633499
8455        0.0831691542289
8456        0.0189585406302
8457        0.0544295190713
266        0.102648424544
268        0.088263681592
270        0.0664709784411
271        0.0427462686567
8464        0.0083399668325
8465        0.0926766169154
8468        0.0546036484245
8469        0.048464344942
278        0.146701492537
8472        0.0424941956882
8475        0.0105704809287
8476        0.0380033167496
286        0.308661691542
288        0.132653399668
8240        0.0207893864013
290        0.0708805970149
291        0.0676417910448
292        0.067504145937
293        0.287262023217
8487        0.0637346600332
297        0.293207296849
299        0.0221542288557
8496        0.0145688225539
8498        0.0595257048093
8499        0.0400315091211
8506        0.0118623548922
8510        0.00532504145937
8511        0.0301525704809
8512        0.0266301824212
8513        0.0542587064677
8515        0.0284063018242
8516        0.0858623548922
8517        0.108457711443
8528        0.151190713101
376        0.0158175787728
377        0.10368159204
378        0.0178026533997
400        0.0770248756219
8260        0.017824212272
419        0.00526368159204
8262        0.101990049751
423        0.034368159204
8263        0.0623532338308
8264        0.044535655058
8265        0.074504145937
450        0.0500597014925
454        0.0409187396352
456        0.0280248756219
8269        0.0869485903814
466        0.0456384742952
8199        0.0878424543947
8271        0.0767330016584
8272        0.17704145937
8273        0.0678026533997
488        0.030223880597
489        0.0323150912106
8275        0.0344212271973
509        0.0263830845771
513        0.0974941956882
517        0.225084577114
8280        0.0741144278607
8201        0.0419485903814
544        0.0300232172471
549        0.0331011608624
552        0.0296915422886
555        0.0869154228856
557        0.14428026534
559        0.0692172470978
561        0.0845870646766
565        0.0330132669983
568        0.273351575456
577        0.184749585406
591        0.0439568822554
600        0.112253731343
611        0.00836152570481
613        0.141001658375
8295        0.0297097844113
625        0.0664245439469
636        0.0449286898839
655        0.0373084577114
8303        0.0736434494196
668        0.286925373134
679        0.085504145937
681        0.0508441127695
683        0.181374792703
684        0.0378092868988
685        0.246119402985
686        0.0177976782753
687        0.0728109452736
689        0.089144278607
691        0.0328092868988
693        0.0740928689884
701        0.309071310116
702        0.30807628524
703        0.2261973466
705        0.0781724709784
714        0.133429519071
715        0.122981757877
719        0.0839320066335
721        0.0617910447761
724        0.081960199005
8208        0.044864013267
744        0.042447761194
745        0.115922056385
8317        0.0627711442786
760        0.0342437810945
762        0.0579054726368
763        0.0845605306799
764        0.0622089552239
766        0.114907131012
6388        0.161573797678
8209        0.0422421227197
786        0.275567164179
789        0.0236600331675
790        0.0955771144279
800        0.0327213930348
802        0.0115406301824
803        0.0412537313433
808        0.00849253731343
812        0.0970895522388
813        0.0496782752902
814        0.156668325041
815        0.0981260364842
816        0.166907131012
817        0.0192852404643
826        0.0188142620232
831        0.0408308457711
8211        0.0583665008292
834        0.0477346600332
838        0.0439485903814
839        0.0363266998342
852        0.101164179104
854        0.0389021558872
855        0.0375887230514
8336        0.0102786069652
8485        0.0101293532338
8349        0.0224029850746
8215        0.0601094527363
8352        0.0829402985075
8355        0.109334991708
8218        0.221257048093
8366        0.111487562189
1103        0.210472636816
1104        0.0650348258706
1113        0.0329469320066
1114        0.0253665008292
1117        0.0375240464345
1119        0.0359784411277
1129        0.0782371475954
1133        0.0868822553897
1136        0.167253731343
1137        0.0518358208955
1138        0.119605306799
1140        0.150127694859
8386        0.0284842454395
8387        0.0251393034826
8223        0.0626766169154
8391        0.067535655058
1198        0.157469320066
1200        0.119351575456
1201        0.0207578772803
1205        0.0354543946932
1206        0.0157230514096
1213        0.16400331675
1220        0.103820895522
1221        0.226651741294
8224        0.117970149254
1224        0.0708573797678
1225        0.217946932007
1226        0.0707628524046
1227        0.0249452736318
1236        0.126860696517
1237        0.143791044776
1238        0.0739784411277
1239        0.308529021559
1241        0.152371475954
1248        0.0311144278607
1251        0.100308457711
8225        0.0393548922056
1254        0.0661608623549
1257        0.22543615257
8402        0.0764344941957
1263        0.0773814262023
1267        0.174651741294
1270        0.199905472637
1273        0.268379767828
1275        0.153605306799
1276        0.0853266998342
1280        0.301286898839
8226        0.0600232172471
1290        0.238653399668
1292        0.0312189054726
1299        0.268303482587
8409        0.0144145936982
1312        0.0205621890547
1321        0.106968490879
1322        0.0765771144279
1323        0.192694859038
1324        0.113786069652
1325        0.162883913765
1326        0.0750381426202
1327        0.10527694859
1328        0.107532338308
1329        0.0743067993366
1330        0.059232172471
1331        0.0762271973466
1332        0.133474295191
1333        0.0760978441128
1334        0.122220563847
1335        0.104086235489
1341        0.0735970149254
1342        0.0527479270315
1347        0.0923565505804
8417        0.0254063018242
10686        0.0729286898839
8431        0.0489137645108
1461        0.028456053068
1556        0.052135986733
1559        0.0347379767828
1562        0.0398043117745
1564        0.0380331674959
1565        0.0422835820896
1568        0.0609004975124
1569        0.0470497512438
1570        0.0338142620232
1573        0.0179469320066
1589        0.0619751243781
1591        0.0234394693201
1601        0.00949419568823
8460        0.0368225538972
8237        0.045223880597
8463        0.0626898839138
1653        0.168323383085
1657        0.0109021558872
1659        0.0722421227197
1660        0.0393250414594
1661        0.0769635157546
1662        0.0907877280265
1664        0.0774494195688
1667        0.136021558872
1668        0.0854212271973
8470        0.0790315091211
1670        0.0835389718076
1672        0.0722819237148
1673        0.299650082919
1674        0.0674776119403
1675        0.0960713101161
1677        0.0874543946932
1678        0.0371542288557
1679        0.0283101160862
1680        0.134739635158
1681        0.0932918739635
1682        0.0631343283582
1683        0.0802968490879
1686        0.0813466003317
1687        0.0808325041459
1689        0.0312039800995
1691        0.163009950249
1693        0.072416252073
1694        0.064960199005
1695        0.0863764510779
1697        0.0256334991708
1698        0.0390895522388
1706        0.0863913764511
1717        0.042583747927
1732        0.0878092868988
1739        0.0286384742952
1740        0.308016583748
1741        0.0875638474295
1742        0.0810033167496
1744        0.0739983416252
1746        0.272784411277
1747        0.0264941956882
1749        0.0847479270315
1754        0.0317147595357
1755        0.308892205638
1757        0.046960199005
1759        0.27028358209
1760        0.151094527363
1761        0.127905472637
1767        0.150665008292
1776        0.0654709784411
1778        0.100137645108
8489        0.0791990049751
1784        0.125898839138
1785        0.169402985075
1789        0.0768374792703
1797        0.0966351575456
1798        0.100301824212
1800        0.300877280265
1808        0.084039800995
1830        0.150822553897
1831        0.0236268656716
1833        0.1617960199
1835        0.0604245439469
1836        0.0724941956882
1839        0.0741873963516
1840        0.0111625207297
1842        0.149691542289
1849        0.307616915423
1850        0.130653399668
1852        0.095135986733
1853        0.124266998342
1879        0.135233830846
1880        0.156361525705
1882        0.0400829187396
1883        0.0291873963516
1887        0.19979933665
1888        0.0902703150912
1890        0.231255389718
1891        0.0761990049751
1897        0.0813432835821
1899        0.0710149253731
1901        0.0730149253731
1902        0.0931857379768
1906        0.0587927031509
1908        0.0755273631841
1909        0.0265207296849
1913        0.149739635158
1914        0.0932786069652
1916        0.0684543946932
1922        0.0173615257048
1930        0.176815920398
1932        0.0610331674959
1955        0.070135986733
1957        0.078815920398
1967        0.135623548922
1970        0.0383814262023
1975        0.0606782752902
1978        0.0438142620232
1982        0.205701492537
1984        0.0343631840796
1986        0.0342918739635
1991        0.0545389718076
1998        0.0618756218905
2003        0.0771310116086
2007        0.0692122719735
2008        0.0483963515755
2011        0.0849402985075
2012        0.0267927031509
2015        0.113334991708
2018        0.0347960199005
2019        0.0219784411277
2024        0.151253731343
2027        0.0638922056385
2028        0.130059701493
2033        0.104638474295
2036        0.0251608623549
2041        0.305510779436
2042        0.194033167496
2044        0.152024875622
10240        0.117320066335
10241        0.0759784411277
10243        0.0173665008292
2052        0.0603001658375
2056        0.132250414594
10249        0.137253731343
10250        0.0829336650083
10252        0.133134328358
10256        0.11232172471
10257        0.0750613598673
10258        0.109895522388
10259        0.0587794361526
10260        0.0856567164179
10261        0.0500679933665
10263        0.133051409619
10264        0.0474029850746
10265        0.139537313433
10266        0.146744610282
10267        0.1405986733
10268        0.0711724709784
10269        0.0694311774461
10270        0.0296915422886
10271        0.078943615257
10275        0.0555505804312
10278        0.137618573798
10279        0.00804311774461
10289        0.0511459369818
10292        0.0772918739635
10295        0.0985737976783
10297        0.213606965174
2107        0.0424527363184
2108        0.108533996683
2109        0.0190613598673
10302        0.131610281924
10303        0.21939800995
10304        0.142339966833
10305        0.0939087893864
10306        0.0190315091211
2116        0.0931227197347
2117        0.0570829187396
2118        0.144305140962
10311        0.140525704809
2120        0.0607330016584
10314        0.0717230514096
10316        0.080495854063
10317        0.136764510779
10318        0.0096815920398
10319        0.145169154229
2128        0.0357313432836
10322        0.0177412935323
2131        0.00686567164179
10325        0.075263681592
10326        0.128170812604
2135        0.0423051409619
10330        0.136293532338
10331        0.0403300165837
2140        0.0681011608624
10333        0.0975605306799
10334        0.138577114428
10335        0.0266467661692
10337        0.176880597015
2146        0.0780116086235
10339        0.0855074626866
2148        0.00823051409619
2150        0.145892205638
10345        0.133538971808
10347        0.119656716418
10348        0.0752122719735
10349        0.0370331674959
10352        0.0968142620232
10354        0.0772736318408
10355        0.1315986733
10357        0.0220895522388
10358        0.139013266998
10359        0.135422885572
10361        0.122611940299
10363        0.090328358209
10366        0.0842205638474
10367        0.0681310116086
10368        0.133127694859
10377        0.0777014925373
10380        0.0783399668325
10382        0.0766650082919
10383        0.0753266998342
10384        0.117013266998
10385        0.0345124378109
10387        0.182031509121
10389        0.0754262023217
10390        0.0777628524046
10392        0.0620232172471
10393        0.0875953565506
10395        0.145048092869
10396        0.136628524046
10397        0.141635157546
10399        0.157157545605
10400        0.0731774461028
10409        0.129877280265
10412        0.034263681592
10413        0.0782570480929
10414        0.110174129353
10416        0.141912106136
10417        0.015824212272
10419        0.0911127694859
10422        0.0556600331675
10424        0.137266998342
10430        0.103875621891
10431        0.0813897180763
10435        0.123661691542
10436        0.0286334991708
10440        0.144626865672
10442        0.0804991708126
10444        0.112595356551
10447        0.073943615257
10448        0.0234709784411
10450        0.0970315091211
10454        0.0483980099502
10460        0.0692056384743
10465        0.134825870647
10466        0.0191260364842
10467        0.0665406301824
10468        0.0958258706468
2277        0.0952189054726
10471        0.142479270315
10473        0.124424543947
10475        0.0786616915423
10477        0.141459369818
10478        0.0631310116086
10479        0.025535655058
10481        0.0622918739635
10482        0.0422852404643
10484        0.0651791044776
10485        0.0663466003317
10487        0.055960199005
10496        0.0671343283582
10501        0.0443648424544
10504        0.0775721393035
10505        0.0419137645108
10507        0.0793797678275
10512        0.12363681592
10513        0.133912106136
10514        0.0238275290216
10515        0.104164179104
10516        0.127457711443
10518        0.0597180762852
10519        0.0527578772803
10520        0.0628208955224
10533        0.0556135986733
10534        0.144457711443
10535        0.137537313433
10536        0.0863864013267
10537        0.109912106136
10545        0.0253764510779
10549        0.0727728026534
10552        0.059592039801
10553        0.125270315091
10559        0.141028192371
10561        0.0889170812604
10562        0.100669983416
10563        0.0740547263682
10570        0.0529220563847
2379        0.0869900497512
2380        0.0670530679934
2381        0.0901625207297
10577        0.125893864013
10581        0.0773864013267
10584        0.135170812604
10585        0.0436019900498
10601        0.0568756218905
10603        0.10447761194
10604        0.0740762852405
10605        0.0637064676617
10606        0.0668872305141
10609        0.0892354892206
10614        0.122582089552
10621        0.123973466003
10622        0.0728407960199
10633        0.137514096186
10636        0.0665456053068
10641        0.149908789386
10665        0.130953565506
10671        0.0581641791045
10672        0.122447761194
10673        0.0927081260365
10680        0.081175787728
2490        0.0494892205638
2493        0.197081260365
2494        0.0052039800995
2495        0.0465638474295
2497        0.30715920398
2498        0.116573797678
2500        0.255779436153
2501        0.139849087894
10694        0.0650149253731
2503        0.099728026534
2504        0.111567164179
2505        0.0696965174129
2506        0.110049751244
2508        0.101772802653
2510        0.199077943615
2511        0.150990049751
2512        0.0541691542289
2513        0.272311774461
2514        0.196638474295
2515        0.0849983416252
2516        0.306855721393
2517        0.134373134328
2518        0.169144278607
2519        0.117615257048
2520        0.102213930348
2521        0.24604145937
2522        0.0818772802653
2523        0.0329568822554
2524        0.143028192371
2525        0.0784112769486
2526        0.0756898839138
2527        0.166500829187
2528        0.0738888888889
2529        0.259305140962
2532        0.0840845771144
2544        0.00799668325041
2546        0.0233432835821
2547        0.0179137645108
2548        0.308668325041
2549        0.0407164179104
2551        0.300555555556
2553        0.0307728026534
2554        0.18732172471
2561        0.0935986733002
2563        0.0777810945274
2568        0.118109452736
2571        0.150009950249
2572        0.0737827529022
2573        0.0453233830846
64600        0.0982371475954
2578        0.119829187396
2581        0.0631973466003
64601        0.0744875621891
2587        0.019192371476
2588        0.0727412935323
2592        0.0743233830846
2593        0.0374427860697
2598        0.0513316749585
2602        0.09
2603        0.266971807629
2605        0.0253747927032
2607        0.0727429519071
2609        0.116592039801
2610        0.0773830845771
2611        0.152693200663
2614        0.0454394693201
2629        0.0382935323383
2631        0.0389286898839
2632        0.043600331675
2637        0.059039800995
2638        0.0157131011609
2640        0.101815920398
2643        0.00665505804312
2647        0.0681044776119
2648        0.144371475954
2651        0.0192752902156
2652        0.0793250414594
2653        0.0240762852405
2654        0.0392089552239
2655        0.0235422885572
2659        0.0173565505804
2683        0.0479668325041
2685        0.303633499171
2686        0.173315091211
2687        0.140484245439
2688        0.0699751243781
2697        0.106384742952
2698        0.0530431177446
2702        0.102069651741
2704        0.0361890547264
2706        0.107698175788
2707        0.0805638474295
2711        0.0793349917081
2713        0.0825456053068
2714        0.0758043117745
2715        0.0816019900498
2744        0.0325389718076
2752        0.0684394693201
2764        0.109676616915
2766        0.109829187396
2772        0.0111708126036
2819        0.0887595356551
2820        0.111907131012
2822        0.0753864013267
2828        0.283900497512
2831        0.0082504145937
2832        0.0396915422886
2833        0.0112852404643
2834        0.0409286898839
2836        0.0556152570481
2837        0.00499336650083
2840        0.0485638474295
2841        0.0112985074627
2843        0.038767827529
2845        0.0158325041459
2847        0.0515737976783
2848        0.0551144278607
2852        0.112990049751
2853        0.123034825871
2854        0.168137645108
2855        0.124349917081
2856        0.294870646766
2860        0.09128026534
2861        0.0665854063018
2865        0.0128689883914
2871        0.201935323383
2874        0.214417910448
2875        0.0237330016584
2876        0.0818109452736
2895        0.0747943615257
2899        0.128553897181
2900        0.172600331675
2901        0.0990978441128
2902        0.065807628524
2905        0.135326699834
2907        0.236883913765
2911        0.143346600332
2914        0.309232172471
2915        0.227353233831
2917        0.223316749585
2918        0.166043117745
2933        0.212718076285
2941        0.111613598673
2966        0.0895854063018
3053        0.0296849087894
8285        0.0172935323383
3056        0.0774908789386
3058        0.0331509121061
3064        0.144820895522
3066        0.0653300165837
3079        0.10071973466
3080        0.0679718076285
3081        0.0783797678275
3104        0.130645107794
3110        0.137031509121
3111        0.136248756219
3112        0.0185489220564
3113        0.0911575456053
3128        0.0315771144279
3130        0.0909087893864
3132        0.138107794362
3134        0.0725505804312
3136        0.0280248756219
3142        0.0124859038143
3144        0.0907877280265
3148        0.0219402985075
3149        0.117373134328
3150        0.13551907131
3152        0.0872404643449
3208        0.0760116086235
3215        0.214555555556
3216        0.105394693201
3218        0.0637064676617
3219        0.0221227197347
3220        0.154323383085
3221        0.0220215588723
3225        0.0712354892206
3227        0.043311774461
3228        0.174409618574
3230        0.00356218905473
3233        0.0756086235489
3235        0.0270016583748
3238        0.0685505804312
3239        0.0411724709784
3240        0.0178291873964
3242        0.078728026534
3243        0.182600331675
3244        0.105189054726
3245        0.0859270315091
3246        0.172597014925
3248        0.08571973466
3249        0.0864693200663
3251        0.0541857379768
3252        0.063184079602
3253        0.0330597014925
3254        0.0518739635158
3255        0.0837064676617
3256        0.117077943615
3257        0.296618573798
3258        0.0777777777778
3259        0.187509121061
3260        0.0127313432836
3261        0.0725854063018
3262        0.135086235489
3264        0.0854527363184
3265        0.0936749585406
3267        0.0173018242123
3268        0.105932006633
3269        0.0531459369818
3273        0.0425505804312
3274        0.0606915422886
3277        0.0881608623549
3278        0.0724593698176
3286        0.180960199005
3291        0.129661691542
3292        0.111389718076
3300        0.292004975124
3301        0.0577529021559
3302        0.231824212272
3303        0.255067993367
3304        0.121379767828
3305        0.196575456053
3306        0.109262023217
3307        0.0918258706468
3308        0.085368159204
3313        0.0712437810945
3314        0.0128391376451
3315        0.0474908789386
3316        0.0506102819237
3319        0.0219386401327
3320        0.287517412935
3323        0.017328358209
3324        0.110053067993
3325        0.0257031509121
3327        0.08692039801
3328        0.195524046434
3329        0.0808424543947
3330        0.114454394693
3332        0.0142835820896
3333        0.256829187396
3334        0.073592039801
3335        0.00836981757877
3336        0.211150912106
3338        0.0133399668325
3339        0.0567827529022
3340        0.0700497512438
3342        0.15264344942
3343        0.0630447761194
3344        0.161641791045
3346        0.0162620232172
3350        0.0372520729685
3352        0.151868988391
3353        0.118235489221
3354        0.119137645108
3356        0.287265339967
3358        0.0302388059701
3359        0.0145787728027
3360        0.0097943615257
3361        0.169590381426
3362        0.0694013266998
3363        0.0620862354892
3364        0.0370762852405
3365        0.129789386401
3366        0.113305140962
3368        0.129072968491
3378        0.0875406301824
3379        0.123817578773
3380        0.0622205638474
3381        0.0493864013267
3384        0.2238026534
3386        0.147056384743
3388        0.0428275290216
3389        0.00847097844113
3390        0.0253548922056
3392        0.145404643449
3393        0.146870646766
3394        0.108606965174
3402        0.175835820896
3403        0.0816749585406
3404        0.195671641791
3405        0.0628175787728
3407        0.266069651741
3409        0.0129237147595
3421        0.0548374792703
3424        0.0175290215589
3428        0.126320066335
3429        0.0946119402985
3431        0.0591194029851
3447        0.139868988391
3448        0.110981757877
3449        0.0302786069652
3450        0.154467661692
3451        0.0670016583748
3452        0.0774792703151
3454        0.0777827529022
3458        0.0725671641791
3460        0.0142089552239
3462        0.133718076285
3463        0.180998341625
3464        0.146258706468
3472        0.0084328358209
3479        0.135860696517
3480        0.0220928689884
3484        0.00992537313433
3488        0.121155887231
3491        0.305731343284
3492        0.143114427861
3493        0.0781459369818
3502        0.141847429519
3505        0.14912106136
3506        0.110887230514
3508        0.178278606965
3510        0.0696815920398
3512        0.0718507462687
3513        0.0827860696517
3527        0.080008291874
8301        0.102490878939
3541        0.0391077943615
3548        0.0344693200663
3549        0.280495854063
3550        0.0693515754561
3554        0.187271973466
3555        0.0850912106136
3557        0.189932006633
3559        0.14684079602
3561        0.308492537313
3563        0.208192371476
3564        0.196485903814
3566        0.0947810945274
3567        0.133993366501
3571        0.0537993366501
3575        0.053135986733
3576        0.0515903814262
3577        0.0455671641791
3578        0.109069651741
3581        0.0744693200663
3582        0.112829187396
3586        0.0699087893864
3588        0.108016583748
3591        0.0545306799337
3593        0.15320066335
3594        0.0620928689884
3596        0.0380762852405
3597        0.0790331674959
3599        0.0767313432836
3602        0.158402985075
3603        0.00802653399668
3605        0.0297960199005
3608        0.140708126036
3614        0.182084577114
3615        0.0440762852405
3616        0.0745422885572
3628        0.0402570480929
3632        0.0551243781095
3640        0.0205389718076
3661        0.0434577114428
3662        0.133865671642
3663        0.106505804312
3669        0.10027694859
3670        0.0324195688226
3671        0.0817031509121
3672        0.0704709784411
3674        0.1837960199
3676        0.0601376451078
3677        0.0638623548922
4709        0.0841824212272
3680        0.0713714759536
8306        0.0495671641791
3700        0.125389718076
3701        0.140950248756
3703        0.168651741294
3705        0.0789419568823
3708        0.0710530679934
3718        0.074543946932
3720        0.254213930348
3722        0.0864295190713
3725        0.0220646766169
3727        0.0878109452736
3728        0.15164013267
6083        0.0486202321725
3733        0.133316749585
3734        0.152665008292
3735        0.133421227197
3737        0.0400762852405
3739        0.188227197347
3741        0.126665008292
3742        0.173336650083
3743        0.11271973466
3746        0.0694925373134
3748        0.0109817578773
3749        0.130167495854
3751        0.131724709784
3753        0.0905008291874
3757        0.0357296849088
3758        0.16604145937
3761        0.0894792703151
3763        0.241764510779
3764        0.0806467661692
3766        0.0408988391376
3768        0.127215588723
3770        0.094543946932
3776        0.0526666666667
3782        0.0111658374793
3783        0.00984245439469
3784        0.0145489220564
3786        0.200301824212
3789        0.195807628524
3790        0.140286898839
3791        0.129212271973
3796        0.142396351575
3799        0.134570480929
3801        0.137524046434
3803        0.164406301824
3804        0.0611907131012
3807        0.0882139303483
3812        0.0388258706468
3813        0.0252736318408
3814        0.0678988391376
3815        0.0693548922056
3817        0.0420613598673
3819        0.0511210613599
3820        0.0933316749585
3824        0.115852404643
3830        0.0634361525705
3831        0.164389718076
3833        0.140325041459
3836        0.0635174129353
3838        0.146135986733
3839        0.0454726368159
3844        0.0793316749585
3845        0.0796368159204
3846        0.0765505804312
3847        0.307731343284
3850        0.097144278607
3851        0.0947943615257
3855        0.083328358209
3856        0.087943615257
3857        0.197902155887
3859        0.0438988391376
3861        0.0375091210614
3862        0.0343565505804
3863        0.0317097844113
3864        0.037679933665
3865        0.0475107794362
3866        0.0362653399668
3867        0.0550912106136
3868        0.0423482587065
3869        0.0358275290216
3870        0.0347346600332
3871        0.0544096185738
3872        0.0358474295191
3873        0.0436948590381
3874        0.0347313432836
3875        0.0405373134328
3876        0.0362122719735
3878        0.0418955223881
3879        0.0421210613599
3880        0.0431990049751
3881        0.0484809286899
3882        0.0361044776119
3883        0.0451990049751
3884        0.0532388059701
3885        0.0548441127695
3886        0.031416252073
3887        0.0420215588723
3888        0.0275787728027
3889        0.0380049751244
3890        0.0298026533997
3891        0.0375373134328
3892        0.0342172470978
3893        0.0438225538972
3894        0.0348955223881
3895        0.0452819237148
3899        0.0527827529022
3900        0.114487562189
3903        0.0421144278607
3904        0.0794461028192
3905        0.0709800995025
3909        0.169580431177
3911        0.0607595356551
3912        0.182495854063
3914        0.286218905473
3915        0.283815920398
3925        0.151724709784
3931        0.0923847429519
3932        0.274553897181
3937        0.110890547264
3940        0.151366500829
3950        0.0784145936982
3951        0.288543946932
3956        0.0174875621891
3957        0.0892885572139
3962        0.0643250414594
3963        0.0598573797678
3964        0.0405953565506
3967        0.293741293532
3970        0.0740298507463
3976        0.198656716418
3994        0.0938673300166
3996        0.0872470978441
3999        0.0695638474295
4000        0.306315091211
4001        0.124417910448
4003        0.289429519071
4004        0.270009950249
4005        0.263510779436
4006        0.272593698176
4010        0.125593698176
4015        0.0912388059701
4017        0.0513499170813
4039        0.136190713101
4040        0.0359004975124
4043        0.0912388059701
4045        0.0888424543947
4052        0.127605306799
4057        0.0871160862355
4058        0.174257048093
4060        0.0381475953566
8319        0.0511724709784
2048        0.0436533996683
4109        0.0264228855721
4125        0.036192371476
4128        0.0927296849088
4129        0.186112769486
4130        0.0234096185738
4133        0.0818059701493
4134        0.234248756219
4136        0.157819237148
4137        0.0795887230514
4140        0.0832006633499
4143        0.0332736318408
4148        0.0622338308458
4150        0.135580431177
4151        0.10079933665
4158        0.0344527363184
4167        0.125587064677
4178        0.0297860696517
4181        0.121393034826
4183        0.259951907131
4184        0.0726932006633
4187        0.0869684908789
4193        0.0677893864013
4195        0.0806965174129
4197        0.134860696517
4198        0.146621890547
4200        0.307441127695
4201        0.0278590381426
4203        0.0934129353234
4205        0.101842454395
4208        0.224296849088
4213        0.115885572139
4214        0.0391293532338
4215        0.0457247097844
4216        0.0364527363184
4217        0.0472122719735
4219        0.0354245439469
4221        0.0469900497512
4222        0.106628524046
4223        0.070495854063
4230        0.225542288557
4231        0.173729684909
4232        0.106011608624
4239        0.0758756218905
4243        0.0686384742952
4247        0.0635953565506
4251        0.106635157546
4252        0.0282786069652
4257        0.0728474295191
4258        0.160293532338
4259        0.175056384743
4261        0.146492537313
4262        0.0662023217247
4269        0.141656716418
4270        0.0953001658375
4271        0.0665074626866
4272        0.0802023217247
4274        0.111822553897
4277        0.0677014925373
4278        0.128266998342
4279        0.0679386401327
4281        0.068087893864
4283        0.069127694859
4284        0.0954991708126
4285        0.0725787728027
4286        0.0666301824212
4292        0.0854427860697
4293        0.086991708126
4306        0.0831326699834
4309        0.173248756219
4310        0.0924776119403
4314        0.16451907131
4319        0.135825870647
4327        0.151311774461
4352        0.156109452736
4354        0.129771144279
4355        0.165658374793
4356        0.0975737976783
4358        0.145547263682
4359        0.0793731343284
4364        0.159660033167
4366        0.0286733001658
4372        0.0912271973466
4373        0.143457711443
4374        0.173978441128
4376        0.129683250415
4377        0.0804925373134
4387        0.0554593698176
4390        0.0966301824212
4393        0.0788839137645
4433        0.111194029851
4434        0.0524875621891
4436        0.27535986733
4437        0.0723582089552
4444        0.0844411276949
4452        0.143699834163
4454        0.102524046434
4456        0.0891376451078
4459        0.138613598673
4465        0.0759585406302
2110        0.085552238806
4470        0.0531194029851
4472        0.125353233831
4475        0.0645737976783
4480        0.0436650082919
4481        0.0392835820896
4482        0.0439784411277
4483        0.0288126036484
4484        0.0346285240464
4485        0.0328689883914
4486        0.0494245439469
4487        0.034184079602
4488        0.0418407960199
4489        0.0468175787728
4490        0.0535887230514
4492        0.146641791045
4493        0.0236533996683
4495        0.153300165837
4496        0.0787810945274
4509        0.0516351575456
4511        0.176490878939
4513        0.151021558872
4515        0.175590381426
4519        0.0865953565506
4521        0.0866998341625
4527        0.196749585406
4534        0.21816252073
4535        0.0925605306799
4538        0.0724941956882
4539        0.0699966832504
4540        0.274812603648
4543        0.0756815920398
4544        0.259243781095
4546        0.0318374792703
4550        0.130316749585
4553        0.138736318408
4554        0.0468524046434
4565        0.292550580431
4568        0.0408424543947
4573        0.0947595356551
4574        0.0718457711443
4583        0.158669983416
4587        0.118177446103
4589        0.22079933665
4592        0.0715953565506
4595        0.0278507462687
4596        0.182558872305
4599        0.198250414594
4600        0.167875621891
4605        0.0302122719735
4608        0.0891940298507
4609        0.103451077944
4610        0.0531558872305
4611        0.0574859038143
2134        0.0856152570481
4614        0.10576119403
4616        0.0417827529022
4617        0.0279817578773
4618        0.0636998341625
4619        0.0356484245439
4621        0.0734842454395
4622        0.0340049751244
4623        0.12092371476
4624        0.0376650082919
4627        0.095407960199
4628        0.0947131011609
4630        0.0169071310116
4631        0.0748805970149
772        0.0394693200663
4634        0.0667993366501
4637        0.234514096186
4639        0.0358225538972
4641        0.0670547263682
4642        0.0748888888889
4643        0.0825107794362
4644        0.0497081260365
4645        0.143452736318
4646        0.056872305141
4647        0.062495854063
4648        0.168393034826
4650        0.0174991708126
4651        0.154779436153
4652        0.0423001658375
4654        0.0589336650083
4655        0.0459303482587
4656        0.061583747927
4657        0.0375572139303
4658        0.0485638474295
4660        0.0249684908789
4662        0.0729087893864
4663        0.0174013266998
4665        0.0408457711443
4666        0.0802985074627
4668        0.0451542288557
4669        0.124597014925
4670        0.0807611940299
4672        0.0645140961857
4673        0.171953565506
4675        0.144762852405
4677        0.122847429519
4678        0.11556384743
4680        0.130139303483
4681        0.156227197347
4682        0.162525704809
4683        0.0311343283582
4684        0.0486169154229
4685        0.145044776119
4686        0.121296849088
4688        0.124127694859
4690        0.0407976782753
4691        0.180514096186
4692        0.123676616915
4693        0.167800995025
4694        0.271014925373
4695        0.147247097844
4696        0.0508540630182
4698        0.127829187396
4700        0.0511310116086
4702        0.138119402985
4703        0.120684908789
4704        0.144812603648
4705        0.0675223880597
4706        0.074311774461
4707        0.0571227197347
4708        0.0567611940299
10342        0.130285240464
4710        0.0895820895522
4711        0.137709784411
4713        0.144577114428
4714        0.0468341625207
4716        0.115611940299
4719        0.0466252072968
4720        0.0942902155887
4722        0.210252072968
4723        0.0726417910448
4724        0.110026533997
4725        0.220034825871
4727        0.092824212272
4728        0.147669983416
4729        0.0710066334992
4730        0.0528673300166
4732        0.149333333333
4733        0.0749253731343
4736        0.0934726368159
4738        0.0513930348259
4739        0.076039800995
4740        0.0514892205638
4741        0.0901293532338
4742        0.124739635158
4744        0.028552238806
4745        0.119301824212
4746        0.049447761194
4747        0.0577960199005
4748        0.0466915422886
4749        0.0251293532338
4750        0.11991708126
4755        0.17004145937
4757        0.0496285240464
4759        0.115081260365
4760        0.163751243781
4761        0.12571641791
4762        0.0590364842454
4763        0.0544941956882
4765        0.126822553897
4766        0.104447761194
4767        0.0331956882255
4768        0.120019900498
4773        0.045464344942
4774        0.212912106136
4776        0.121668325041
4777        0.133001658375
4778        0.156902155887
4780        0.187693200663
4783        0.0794859038143
4786        0.136721393035
4787        0.124706467662
4788        0.116784411277
4790        0.0807910447761
4791        0.0779817578773
4792        0.0754262023217
4793        0.0438043117745
4794        0.0500580431177
4795        0.0407661691542
4797        0.0548275290216
4798        0.0893665008292
4799        0.144820895522
4800        0.0330066334992
4801        0.050175787728
4803        0.102331674959
4804        0.052543946932
4805        0.13475787728
4807        0.0205008291874
4808        0.05271973466
4853        0.0499651741294
4854        0.116593698176
4855        0.0281492537313
4857        0.0462504145937
4860        0.0892470978441
4861        0.0605655058043
4908        0.0767960199005
4911        0.147502487562
4912        0.0877877280265
4913        0.0759320066335
4922        0.069943615257
4923        0.0921343283582
4926        0.2225986733
4927        0.0450248756219
4940        0.189374792703
4946        0.0902985074627
4947        0.0749369817579
4952        0.0674394693201
4958        0.136668325041
4959        0.180903814262
4963        0.165932006633
4966        0.0771907131012
4967        0.0978208955224
4968        0.179449419569
4969        0.291452736318
4979        0.0831094527363
4982        0.063008291874
4983        0.149064676617
4984        0.120941956882
4989        0.0787595356551
4993        0.0754195688226
4996        0.074592039801
4999        0.0790315091211
5000        0.282422885572
5002        0.12916252073
5003        0.13568159204
5004        0.0831990049751
5006        0.190099502488
5009        0.115965174129
5011        0.05
5024        0.149927031509
5033        0.143905472637
5041        0.150713101161
5046        0.108625207297
5048        0.152381426202
5049        0.131948590381
5050        0.0871028192371
5051        0.0729336650083
5053        0.0713648424544
5056        0.128608623549
5058        0.0231973466003
5071        0.0759170812604
5072        0.101459369818
5074        0.0512039800995
5075        0.0531376451078
5076        0.165278606965
5078        0.0773582089552
5081        0.0787628524046
5085        0.0281144278607
5086        0.061960199005
5088        0.13256384743
5089        0.230393034826
5097        0.149950248756
5099        0.0204941956882
5101        0.127024875622
5105        0.074399668325
5106        0.07928026534
5107        0.0691243781095
5109        0.126524046434
5119        0.0829386401327
5188        0.041688225539
5200        0.0420580431177
5202        0.0374427860697
5203        0.008592039801
5205        0.0390049751244
5206        0.0310547263682
5207        0.0407595356551
5208        0.0481293532338
5209        0.0396268656716
5210        0.037728026534
5211        0.0376500829187
5212        0.0436368159204
5213        0.0402338308458
5214        0.0471094527363
5215        0.0405174129353
5217        0.0377744610282
5218        0.0468822553897
5220        0.0575140961857
5232        0.0464394693201
5234        0.0396351575456
5235        0.0327960199005
5240        0.037416252073
5241        0.0358026533997
5248        0.0456451077944
5251        0.0428507462687
5256        0.0452686567164
5303        0.0450845771144
5309        0.0423515754561
5323        0.0626898839138
5324        0.044991708126
5339        0.0877578772803
5377        0.172046434494
5378        0.303660033167
5379        0.0776517412935
5380        0.0271641791045
5381        0.0108623548922
5382        0.0697164179104
5384        0.12371973466
5385        0.0856152570481
5387        0.00522553897181
5388        0.292311774461
5389        0.11051907131
5390        0.277694859038
5391        0.0911890547264
5392        0.0668291873964
5393        0.0222288557214
5394        0.0539933665008
5395        0.042456053068
5396        0.0516683250415
5397        0.0533383084577
5398        0.0885671641791
5399        0.0426550580431
5400        0.28044278607
5401        0.118139303483
5402        0.00826699834163
5403        0.14199668325
5405        0.0743764510779
5407        0.139263681592
5408        0.113621890547
5409        0.256024875622
5410        0.165686567164
5412        0.115660033167
5413        0.308023217247
5414        0.0572205638474
5415        0.0713233830846
5416        0.136432835821
5417        0.198341625207
5418        0.252290215589
5421        0.0223266998342
5422        0.127995024876
5423        0.0310978441128
5424        0.0784676616915
5425        0.0934776119403
5426        0.093855721393
5427        0.130325041459
5428        0.0267429519071
5429        0.0506633499171
5430        0.168655058043
5431        0.0268059701493
5432        0.06064013267
5433        0.0224859038143
5434        0.106966832504
5435        0.0837794361526
5436        0.0446749585406
5441        0.0225223880597
5442        0.00362686567164
5443        0.0319137645108
5444        0.0299568822554
5445        0.0345688225539
5446        0.00986567164179
5447        0.00357213930348
5448        0.0269054726368
5449        0.0111542288557
5450        0.00360530679934
5451        0.002135986733
2274        0.0143184079602
5455        0.0159983416252
5456        0.00367330016584
5457        0.00663349917081
5459        0.308021558872
5462        0.283570480929
5463        0.0480580431177
2276        0.143456053068
5466        0.143805970149
5467        0.00641459369818
5468        0.00380265339967
5469        0.0607810945274
5470        0.0206815920398
5471        0.00696019900498
5474        0.0789071310116
5479        0.0451194029851
5480        0.0100646766169
5481        0.123295190713
5482        0.114102819237
5483        0.130169154229
5484        0.114092868988
5486        0.118646766169
5490        0.148303482587
5491        0.170422885572
5492        0.0386998341625
5494        0.0774892205638
5495        0.00696351575456
5496        0.216343283582
5498        0.0282487562189
5499        0.0563565505804
5500        0.108208955224
5501        0.0801608623549
5503        0.119751243781
5505        0.0515406301824
5506        0.0734461028192
5507        0.0618822553897
5509        0.111033167496
5510        0.145615257048
5511        0.178975124378
5512        0.0498772802653
5513        0.0363515754561
5516        0.0235422885572
5517        0.106217247098
5518        0.0660464344942
5519        0.220155887231
5520        0.0317661691542
5521        0.0761393034826
5522        0.138195688226
5532        0.0617728026534
5533        0.0810729684909
5535        0.0510696517413
5536        0.0653814262023
5537        0.0239684908789
5539        0.137344941957
5540        0.121313432836
5543        0.0269734660033
5547        0.036399668325
5548        0.0328474295191
5549        0.11599668325
5551        0.201641791045
5553        0.0126782752902
5554        0.0311210613599
5556        0.23531840796
5557        0.177135986733
5558        0.0342271973466
5559        0.199472636816
5560        0.067767827529
5561        0.0772487562189
5563        0.0378126036484
5564        0.149064676617
5565        0.0779220563847
5567        0.0052056384743
5568        0.0251890547264
5569        0.0129154228856
5571        0.177482587065
5572        0.0128872305141
5573        0.01435986733
5577        0.133199004975
5578        0.0544344941957
5580        0.0997230514096
5582        0.0663333333333
5583        0.143472636816
5586        0.079008291874
5587        0.103164179104
5588        0.0923416252073
5589        0.0588291873964
5590        0.152389718076
5592        0.0376749585406
5594        0.117325041459
5595        0.166862354892
5596        0.0330431177446
5597        0.0284825870647
5598        0.0130862354892
5599        0.0940663349917
5600        0.0797064676617
5603        0.0810995024876
5604        0.123736318408
5606        0.0775804311774
5607        0.194190713101
5609        0.0728839137645
5610        0.126262023217
5611        0.129084577114
5612        0.020416252073
5615        0.117170812604
5617        0.139890547264
5618        0.0879950248756
5619        0.0185422885572
5620        0.065807628524
5621        0.166666666667
5622        0.1041973466
5623        0.152986733002
5625        0.048736318408
5627        0.0386152570481
5628        0.106633499171
5629        0.0881475953566
5630        0.130361525705
5631        0.176500829187
5632        0.217893864013
5639        0.0926285240464
5641        0.0896782752902
5645        0.123605306799
5646        0.303323383085
5648        0.102154228856
5650        0.273053067993
5651        0.168310116086
5652        0.134358208955
5653        0.0300862354892
5655        0.107620232172
5656        0.128548922056
5661        0.0713001658375
5662        0.160653399668
5666        0.132665008292
5668        0.0686849087894
5669        0.278865671642
5671        0.198164179104
5672        0.152507462687
5673        0.129553897181
5674        0.0924228855721
5675        0.0698374792703
5676        0.112527363184
5677        0.0915207296849
5678        0.0541774461028
5679        0.0845655058043
5680        0.0817097844113
5681        0.073776119403
5682        0.0925854063018
5683        0.30171973466
5684        0.120542288557
5687        0.0928225538972
5688        0.0646782752902
5689        0.0737180762852
5691        0.0796368159204
5692        0.0589751243781
5693        0.134492537313
5696        0.306960199005
5698        0.105058043118
5700        0.0711807628524
5702        0.0740315091211
5703        0.0762985074627
5704        0.069039800995
5705        0.175497512438
5706        0.0930215588723
5710        0.0922520729685
5712        0.124966832504
5713        0.114394693201
5714        0.132621890547
5719        0.040903814262
5723        0.070535655058
5726        0.180721393035
5727        0.249615257048
5730        0.0696384742952
5731        0.063855721393
5736        0.0993482587065
5737        0.151547263682
5738        0.168157545605
5739        0.0294494195688
5742        0.0962653399668
5743        0.0879253731343
5745        0.00804311774461
5746        0.0912421227197
5749        0.0824361525705
5750        0.102009950249
5754        0.0831227197347
5755        0.0425671641791
5756        0.183490878939
5760        0.147510779436
5761        0.190474295191
5762        0.0861094527363
5763        0.129689883914
5765        0.0710348258706
5767        0.112336650083
5768        0.144635157546
5769        0.0891260364842
5771        0.150515754561
5772        0.108368159204
5773        0.120978441128
5774        0.0612487562189
5778        0.130742951907
5779        0.180175787728
5784        0.242658374793
5786        0.0825621890547
5788        0.0718855721393
5789        0.0653880597015
5790        0.0791243781095
5792        0.0878739635158
5794        0.0729071310116
5798        0.128509121061
5836        0.0437048092869
5839        0.0366368159204
5846        0.0294361525705
5855        0.0338374792703
5856        0.121341625207
5872        0.0712006633499
5881        0.0344344941957
5922        0.0222371475954
5927        0.0794527363184
5952        0.0731791044776
6057        0.0958175787728
6059        0.0818358208955
6061        0.17691708126
6062        0.135419568823
6063        0.0824825870647
6064        0.106097844113
6065        0.155875621891
6066        0.246870646766
6067        0.131804311774
6068        0.0390414593698
6070        0.123819237148
6071        0.0862255389718
6072        0.0801426202322
6073        0.106233830846
6076        0.143825870647
6077        0.147222222222
6078        0.160597014925
6079        0.204966832504
6080        0.139504145937
6081        0.167852404643
6082        0.245069651741
10571        0.130305140962
6086        0.163567164179
6088        0.0159270315091
6089        0.0234742951907
6091        0.0815621890547
6095        0.187776119403
6097        0.0823615257048
6104        0.133646766169
6106        0.0374029850746
6107        0.0481558872305
6108        0.0544278606965
6109        0.0879320066335
6112        0.0780862354892
6113        0.305555555556
6114        0.0513548922056
6115        0.0994046434494
6116        0.0657164179104
6121        0.00190381426202
6122        0.100733001658
6123        0.218708126036
6127        0.0604792703151
6128        0.157475953566
6129        0.112019900498
6130        0.151185737977
6136        0.131189054726
6137        0.136873963516
6138        0.0926268656716
6139        0.0729170812604
6140        0.177228855721
6142        0.0805970149254
6143        0.0819784411277
6144        0.0742520729685
6147        0.192275290216
6159        0.0395621890547
6161        0.0773250414594
6163        0.088232172471
6164        0.127751243781
6165        0.124744610282
6166        0.0828524046434
6167        0.13996185738
6171        0.0160464344942
6172        0.274281923715
6174        0.0873266998342
6178        0.0981343283582
6179        0.0881641791045
6180        0.0755406301824
6181        0.115470978441
6185        0.0849485903814
6187        0.117059701493
6188        0.168633499171
6192        0.0362603648425
6194        0.181268656716
6195        0.141718076285
6196        0.290122719735
6197        0.131411276949
6198        0.121177446103
6199        0.134228855721
6200        0.0712023217247
6201        0.173963515755
6202        0.131582089552
6203        0.209825870647
6205        0.187482587065
6210        0.0887064676617
6213        0.0629867330017
6214        0.0778026533997
6217        0.0745737976783
6218        0.225767827529
6220        0.0898606965174
6223        0.0650381426202
6225        0.125293532338
6226        0.0788988391376
6227        0.128270315091
6228        0.0674892205638
6233        0.0650630182421
6234        0.132285240464
6235        0.285384742952
6239        0.0221741293532
6241        0.0487910447761
6242        0.0746102819237
6243        0.132134328358
6245        0.227333333333
6248        0.1914013267
6249        0.0824427860697
6250        0.108573797678
6254        0.104402985075
6255        0.138704809287
6258        0.0886169154229
6259        0.237562189055
6260        0.0960149253731
6261        0.208733001658
6263        0.0754228855721
6266        0.146096185738
6269        0.0639485903814
6283        0.150839137645
6285        0.0757114427861
6287        0.0845572139303
6289        0.101597014925
6292        0.119253731343
6294        0.10283747927
6295        0.180985074627
6296        0.0631409618574
6297        0.0840016583748
6299        0.15127694859
6301        0.0773034825871
6302        0.185963515755
6303        0.150859038143
6305        0.0771791044776
6306        0.0907960199005
6307        0.0790364842454
6308        0.10771973466
6309        0.0999585406302
6310        0.0809668325041
6313        0.0849452736318
6314        0.128943615257
6315        0.0533797678275
6317        0.125709784411
6319        0.156492537313
6320        0.189407960199
6322        0.128933665008
6325        0.0673366500829
6326        0.0718192371476
6327        0.150220563847
6331        0.0873548922056
6332        0.120746268657
6334        0.130532338308
6335        0.0788490878939
6342        0.0360099502488
6345        0.210845771144
6347        0.283391376451
6348        0.0881857379768
6349        0.0928407960199
6350        0.140422885572
6351        0.105474295191
6352        0.201530679934
6354        0.163565505804
6355        0.150515754561
6357        0.0775986733002
6358        0.079824212272
6359        0.126487562189
6362        0.0767031509121
6364        0.100691542289
6365        0.144673300166
6367        0.0650597014925
6368        0.0768955223881
6369        0.0637213930348
6371        0.199427860697
6372        0.135645107794
6373        0.127111111111
6375        0.0756600331675
6376        0.142129353234
6377        0.0312122719735
6379        0.153315091211
6380        0.138331674959
6381        0.134086235489
6382        0.168194029851
6383        0.0841592039801
6384        0.153724709784
6385        0.135872305141
6386        0.164497512438
6387        0.135887230514
8396        0.0590995024876
6390        0.0728606965174
6391        0.184585406302
6392        0.0764975124378
6394        0.181859038143
6395        0.129985074627
6396        0.0681641791045
6400        0.12564344942
6401        0.0653134328358
6402        0.117608623549
6404        0.0704825870647
6405        0.126865671642
6406        0.0840182421227
6407        0.0372587064677
6409        0.0779303482587
6410        0.0873565505804
6411        0.0776451077944
6412        0.114071310116
6413        0.091960199005
6419        0.129872305141
6423        0.100747927032
6425        0.0707131011609
6427        0.17276119403
6428        0.129930348259
6429        0.101776119403
6430        0.0792504145937
6431        0.117751243781
6432        0.16287893864
6433        0.107800995025
6434        0.164320066335
6435        0.0886185737977
6437        0.148595356551
6441        0.0877462686567
6448        0.148592039801
6449        0.0744842454395
6450        0.0843266998342
6451        0.144669983416
6453        0.301764510779
6455        0.120165837479
6456        0.197849087894
6458        0.171023217247
6459        0.136336650083
6460        0.149462686567
6461        0.292315091211
6462        0.0853333333333
6463        0.146270315091
6465        0.0858391376451
6467        0.298424543947
6468        0.181222222222
6469        0.22416252073
6470        0.140548922056
6471        0.0495406301824
6472        0.132573797678
6473        0.0954344941957
6474        0.159069651741
6476        0.0721708126036
6477        0.0702620232172
6478        0.285069651741
6480        0.13731840796
6481        0.110409618574
6482        0.132940298507
6484        0.113361525705
6487        0.0778656716418
6488        0.034864013267
6494        0.0246036484245
6495        0.0251044776119
6496        0.0862072968491
6498        0.0665854063018
6499        0.126334991708
6501        0.0788424543947
6502        0.168295190713
6503        0.119331674959
6505        0.18707960199
6507        0.0778822553897
6508        0.0593399668325
6512        0.0800696517413
6515        0.0999966832504
6517        0.128215588723
6521        0.179344941957
6525        0.142674958541
6527        0.143976782753
6534        0.0696666666667
6535        0.0818490878939
6536        0.0930995024876
6537        0.0548441127695
6539        0.0780431177446
6540        0.130930348259
6541        0.147051409619
6542        0.0851293532338
6543        0.0452023217247
6545        0.130266998342
6547        0.0636069651741
6549        0.0836169154229
6551        0.0725389718076
6552        0.0749502487562
6553        0.251762852405
6554        0.125296849088
6555        0.158132669983
6561        0.197310116086
6562        0.102434494196
6563        0.177210613599
6565        0.073807628524
6566        0.179034825871
6567        0.0265505804312
6568        0.0975323383085
6569        0.0621293532338
6570        0.0750049751244
6571        0.128446102819
6575        0.134202321725
6576        0.151835820896
6577        0.117849087894
6580        0.134339966833
6582        0.156948590381
6583        0.188865671642
6584        0.0832155887231
6586        0.0832786069652
6587        0.126832504146
6588        0.125402985075
6589        0.0831956882255
6590        0.0377031509121
6591        0.0786699834163
6592        0.0697893864013
6593        0.0696948590381
6595        0.0431674958541
6597        0.209953565506
6600        0.0809701492537
6601        0.125344941957
6603        0.0694179104478
6604        0.137651741294
6606        0.122285240464
6607        0.0647628524046
6614        0.0685290215589
6618        0.152434494196
6619        0.121368159204
6620        0.138411276949
6621        0.0755240464345
6623        0.140734660033
6629        0.0988457711443
6630        0.0769734660033
6633        0.0191509121061
6635        0.0600713101161
6637        0.0648971807629
6638        0.0623233830846
6639        0.0899883913765
6640        0.106361525705
6641        0.127180762852
6644        0.0693698175788
6646        0.0952305140962
6648        0.0619104477612
6650        0.120577114428
6653        0.0792139303483
6654        0.0968474295191
6656        0.105452736318
6658        0.0453084577114
6659        0.130492537313
6660        0.274421227197
6661        0.155804311774
6662        0.0484129353234
6663        0.0538507462687
6664        0.193776119403
6665        0.105570480929
6666        0.0830580431177
6667        0.00662520729685
6668        0.0513250414594
6669        0.0734908789386
6670        0.130147595357
6671        0.00700663349917
6673        0.0281807628524
6675        0.075399668325
6677        0.071872305141
6678        0.0468358208955
6679        0.189946932007
6680        0.173903814262
6681        0.0395688225539
6682        0.105618573798
6683        0.198660033167
6684        0.125872305141
6685        0.193058043118
6686        0.102485903814
6687        0.101873963516
6688        0.058912106136
6689        0.0942553897181
6690        0.0747180762852
6691        0.0221791044776
6694        0.0619552238806
6695        0.084535655058
6696        0.12428026534
6697        0.0969834162521
6702        0.0160116086235
6703        0.0175422885572
6705        0.11127694859
6706        0.0751044776119
6707        0.0972769485904
6708        0.0662421227197
6709        0.0192553897181
6711        0.0190248756219
6713        0.114195688226
6714        0.0390895522388
6715        0.0394013266998
6716        0.190663349917
6717        0.0867545605307
6718        0.101545605307
6719        0.136538971808
6720        0.0547031509121
6721        0.0801741293532
6722        0.028495854063
6723        0.0171907131012
6726        0.0424494195688
6727        0.14411774461
6728        0.126414593698
6729        0.0435290215589
6730        0.165520729685
6731        0.0409966832504
6732        0.0983565505804
6733        0.0536301824212
6734        0.125386401327
6735        0.0693830845771
6737        0.0939303482587
6738        0.047767827529
6739        0.0371674958541
6740        0.0222222222222
6741        0.0785638474295
6742        0.242217247098
6743        0.0500713101161
6744        0.0169402985075
6745        0.211774461028
6746        0.0527379767828
6747        0.0681708126036
6750        0.00813764510779
6751        0.0573747927032
6752        0.0936583747927
6753        0.123872305141
6754        0.180469320066
6755        0.138819237148
6756        0.0549087893864
6757        0.10964344942
6758        0.121059701493
6760        0.0763316749585
6761        0.0705058043118
6762        0.20387893864
6763        0.0476915422886
6764        0.0268540630182
6765        0.227781094527
6769        0.0536086235489
6770        0.0825107794362
6771        0.0866417910448
6772        0.10591708126
6773        0.0530580431177
6774        0.185240464345
6776        0.0804013266998
6778        0.115515754561
6779        0.167175787728
6782        0.0158706467662
6783        0.151724709784
6784        0.00958540630182
6785        0.0548109452736
6787        0.0393665008292
6790        0.0765058043118
6792        0.252305140962
6793        0.0668142620232
6795        0.0481674958541
6796        0.00984742951907
6798        0.0375787728027
6799        0.0889800995025
6800        0.0294245439469
6802        0.124995024876
6803        0.0487429519071
6804        0.0437645107794
6805        0.162457711443
6806        0.13104145937
6807        0.0132155887231
6809        0.0190381426202
6810        0.0140928689884
6812        0.0128988391376
6813        0.128399668325
6819        0.0238474295191
6820        0.00839469320066
2502        0.120854063018
6822        0.0125406301824
6825        0.0558142620232
6826        0.076087893864
6827        0.124034825871
6829        0.107857379768
6830        0.180092868988
10696        0.132029850746
6834        0.0238756218905
6835        0.0622520729685
6837        0.0638424543947
6840        0.0189817578773
6841        0.220301824212
6844        0.0623466003317
6845        0.0432421227197
6846        0.0965207296849
6847        0.0730182421227
6848        0.0652819237148
6849        0.0914262023217
6850        0.0817661691542
6851        0.0122968490879
6852        0.0942537313433
6853        0.0483548922056
6855        0.160708126036
6856        0.0440232172471
6858        0.0325174129353
6859        0.174227197347
6863        0.13188225539
6864        0.047872305141
6865        0.0238208955224
6866        0.146646766169
6867        0.0159701492537
6868        0.0116368159204
6870        0.145361525705
6871        0.0406600331675
6873        0.138147595357
6875        0.011583747927
6876        0.0347396351575
6878        0.0465124378109
6879        0.0776981757877
6880        0.000487562189055
6881        0.0620679933665
6882        0.0619336650083
6883        0.0530364842454
6884        0.0357943615257
6886        0.00500497512438
6887        0.0283698175788
6888        0.0438358208955
6893        0.0719850746269
6894        0.0623449419569
6896        0.0173880597015
6897        0.0979104477612
10707        0.0672669983416
6900        0.184417910448
6901        0.0220613598673
6902        0.121257048093
6903        0.0434527363184
6904        0.0669419568823
6905        0.165374792703
6906        0.0753714759536
6912        0.0787247097844
6913        0.069583747927
6916        0.0713300165837
6922        0.0836102819237
6924        0.0567213930348
6925        0.127870646766
6931        0.0756351575456
6932        0.153424543947
6933        0.0682669983416
6936        0.0720431177446
6938        0.187671641791
6939        0.225665008292
6941        0.122265339967
6942        0.100029850746
6944        0.158928689884
6946        0.0713897180763
6947        0.139122719735
6948        0.0832388059701
6949        0.123140961857
6950        0.0797064676617
6954        0.0771940298507
6955        0.193497512438
6957        0.0428573797678
6967        0.141252072968
6969        0.134671641791
6971        0.0789270315091
6973        0.177819237148
6975        0.0723963515755
6979        0.060464344942
6981        0.122081260365
6983        0.131777777778
6984        0.0669220563847
6986        0.103227197347
6989        0.130966832504
6990        0.0589552238806
6991        0.0722935323383
6992        0.134116086235
6993        0.222112769486
6994        0.0783615257048
6995        0.077008291874
6996        0.0740232172471
6997        0.103036484245
6998        0.0669933665008
7003        0.0402935323383
7006        0.0501326699834
7014        0.0719452736318
7015        0.158137645108
7016        0.110167495854
7017        0.177155887231
7018        0.238154228856
7019        0.205943615257
7020        0.0239137645108
7021        0.0852039800995
7022        0.0890348258706
7023        0.195555555556
7026        0.119094527363
7029        0.0865688225539
7033        0.0680016583748
7035        0.141862354892
7037        0.147776119403
7038        0.0220414593698
7040        0.107247097844
7041        0.0911973466003
7042        0.0636683250415
7043        0.0788573797678
7044        0.0663349917081
7046        0.0680845771144
7047        0.0848855721393
7050        0.0156169154229
7051        0.113036484245
7052        0.0667048092869
7053        0.0792072968491
7054        0.083048092869
7055        0.0824859038143
7057        0.126822553897
7058        0.138248756219
7061        0.0785489220564
7062        0.0746334991708
7064        0.0677064676617
7065        0.193122719735
7066        0.106696517413
7068        0.123941956882
7070        0.131595356551
7071        0.0860812603648
7078        0.168411276949
7079        0.122407960199
7080        0.0386334991708
7087        0.0254510779436
7089        0.0818142620232
7091        0.0538109452736
7092        0.141784411277
7095        0.112071310116
7096        0.115577114428
7098        0.130230514096
7101        0.0759883913765
7105        0.136873963516
7106        0.114288557214
7107        0.080223880597
7113        0.139845771144
7115        0.187514096186
7120        0.0466500829187
7122        0.0807661691542
7124        0.0744759535655
7125        0.0409618573798
7127        0.135505804312
7128        0.0621807628524
7132        0.0647313432836
7133        0.14
7137        0.0603515754561
7138        0.0786185737977
7139        0.150155887231
7140        0.151683250415
7143        0.0661608623549
7144        0.134854063018
7147        0.126031509121
7148        0.129590381426
7151        0.136706467662
7152        0.12495854063
7153        0.0708225538972
7157        0.0811592039801
7160        0.117160862355
7163        0.0619502487562
7168        0.121998341625
7169        0.139991708126
7170        0.208731343284
7174        0.106532338308
7176        0.145281923715
7177        0.0723499170813
7178        0.0756417910448
7179        0.129140961857
7180        0.131855721393
7181        0.132709784411
7183        0.0699303482587
7188        0.0911127694859
7189        0.153194029851
7192        0.0702006633499
7193        0.0569502487562
7194        0.1218026534
7195        0.0342703150912
7199        0.085096185738
7200        0.0649668325041
7201        0.18707960199
7203        0.124829187396
7206        0.125746268657
7207        0.101182421227
7208        0.0605157545605
7212        0.0680547263682
7217        0.0937927031509
7219        0.173069651741
7220        0.0905472636816
7222        0.0684726368159
7223        0.144935323383
7224        0.150058043118
7226        0.1252039801
7227        0.136310116086
7228        0.119026533997
7229        0.132474295191
7234        0.0623731343284
7235        0.109469320066
7239        0.0847661691542
7250        0.143855721393
7252        0.0607479270315
7253        0.0816368159204
7254        0.146391376451
7255        0.0772686567164
7256        0.061320066335
7257        0.0598855721393
7258        0.180339966833
7260        0.167227197347
7261        0.0665107794362
7263        0.116613598673
7264        0.066855721393
7265        0.0898358208955
7267        0.0882354892206
7268        0.110847429519
7269        0.119864013267
7271        0.0939353233831
7275        0.0978391376451
7276        0.0863150912106
7277        0.034583747927
7279        0.0812338308458
7281        0.0883399668325
7282        0.117532338308
7283        0.13208291874
7284        0.129567164179
7288        0.0836749585406
7289        0.0677694859038
7290        0.0949087893864
7291        0.0761393034826
7292        0.0909535655058
7293        0.0599983416252
7294        0.0746102819237
7296        0.136386401327
7298        0.0616749585406
7300        0.131553897181
7301        0.0314842454395
7303        0.202562189055
7304        0.0605422885572
7306        0.00506633499171
7307        0.0409867330017
7308        0.082008291874
7312        0.0695588723051
7313        0.02064013267
7314        0.131817578773
7315        0.090767827529
7317        0.0660762852405
7318        0.073688225539
7319        0.0760215588723
7321        0.110746268657
7322        0.0923515754561
7323        0.0883349917081
7325        0.0647081260365
7326        0.0156616915423
7332        0.0925887230514
7333        0.0863499170813
7334        0.0863515754561
7336        0.0815787728027
7337        0.12167827529
7338        0.150139303483
7340        0.0559983416252
7341        0.132051409619
7342        0.0772122719735
7343        0.15107960199
7344        0.0724593698176
7345        0.0728092868988
7346        0.0204228855721
7349        0.0696484245439
7351        0.0343864013267
7353        0.0756998341625
7354        0.191766169154
7358        0.112839137645
7359        0.104326699834
7360        0.0877562189055
7361        0.0869452736318
7362        0.10028358209
7363        0.101791044776
7365        0.108777777778
7366        0.0732089552239
7367        0.0794742951907
7368        0.0697031509121
7369        0.125655058043
7370        0.0174892205638
7372        0.128140961857
7374        0.20543946932
7377        0.0884212271973
7382        0.0854112769486
7385        0.171116086235
7386        0.123325041459
7391        0.0758689883914
7393        0.0292918739635
7396        0.0467777777778
7397        0.0408126036484
7398        0.0481724709784
7410        0.0700746268657
7414        0.0657529021559
7416        0.0419784411277
7417        0.0748739635158
7420        0.0759635157546
7424        0.103509121061
7425        0.0776733001658
7426        0.130263681592
7427        0.0839668325041
7430        0.138427860697
7431        0.07107960199
7432        0.0884427860697
7433        0.0741293532338
7434        0.109189054726
7435        0.0541210613599
7438        0.102339966833
7439        0.108313432836
7441        0.0680265339967
7442        0.133711442786
7443        0.0190016583748
7445        0.074
7452        0.15135986733
7459        0.0709502487562
7460        0.0575422885572
7462        0.072223880597
7466        0.0924610281924
7470        0.134107794362
7473        0.152953565506
7474        0.182421227197
7475        0.0578839137645
7476        0.0282520729685
7477        0.0623532338308
7479        0.114296849088
7480        0.0833615257048
7482        0.0952288557214
7483        0.0865223880597
7485        0.0484046434494
7486        0.0598275290216
7489        0.0643233830846
7490        0.0951393034826
7491        0.083688225539
7496        0.0438275290216
7497        0.0603250414594
7498        0.0223532338308
7499        0.0517081260365
7500        0.166326699834
7501        0.183222222222
7502        0.119016583748
7503        0.0909237147595
7506        0.0559452736318
7511        0.106286898839
7512        0.111467661692
7514        0.0386533996683
7515        0.114540630182
7518        0.121437810945
7521        0.0762504145937
7525        0.0938391376451
7527        0.0757263681592
7544        0.0894527363184
7545        0.0684809286899
7556        0.0578258706468
7557        0.0876202321725
7558        0.0732935323383
7559        0.0850447761194
7561        0.0544378109453
7562        0.0339800995025
7563        0.033815920398
7564        0.0129751243781
7565        0.0791343283582
7567        0.0562388059701
7569        0.0437213930348
7570        0.0452653399668
7571        0.0346600331675
7572        0.0447794361526
7573        0.034464344942
7574        0.0281475953566
7577        0.0344527363184
7578        0.0561160862355
7579        0.0284626865672
7580        0.0193499170813
7581        0.0393217247098
7582        0.0513399668325
7585        0.0612951907131
7586        0.0656699834163
7589        0.0729966832504
7590        0.139951907131
7594        0.20267827529
7604        0.0250845771144
7605        0.0608971807629
7613        0.0376102819237
7616        0.108383084577
7621        0.0329104477612
7631        0.0270215588723
7632        0.0470663349917
7633        0.101575456053
7637        0.0328971807629
7644        0.0450364842454
7646        0.0635555555556
7687        0.0789137645108
7724        0.119711442786
7725        0.161426202322
7726        0.0814394693201
7731        0.130650082919
7734        0.112469320066
7736        0.0646169154229
7737        0.142665008292
7739        0.0774013266998
7742        0.134784411277
7748        0.156344941957
7750        0.0777512437811
7751        0.0632421227197
7754        0.134414593698
7756        0.124948590381
7757        0.110839137645
7760        0.120472636816
7765        0.0709784411277
7767        0.13204145937
7769        0.130034825871
7770        0.220144278607
7772        0.130877280265
7775        0.0699950248756
7776        0.068736318408
7777        0.0874461028192
7778        0.146983416252
7781        0.0470613598673
7782        0.0864593698176
7784        0.0837429519071
7785        0.0838524046434
7786        0.0587529021559
7787        0.0562106135987
7788        0.108860696517
7790        0.0713184079602
7792        0.11203814262
7795        0.0638706467662
7800        0.110749585406
7806        0.0961741293532
7810        0.0711542288557
7811        0.0745472636816
7814        0.0841210613599
7816        0.0560431177446
7820        0.164154228856
7823        0.118462686567
7825        0.065056384743
7829        0.0508192371476
7832        0.128585406302
7833        0.0985472636816
7835        0.06928026534
7836        0.140620232172
7837        0.0865422885572
7838        0.081232172471
7839        0.129665008292
7849        0.117646766169
7850        0.0711873963516
7851        0.139466003317
7855        0.0591243781095
7856        0.105550580431
7859        0.155386401327
7862        0.105713101161
7864        0.0264361525705
7865        0.022271973466
7868        0.0937396351575
7873        0.0495671641791
7876        0.142124378109
7877        0.0861243781095
7878        0.0462985074627
7881        0.148378109453
7882        0.0835787728027
7884        0.132570480929
7886        0.137334991708
7888        0.0924809286899
7891        0.146932006633
7892        0.120517412935
7893        0.137628524046
7894        0.13188225539
7895        0.114258706468
7900        0.0751724709784
7902        0.0606218905473
7903        0.070416252073
7908        0.0527910447761
7910        0.0366932006633
7913        0.1397960199
7914        0.0762089552239
7915        0.0957810945274
7918        0.0821111111111
7920        0.078776119403
7922        0.230499170813
7923        0.0725472636816
7927        0.0847031509121
7928        0.0859336650083
7929        0.14335655058
7933        0.0683366500829
7934        0.0436749585406
7938        0.125150912106
7941        0.142494195688
7943        0.0637877280265
7946        0.0815572139303
7949        0.130376451078
7951        0.0569950248756
7954        0.086144278607
7958        0.10100331675
7959        0.0749203980099
7960        0.164512437811
7962        0.0544875621891
7964        0.0786384742952
7965        0.0386583747927
7966        0.126099502488
7973        0.0556451077944
7976        0.0420630182421
7977        0.145288557214
7979        0.0760497512438
7981        0.0774693200663
7982        0.115658374793
7984        0.0720165837479
7985        0.0797960199005
7992        0.0413930348259
7993        0.0787661691542
7996        0.0374809286899
7997        0.0728772802653
8000        0.0717081260365
8001        0.203248756219
8005        0.142529021559
8007        0.0395406301824
8008        0.0812603648425
8009        0.113897180763
8010        0.0759336650083
8011        0.0794776119403
8012        0.137635157546
8013        0.0838092868988
8015        0.122225538972
8016        0.0759203980099
8017        0.075688225539
8018        0.064807628524
8021        0.132524046434
8022        0.125194029851
8023        0.0893217247098
8024        0.00678606965174
8028        0.149966832504
8036        0.0589701492537
8037        0.0878606965174
8038        0.0848706467662
8039        0.129746268657
8041        0.0707114427861
8043        0.225424543947
8046        0.0811973466003
8048        0.133202321725
8051        0.050728026534
8052        0.134285240464
8056        0.0740862354892
8057        0.073087893864
8058        0.131250414594
8059        0.0945588723051
8060        0.0617097844113
8061        0.144766169154
8062        0.154437810945
8063        0.153527363184
8066        0.0605323383085
8068        0.159459369818
8069        0.0556334991708
8070        0.0864908789386
8077        0.149109452736
8078        0.0798971807629
8079        0.156805970149
8080        0.112262023217
8081        0.150578772803
8082        0.0736268656716
8083        0.0693830845771
8085        0.127830845771
8087        0.086495854063
8088        0.0792852404643
8090        0.10927694859
8091        0.127960199005
8093        0.0572520729685
8094        0.0326417910448
8095        0.119175787728
8097        0.141354892206
8098        0.0743416252073
8100        0.0795870646766
8101        0.0791194029851
8105        0.0864328358209
8111        0.0680215588723
8114        0.0806152570481
8115        0.0761077943615
8117        0.0799767827529
8118        0.123862354892
8119        0.0765223880597
8120        0.139184079602
8121        0.069736318408
8123        0.0786915422886
8125        0.0957247097844
8130        0.072368159204
8133        0.134577114428
8134        0.111538971808
8135        0.0542172470978
8137        0.138660033167
8138        0.134109452736
8140        0.0422819237148
8142        0.0497777777778
8143        0.150366500829
8145        0.0191592039801
8146        0.14303814262
8148        0.0204461028192
8151        0.0281608623549
8152        0.0765174129353
8153        0.0906633499171
8154        0.0534825870647
8156        0.139187396352
6821        0.146907131012
8160        0.00519734660033
8161        0.149461028192
8166        0.134172470978
8168        0.110578772803
8169        0.0389883913765
8170        0.132898839138
8174        0.0955505804312
8175        0.0939867330017
8179        0.0793366500829
8180        0.131553897181
8185        0.0700812603648
8187        0.0435190713101
8188        0.133092868988
