8192        0.000422885572139
1        0.171384742952
8194        0.00478772802653
3        0.0332835820896
8196        0.0349651741294
6        0.0323747927032
7        0.0435290215589
8200        0.00386733001658
9        0.00388391376451
13        0.0273432835821
8206        0.00290049751244
8207        0.00385074626866
16        0.0236019900498
17        0.0427147595357
8210        0.0587446102819
8195        0.0162868988391
8212        0.00291708126036
8213        0.0204411276949
22        0.0245936981758
5465        0.0230696517413
8216        0.010864013267
25        0.0109253731343
26        0.0106169154229
27        0.0312686567164
8220        0.056855721393
8221        0.0198822553897
31        0.0081592039801
32        0.0305124378109
33        0.0994676616915
34        0.0384444444444
35        0.00303150912106
8228        0.0431807628524
8198        0.0483001658375
38        0.0390978441128
8231        0.00901326699834
8232        0.00310447761194
41        0.0289701492537
43        0.0342487562189
45        0.0183383084577
46        0.0518175787728
8239        0.00567661691542
48        0.0432205638474
49        0.0275655058043
50        0.0236533996683
8243        0.0238524046434
52        0.0294975124378
8245        0.0328789386401
8246        0.0056583747927
55        0.000389718076285
8248        0.0233747927032
8249        0.000384742951907
8250        0.0300364842454
8251        0.0259585406302
8253        0.00137645107794
8255        0.0160199004975
8257        0.0108756218905
8258        0.00481094527363
8259        0.04892039801
68        0.0221774461028
70        0.0356915422886
71        0.0876849087894
72        0.0112023217247
73        0.0124096185738
74        0.00721393034826
8267        0.00808291873964
77        0.0459485903814
8270        0.00301824212272
8205        0.0294776119403
80        0.00474295190713
81        0.0622039800995
8274        0.00560530679934
83        0.0337611940299
8277        0.0391890547264
8278        0.0012504145937
87        0.00843781094527
88        0.039807628524
90        0.0761907131012
8284        0.0340829187396
93        0.0541658374793
97        0.0622454394693
8291        0.000461028192371
8292        0.00466169154229
8293        0.00127529021559
8294        0.00384908789386
103        0.0216583747927
8296        0.0207330016584
8297        0.0273714759536
8298        0.025407960199
8299        0.00906965174129
8300        0.0115754560531
109        0.0545555555556
111        0.0276019900498
8304        0.00711940298507
114        0.0609386401327
8307        0.0211094527363
8309        0.0332354892206
8310        0.0176500829187
8312        0.0172172470978
8313        0.00970149253731
8314        0.0115970149254
125        0.03128026534
127        0.0369817578773
8321        0.00625207296849
131        0.0467048092869
132        0.028127694859
8327        0.0252155887231
8328        0.00213930348259
137        0.0238474295191
8330        0.00463847429519
8331        0.00639966832504
140        0.0400348258706
8333        0.0151492537313
8334        0.00294029850746
144        0.0413432835821
145        0.0498805970149
146        0.00120895522388
8339        0.0467396351575
8340        0.00200497512438
8342        0.0403930348259
8217        0.00561691542289
8346        0.0143714759536
8347        0.0201492537313
157        0.0424626865672
159        0.00635157545605
160        0.0202703150912
8354        0.0274908789386
163        0.0237512437811
8358        0.00723383084577
8359        0.0165771144279
8361        0.0149485903814
8362        0.0173101160862
8363        0.00388225538972
174        0.167296849088
175        0.023815920398
8368        0.00885903814262
8370        0.00124378109453
8371        0.0115389718076
8374        0.00640132669983
8375        0.00915754560531
8376        0.0268507462687
8379        0.0295986733002
8382        0.005592039801
8383        0.0228540630182
8385        0.029583747927
194        0.036688225539
195        0.0257147595357
196        0.0326368159204
8390        0.0472968490879
199        0.0354013266998
8392        0.0414195688226
8394        0.0235970149254
8395        0.00746434494196
204        0.00802487562189
8397        0.021407960199
8398        0.000515754560531
8399        0.0297827529022
209        0.011552238806
210        0.0239933665008
8227        0.00638308457711
8405        0.00722222222222
8406        0.00899336650083
8407        0.00648756218905
8408        0.0123349917081
217        0.00651907131012
8410        0.0030679933665
8411        0.00135489220564
8412        0.0225422885572
8413        0.0255058043118
8229        0.00921724709784
224        0.0162271973466
225        0.0324427860697
226        0.0619419568823
8419        0.00727694859038
8422        0.00653731343284
8423        0.00831011608624
8424        0.00303150912106
8425        0.00998673300166
234        0.00303316749585
237        0.0404792703151
239        0.00201326699834
8433        0.0222354892206
8434        0.0245058043118
8440        0.00727529021559
8441        0.00542786069652
8442        0.00735157545605
8445        0.0265704809287
8447        0.0417147595357
8448        0.00823217247098
8450        0.00915422885572
8451        0.0254245439469
8452        0.00801990049751
8454        0.0187694859038
8455        0.0165124378109
8456        0.00205472636816
8457        0.0158175787728
266        0.0248822553897
268        0.0260713101161
270        0.0284344941957
271        0.00737313432836
8464        0.000406301824212
8465        0.0241575456053
8468        0.0134262023217
8469        0.00655721393035
278        0.0352056384743
8472        0.0109253731343
8475        0.000537313432836
8476        0.0107877280265
286        0.171099502488
288        0.0257462686567
8240        0.00543449419569
290        0.0231393034826
291        0.0199386401327
292        0.028008291874
293        0.134295190713
8487        0.0138872305141
297        0.151260364842
299        0.00741956882255
8496        0.0012736318408
8498        0.00672470978441
8499        0.00392371475954
8506        0.00130016583748
8510        0.00222885572139
8511        0.00382752902156
8512        0.00482421227197
8513        0.00809950248756
8515        0.00482918739635
8516        0.0157645107794
8517        0.0411227197347
8528        0.0361077943615
376        0.000389718076285
377        0.0275572139303
378        0.000449419568823
400        0.0238192371476
8260        0.0011807628524
419        0.00150912106136
8262        0.0381625207297
423        0.0132255389718
8263        0.0140165837479
8264        0.00930016583748
8265        0.0163946932007
450        0.0132852404643
454        0.00352736318408
456        0.0117048092869
8269        0.0295704809287
466        0.00973134328358
8199        0.0226351575456
8271        0.0207114427861
8272        0.0519336650083
8273        0.0225605306799
488        0.00617744610282
489        0.00857545605307
8275        0.00302985074627
509        0.00802985074627
513        0.0337545605307
517        0.0828971807629
8280        0.0187330016584
8201        0.00477114427861
544        0.00128358208955
549        0.0115091210614
552        0.0081127694859
555        0.0260298507463
557        0.054184079602
559        0.0110762852405
561        0.0256467661692
565        0.00141625207297
568        0.129507462687
577        0.0509751243781
591        0.00808789386401
600        0.0363963515755
611        0.00036815920398
613        0.0507893864013
8295        0.00300497512438
625        0.0224063018242
636        0.00499668325041
655        0.0107943615257
8303        0.0193814262023
668        0.134422885572
679        0.0102023217247
681        0.00897844112769
683        0.0529618573798
684        0.006407960199
685        0.0989900497512
686        0.00304311774461
687        0.0185688225539
689        0.027679933665
691        0.00944444444444
693        0.0180514096186
701        0.172205638474
702        0.147364842454
703        0.0761724709784
705        0.0271227197347
714        0.0522570480929
715        0.0597396351575
719        0.0195688225539
721        0.0204278606965
724        0.0236301824212
8208        0.0126533996683
744        0.0107064676617
745        0.0240099502488
8317        0.017552238806
760        0.00565339966833
762        0.00908291873964
763        0.0250895522388
764        0.0185936981758
766        0.0238524046434
6388        0.0407810945274
8209        0.00566169154229
786        0.0935058043118
789        0.00442620232172
790        0.0254577114428
800        0.00448424543947
802        0.000407960199005
803        0.00994693200663
808        0.00214925373134
812        0.0247562189055
813        0.00641459369818
814        0.0365986733002
815        0.0175870646766
816        0.0406998341625
817        0.00564179104478
826        0.00305638474295
831        0.013399668325
8211        0.0085903814262
834        0.00575621890547
838        0.00891210613599
839        0.00832338308458
852        0.0219187396352
854        0.00557711442786
855        0.0124228855721
8336        0.000470978441128
8485        0.000535655058043
8349        0.00212437810945
8215        0.01507960199
8352        0.0238938640133
8355        0.041447761194
8218        0.0650298507463
8366        0.0295240464345
1103        0.0694709784411
1104        0.00985406301824
1113        0.00480762852405
1114        0.00563515754561
1117        0.00653399668325
1119        0.00138971807629
1129        0.0202338308458
1133        0.0232620232172
1136        0.0416152570481
1137        0.00826699834163
1138        0.0328839137645
1140        0.029263681592
8386        0.00718407960199
8387        0.00457711442786
8223        0.00846102819237
8391        0.00804311774461
1198        0.0326252072968
1200        0.0286500829187
1201        0.00307794361526
1205        0.00566666666667
1206        0.00387396351575
1213        0.0594825870647
1220        0.0420298507463
1221        0.0638374792703
8224        0.0365406301824
1224        0.0133698175788
1225        0.0835621890547
1226        0.0236334991708
1227        0.00213101160862
1236        0.0418126036484
1237        0.0535190713101
1238        0.0289950248756
1239        0.171611940299
1241        0.0477976782753
1248        0.00300829187396
1251        0.0180215588723
8225        0.0136135986733
1254        0.0267147595357
1257        0.0789021558872
8402        0.0120613598673
1263        0.022184079602
1267        0.0505074626866
1270        0.06692039801
1273        0.0944112769486
1275        0.0342686567164
1276        0.0269502487562
1280        0.148109452736
8226        0.0296451077944
1290        0.0968739635158
1292        0.00625704809287
1299        0.114033167496
8409        0.000421227197347
1312        0.0123963515755
1321        0.0312786069652
1322        0.022416252073
1323        0.0744112769486
1324        0.0287081260365
1325        0.0448407960199
1326        0.0310845771144
1327        0.0335787728027
1328        0.0239585406302
1329        0.0198507462687
1330        0.0198673300166
1331        0.0213449419569
1332        0.0318358208955
1333        0.0193233830846
1334        0.0374228855721
1335        0.0320597014925
1341        0.022127694859
1342        0.0131426202322
1347        0.0202786069652
8417        0.00477777777778
10686        0.0228109452736
8431        0.00833333333333
1461        0.00566832504146
1556        0.00448424543947
1559        0.00462189054726
1562        0.0108457711443
1564        0.00914759535655
1565        0.00875124378109
1568        0.00808789386401
1569        0.0091144278607
1570        0.00789220563847
1573        0.00142786069652
1589        0.00664013266998
1591        0.00736981757877
1601        0.00484577114428
8460        0.00641127694859
8237        0.0189568822554
8463        0.0141525704809
1653        0.0589253731343
1657        0.00308789386401
1659        0.0185140961857
1660        0.00668988391376
1661        0.0250298507463
1662        0.0136965174129
1664        0.0236699834163
1667        0.0373797678275
1668        0.0309535655058
8470        0.0162056384743
1670        0.020688225539
1672        0.0236650082919
1673        0.141545605307
1674        0.0113150912106
1675        0.0367247097844
1677        0.0216948590381
1678        0.002135986733
1679        0.0038192371476
1680        0.043263681592
1681        0.014991708126
1682        0.0270414593698
1683        0.0203266998342
1686        0.017872305141
1687        0.0125406301824
1689        0.00221061359867
1691        0.0433084577114
1693        0.0228009950249
1694        0.0200729684909
1695        0.028416252073
1697        0.00116417910448
1698        0.00285240464345
1706        0.0253565505804
1717        0.00825704809287
1732        0.0229452736318
1739        0.00584742951907
1740        0.172389718076
1741        0.0232752902156
1742        0.00563018242123
1744        0.0284328358209
1746        0.120369817579
1747        0.0063631840796
1749        0.0233814262023
1754        0.00810779436153
1755        0.166655058043
1757        0.00477777777778
1759        0.0977595356551
1760        0.0540199004975
1761        0.0191293532338
1767        0.047320066335
1776        0.0133466003317
1778        0.0194112769486
8489        0.0162189054726
1784        0.0399386401327
1785        0.0563018242123
1789        0.0290829187396
1797        0.0221824212272
1798        0.035535655058
1800        0.146902155887
1808        0.0252222222222
1830        0.0351807628524
1831        0.0074991708126
1833        0.0602603648425
1835        0.0120281923715
1836        0.0278391376451
1839        0.0189751243781
1840        0.00130016583748
1842        0.0404145936982
1849        0.158243781095
1850        0.0356218905473
1852        0.041263681592
1853        0.0328706467662
1879        0.0478490878939
1880        0.031447761194
1882        0.00561525704809
1883        0.00204145936982
1887        0.0716633499171
1888        0.0177943615257
1890        0.0866434494196
1891        0.0273067993367
1897        0.0277031509121
1899        0.0157860696517
1901        0.0297147595357
1902        0.0227164179104
1906        0.0239651741294
1908        0.0278291873964
1909        0.0080232172471
1913        0.054464344942
1914        0.0217446102819
1916        0.0264593698176
1922        0.00293366500829
1930        0.0623847429519
1932        0.0290182421227
1955        0.0113001658375
1957        0.018223880597
1967        0.0569535655058
1970        0.00712437810945
1975        0.014815920398
1978        0.0123714759536
1982        0.0668457711443
1984        0.0091592039801
1986        0.0104660033167
1991        0.0116252072968
1998        0.00967993366501
2003        0.0228872305141
2007        0.0235273631841
2008        0.0119419568823
2011        0.0312537313433
2012        0.00218407960199
2015        0.03864013267
2018        0.00124543946932
2019        0.00303482587065
2024        0.0401343283582
2027        0.00979270315091
2028        0.0327396351575
2033        0.0283747927032
2036        0.00379767827529
2041        0.150936981758
2042        0.0551674958541
2044        0.0569303482587
10240        0.0417495854063
10241        0.025728026534
10243        0.00217412935323
2052        0.0142271973466
2056        0.0239502487562
10249        0.0452752902156
10250        0.0304195688226
10252        0.0511608623549
10256        0.0390364842454
10257        0.017416252073
10258        0.0369817578773
10259        0.0220995024876
10260        0.0238325041459
10261        0.00899170812604
10263        0.0460414593698
10264        0.00966998341625
10265        0.035144278607
10266        0.0507993366501
10267        0.0350232172471
10268        0.0320729684909
10269        0.0215306799337
10270        0.00908291873964
10271        0.0259684908789
10275        0.0280066334992
10278        0.0355572139303
10279        0.00478109452736
10289        0.0184013266998
10292        0.0286583747927
10295        0.0307628524046
10297        0.0835555555556
2107        0.00570978441128
2108        0.0246185737977
2109        0.00475953565506
10302        0.0520663349917
10303        0.066807628524
10304        0.0433797678275
10305        0.0415820895522
10306        0.00559701492537
2116        0.0371028192371
2117        0.0215887230514
2118        0.049135986733
10311        0.0404361525705
2120        0.00922388059701
10314        0.0329966832504
10316        0.0254112769486
10317        0.0474328358209
10318        0.0021592039801
10319        0.0448888888889
2128        0.00201326699834
10322        0.00294029850746
2131        0.00209784411277
10325        0.0236368159204
10326        0.0615572139303
2135        0.0122437810945
10330        0.0395207296849
10331        0.00373466003317
2140        0.0245754560531
10333        0.030311774461
10334        0.0460049751244
10335        0.00542951907131
10337        0.0673449419569
2146        0.0172106135987
10339        0.0276948590381
2148        0.00130845771144
2150        0.0575903814262
10345        0.0364626865672
10347        0.0407131011609
10348        0.014679933665
10349        0.00471475953566
10352        0.0133946932007
10354        0.0177114427861
10355        0.0518805970149
10357        0.0074096185738
10358        0.0522620232172
10359        0.052872305141
10361        0.0453648424544
10363        0.0224046434494
10366        0.0287180762852
10367        0.0249933665008
10368        0.0388308457711
10377        0.0222039800995
10380        0.0227164179104
10382        0.0290862354892
10383        0.0346019900498
10384        0.0358673300166
10385        0.0072504145937
10387        0.0495323383085
10389        0.0277014925373
10390        0.0263980099502
10392        0.0303797678275
10393        0.0176169154229
10395        0.039368159204
10396        0.0406815920398
10397        0.0405290215589
10399        0.0476699834163
10400        0.0109651741294
10409        0.0421509121061
10412        0.00610447761194
10413        0.0367263681592
10414        0.0421658374793
10416        0.0483051409619
10417        0.00295024875622
10419        0.021504145937
10422        0.027175787728
10424        0.048679933665
10430        0.0322039800995
10431        0.0248540630182
10435        0.0363167495854
10436        0.00484411276949
10440        0.0551326699834
10442        0.0254129353234
10444        0.0481061359867
10447        0.0339303482587
10448        0.00122388059701
10450        0.0290779436153
10454        0.0101409618574
10460        0.0259386401327
10465        0.0409618573798
10466        0.00293034825871
10467        0.0214378109453
10468        0.0301194029851
2277        0.0190762852405
10471        0.0466484245439
10473        0.0441674958541
10475        0.0244759535655
10477        0.0344742951907
10478        0.0172786069652
10479        0.00730182421227
10481        0.00900331674959
10482        0.00392703150912
10484        0.0318573797678
10485        0.0218524046434
10487        0.0131127694859
10496        0.0193184079602
10501        0.00742786069652
10504        0.0207877280265
10505        0.00459701492537
10507        0.0231393034826
10512        0.0426484245439
10513        0.049175787728
10514        0.00459701492537
10515        0.0219270315091
10516        0.0397064676617
10518        0.0287927031509
10519        0.0136517412935
10520        0.0101061359867
10533        0.00814593698176
10534        0.0436451077944
10535        0.0481956882255
10536        0.0326417910448
10537        0.0449237147595
10545        0.00723548922056
10549        0.0275621890547
10552        0.032535655058
10553        0.0551608623549
10559        0.0542288557214
10561        0.0320696517413
10562        0.0293648424544
10563        0.0288407960199
10570        0.00646600331675
2379        0.0261525704809
2380        0.01264013267
2381        0.022056384743
10577        0.0354427860697
10581        0.0256915422886
10584        0.0475389718076
10585        0.00736650082919
10601        0.0112985074627
10603        0.0302338308458
10604        0.0311409618574
10605        0.0105737976783
10606        0.0152288557214
10609        0.022039800995
10614        0.0336766169154
10621        0.0343913764511
10622        0.031039800995
10633        0.0491111111111
10636        0.0181227197347
10641        0.0532354892206
10665        0.0519684908789
10671        0.00910447761194
10672        0.0520298507463
10673        0.0310298507463
10680        0.0226069651741
2490        0.0124295190713
2493        0.0596981757877
2494        0.00124875621891
2495        0.00968490878939
2497        0.171482587065
2498        0.0278026533997
2500        0.0881774461028
2501        0.037815920398
10694        0.0234991708126
2503        0.0234212271973
2504        0.0195621890547
2505        0.0189983416252
2506        0.0244394693201
2508        0.0348192371476
2510        0.0635671641791
2511        0.0522985074627
2512        0.0107877280265
2513        0.0976832504146
2514        0.0626500829187
2515        0.0187628524046
2516        0.135044776119
2517        0.0335721393035
2518        0.0604660033167
2519        0.0456484245439
2520        0.0225605306799
2521        0.0819452736318
2522        0.0124344941957
2523        0.00644776119403
2524        0.0387927031509
2525        0.028328358209
2526        0.0263084577114
2527        0.0448789386401
2528        0.0124212271973
2529        0.111102819237
2532        0.0220995024876
2544        0.00633499170813
2546        0.00393864013267
2547        0.00130016583748
2548        0.171628524046
2549        0.00734825870647
2551        0.146177446103
2553        0.00986235489221
2554        0.0634494195688
2561        0.0234063018242
2563        0.026456053068
2568        0.0264245439469
2571        0.0456218905473
2572        0.0273499170813
2573        0.00550248756219
64600        0.0233300165837
2578        0.0342935323383
2581        0.0244195688226
64601        0.0259320066335
2587        0.00293532338308
2588        0.0127595356551
2592        0.0303897180763
2593        0.00481260364842
2598        0.00738474295191
2602        0.00655389718076
2603        0.0864461028192
2605        0.00394859038143
2607        0.023311774461
2609        0.0179817578773
2610        0.0173548922056
2611        0.0495538971808
2614        0.0108341625207
2629        0.00724543946932
2631        0.00905638474295
2632        0.00392703150912
2637        0.0331641791045
2638        0.00219237147595
2640        0.0325538971808
2643        0.000424543946932
2647        0.0352918739635
2648        0.0462089552239
2651        0.00134328358209
2652        0.010271973466
2653        0.0058407960199
2654        0.0100679933665
2655        0.00132172470978
2659        0.00122885572139
2683        0.00923714759536
2685        0.137210613599
2686        0.0669087893864
2687        0.0452587064677
2688        0.0114212271973
2697        0.0256650082919
2698        0.00949253731343
2702        0.0269684908789
2704        0.00994859038143
2706        0.0329187396352
2707        0.0227744610282
2711        0.0355422885572
2713        0.0270298507463
2714        0.0202470978441
2715        0.0252537313433
2744        0.00696683250415
2752        0.0107131011609
2764        0.0112205638474
2766        0.0224925373134
2772        0.000393034825871
2819        0.0323233830846
2820        0.0257777777778
2822        0.0217495854063
2828        0.130344941957
2831        0.00121227197347
2832        0.00898839137645
2833        0.000393034825871
2834        0.0064543946932
2836        0.00816417910448
2837        0.00124543946932
2840        0.0114295190713
2841        0.0047960199005
2843        0.0123847429519
2845        0.00123051409619
2847        0.0153930348259
2848        0.00943449419569
2852        0.028087893864
2853        0.0238325041459
2854        0.050048092869
2855        0.0269220563847
2856        0.0980447761194
2860        0.018087893864
2861        0.0148673300166
2865        0.00209618573798
2871        0.070592039801
2874        0.07307960199
2875        0.00725704809287
2876        0.0221194029851
2895        0.0201475953566
2899        0.0504195688226
2900        0.0692205638474
2901        0.0256301824212
2902        0.0288706467662
2905        0.0467346600332
2907        0.083328358209
2911        0.0390696517413
2914        0.172404643449
2915        0.0729867330017
2917        0.0779485903814
2918        0.0640364842454
2933        0.0767081260365
2941        0.0300315091211
2966        0.0245074626866
3053        0.00551907131012
8285        0.00375456053068
3056        0.0294776119403
3058        0.00546600331675
3064        0.0379386401327
3066        0.0191227197347
3079        0.0254991708126
3080        0.0337694859038
3081        0.0280116086235
3104        0.048736318408
3110        0.0430497512438
3111        0.0473432835821
3112        0.00201492537313
3113        0.0235671641791
3128        0.00482255389718
3130        0.0322669983416
3132        0.0544195688226
3134        0.0164626865672
3136        0.00490713101161
3142        0.00478275290216
3144        0.016464344942
3148        0.00380762852405
3149        0.0303913764511
3150        0.0387562189055
3152        0.0216368159204
3208        0.0239950248756
3215        0.068736318408
3216        0.0352122719735
3218        0.0301641791045
3219        0.000475953565506
3220        0.0459784411277
3221        0.00462852404643
3225        0.0253814262023
3227        0.00715422885572
3228        0.0532868988391
3230        0.000393034825871
3233        0.0246268656716
3235        0.00540464344942
3238        0.0125953565506
3239        0.00470812603648
3240        0.00113101160862
3242        0.0213134328358
3243        0.0603316749585
3244        0.0367628524046
3245        0.0278955223881
3246        0.0498374792703
3248        0.0302852404643
3249        0.0169983416252
3251        0.0107661691542
3252        0.0110597014925
3253        0.00832338308458
3254        0.00937479270315
3255        0.012368159204
3256        0.0246301824212
3257        0.141807628524
3258        0.0125190713101
3259        0.0642553897181
3260        0.0046815920398
3261        0.00832172470978
3262        0.0351243781095
3264        0.0239900497512
3265        0.00833167495854
3267        0.000416252072968
3268        0.0295638474295
3269        0.0119734660033
3273        0.0106666666667
3274        0.0127578772803
3277        0.0144742951907
3278        0.0235373134328
3286        0.0651376451078
3291        0.0393250414594
3292        0.0360364842454
3300        0.121368159204
3301        0.0161094527363
3302        0.0783814262023
3303        0.0761807628524
3304        0.0328424543947
3305        0.0562653399668
3306        0.0256069651741
3307        0.0279320066335
3308        0.0257446102819
3313        0.0137827529022
3314        0.00130514096186
3315        0.0100547263682
3316        0.00689386401327
3319        0.00289552238806
3320        0.132011608624
3323        0.00130182421227
3324        0.0294145936982
3325        0.00473963515755
3327        0.0247330016584
3328        0.0681077943615
3329        0.0259402985075
3330        0.0372288557214
3332        0.00129850746269
3333        0.0836533996683
3334        0.0110613598673
3335        0.000474295190713
3336        0.073135986733
3338        0.00134825870647
3339        0.0111061359867
3340        0.0250165837479
3342        0.0331857379768
3343        0.00535157545605
3344        0.0558922056385
3346        0.001407960199
3350        0.00199004975124
3352        0.0333565505804
3353        0.0259900497512
3354        0.0358739635158
3356        0.136389718076
3358        0.0074543946932
3359        0.00380762852405
3360        0.00310116086235
3361        0.0732006633499
3362        0.022232172471
3363        0.0100281923715
3364        0.00829850746269
3365        0.0482139303483
3366        0.0441409618574
3368        0.039583747927
3378        0.026872305141
3379        0.0411807628524
3380        0.0183399668325
3381        0.00655223880597
3384        0.0828126036484
3386        0.0496948590381
3388        0.00828358208955
3389        0.00226036484245
3390        0.00464510779436
3392        0.0527114427861
3393        0.0352089552239
3394        0.0288358208955
3402        0.0627462686567
3403        0.0252139303483
3404        0.0704693200663
3405        0.0303383084577
3407        0.132502487562
3409        0.00128026533997
3421        0.016679933665
3424        0.00200497512438
3428        0.0353830845771
3429        0.0274427860697
3431        0.0117379767828
3447        0.0550364842454
3448        0.0516301824212
3449        0.00573134328358
3450        0.0403217247098
3451        0.0204759535655
3452        0.0311641791045
3454        0.0319054726368
3458        0.0241243781095
3460        0.00219402985075
3462        0.0292288557214
3463        0.0640646766169
3464        0.0396202321725
3472        0.0013416252073
3479        0.0447014925373
3480        0.0108225538972
3484        0.000407960199005
3488        0.0436451077944
3491        0.154388059701
3492        0.0454013266998
3493        0.0203764510779
3502        0.0517645107794
3505        0.050135986733
3506        0.0245058043118
3508        0.0867744610282
3510        0.0202686567164
3512        0.0263150912106
3513        0.0304096185738
3527        0.0341509121061
8301        0.0297777777778
3541        0.0106218905473
3548        0.00554228855721
3549        0.11631840796
3550        0.0197296849088
3554        0.066263681592
3555        0.0261011608624
3557        0.0684361525705
3559        0.0440646766169
3561        0.171144278607
3563        0.0773880597015
3564        0.0620016583748
3566        0.0296633499171
3567        0.0518142620232
3571        0.0327429519071
3575        0.00951741293532
3576        0.00800165837479
3577        0.00831343283582
3578        0.0328358208955
3581        0.0304228855721
3582        0.0348524046434
3586        0.0158540630182
3588        0.0321061359867
3591        0.0273963515755
3593        0.041311774461
3594        0.0281708126036
3596        0.0067048092869
3597        0.0149452736318
3599        0.025991708126
3602        0.0475306799337
3603        0.00374295190713
3605        0.00490713101161
3608        0.0218109452736
3614        0.0683731343284
3615        0.0084311774461
3616        0.0276285240464
3628        0.0100049751244
3632        0.00696517412935
3640        0.00662686567164
3661        0.00576451077944
3662        0.0293781094527
3663        0.0338308457711
3669        0.0286417910448
3670        0.00544278606965
3671        0.0175737976783
3672        0.00911940298507
3674        0.073767827529
3676        0.0191094527363
3677        0.016223880597
4709        0.0185804311774
3680        0.0307213930348
8306        0.0147893864013
3700        0.0477529021559
3701        0.0443300165837
3703        0.0622686567164
3705        0.030135986733
3708        0.0258059701493
3718        0.0245140961857
3720        0.105648424544
3722        0.0306384742952
3725        0.00122056384743
3727        0.0258772802653
3728        0.0523300165837
6083        0.0091127694859
3733        0.0458291873964
3734        0.0488109452736
3735        0.0452421227197
3737        0.00811774461028
3739        0.0745273631841
3741        0.0236766169154
3742        0.0546650082919
3743        0.0338142620232
3746        0.0243067993367
3748        0.00135986733002
3749        0.0444925373134
3751        0.0554063018242
3753        0.0284394693201
3757        0.00225373134328
3758        0.0564908789386
3761        0.0306981757877
3763        0.0895124378109
3764        0.0326218905473
3766        0.00564510779436
3768        0.0428009950249
3770        0.0272835820896
3776        0.0113532338308
3782        0.00212271973466
3783        0.00116583747927
3784        0.00216749585406
3786        0.0679734660033
3789        0.0606932006633
3790        0.0532985074627
3791        0.046864013267
3796        0.0463731343284
3799        0.0424179104478
3801        0.0455174129353
3803        0.0676965174129
3804        0.00819568822554
3807        0.0194875621891
3812        0.00748590381426
3813        0.00468988391376
3814        0.0236301824212
3815        0.0201907131012
3817        0.0126898839138
3819        0.0123648424544
3820        0.0278490878939
3824        0.0535887230514
3830        0.0202454394693
3831        0.0591409618574
3833        0.046671641791
3836        0.010543946932
3838        0.0516766169154
3839        0.0117429519071
3844        0.0239718076285
3845        0.0287960199005
3846        0.0254096185738
3847        0.17092371476
3850        0.0380315091211
3851        0.0225456053068
3855        0.0318026533997
3856        0.0319320066335
3857        0.0717777777778
3859        0.00881094527363
3861        0.00988391376451
3862        0.00739966832504
3863        0.00744776119403
3864        0.0074543946932
3865        0.00811774461028
3866        0.00531011608624
3867        0.00884908789386
3868        0.00949087893864
3869        0.00987728026534
3870        0.00826699834163
3871        0.00623714759536
3872        0.00745771144279
3873        0.00796019900498
3874        0.00651243781095
3875        0.00606965174129
3876        0.0108938640133
3878        0.00881260364842
3879        0.010368159204
3880        0.0135588723051
3881        0.00881426202322
3882        0.00819237147595
3883        0.00716583747927
3884        0.00713101160862
3885        0.0123101160862
3886        0.00545107794362
3887        0.00954063018242
3888        0.00861525704809
3889        0.0115787728027
3890        0.00538142620232
3891        0.00948092868988
3892        0.0106235489221
3893        0.00989718076285
3894        0.00810447761194
3895        0.00823383084577
3899        0.0204776119403
3900        0.0415754560531
3903        0.00895024875622
3904        0.0259552238806
3905        0.0172653399668
3909        0.0565754560531
3911        0.0313184079602
3912        0.0614543946932
3914        0.122257048093
3915        0.125306799337
3925        0.0381674958541
3931        0.0263814262023
3932        0.11888225539
3937        0.0317512437811
3940        0.0462487562189
3950        0.0225953565506
3951        0.124978441128
3956        0.00118905472637
3957        0.0263001658375
3962        0.0216948590381
3963        0.00836815920398
3964        0.00470149253731
3967        0.141069651741
3970        0.0225737976783
3976        0.0596185737977
3994        0.024824212272
3996        0.0320281923715
3999        0.012688225539
4000        0.160610281924
4001        0.04628026534
4003        0.104779436153
4004        0.0967412935323
4005        0.0852736318408
4006        0.135008291874
4010        0.0287247097844
4015        0.0242520729685
4017        0.0100298507463
4039        0.0459021558872
4040        0.00916915422886
4043        0.0314726368159
4045        0.0262222222222
4052        0.0477396351575
4057        0.0304411276949
4058        0.0498291873964
4060        0.00842454394693
8319        0.0197993366501
2048        0.00300829187396
4109        0.00460862354892
4125        0.00901326699834
4128        0.0318474295191
4129        0.066679933665
4130        0.0037960199005
4133        0.0370298507463
4134        0.0715190713101
4136        0.0682470978441
4137        0.0253051409619
4140        0.0283482587065
4143        0.00480265339967
4148        0.00977943615257
4150        0.0421558872305
4151        0.0308441127695
4158        0.00731011608624
4167        0.0370696517413
4178        0.00479933665008
4181        0.0443018242123
4183        0.109807628524
4184        0.029127694859
4187        0.0265953565506
4193        0.0308441127695
4195        0.0265655058043
4197        0.0326948590381
4198        0.0412072968491
4200        0.163013266998
4201        0.00291376451078
4203        0.0269469320066
4205        0.0298175787728
4208        0.0808905472637
4213        0.0397346600332
4214        0.00737976782753
4215        0.00541956882255
4216        0.00790547263682
4217        0.0111940298507
4219        0.0070464344942
4221        0.00447429519071
4222        0.0351791044776
4223        0.0157777777778
4230        0.05764013267
4231        0.0714344941957
4232        0.0267711442786
4239        0.0242587064677
4243        0.0240613598673
4247        0.0288656716418
4251        0.0121940298507
4252        0.00553565505804
4257        0.0246633499171
4258        0.0588341625207
4259        0.0580746268657
4261        0.0497180762852
4262        0.0212786069652
4269        0.046399668325
4270        0.0204361525705
4271        0.0199850746269
4272        0.0301824212272
4274        0.0318358208955
4277        0.0296932006633
4278        0.039416252073
4279        0.0285953565506
4281        0.0265174129353
4283        0.0274842454395
4284        0.0242985074627
4285        0.0175306799337
4286        0.0271077943615
4292        0.017535655058
4293        0.0240746268657
4306        0.0259767827529
4309        0.0581658374793
4310        0.0269734660033
4314        0.0664941956882
4319        0.0507893864013
4327        0.0422985074627
4352        0.0427346600332
4354        0.047263681592
4355        0.0712504145937
4356        0.0303548922056
4358        0.0465986733002
4359        0.030960199005
4364        0.0480199004975
4366        0.00542454394693
4372        0.0249270315091
4373        0.0473084577114
4374        0.0628689883914
4376        0.0418009950249
4377        0.0274029850746
4387        0.00963847429519
4390        0.0319220563847
4393        0.0256384742952
4433        0.0507213930348
4434        0.00984577114428
4436        0.126174129353
4437        0.0253482587065
4444        0.0288872305141
4452        0.046192371476
4454        0.0273913764511
4456        0.0292388059701
4459        0.0430762852405
4465        0.0265804311774
2110        0.0288059701493
4470        0.00890049751244
4472        0.0376500829187
4475        0.0296484245439
4480        0.00548424543947
4481        0.00699170812604
4482        0.00627031509121
4483        0.00478109452736
4484        0.0117064676617
4485        0.00901326699834
4486        0.00926202321725
4487        0.00346600331675
4488        0.00542122719735
4489        0.00530182421227
4490        0.0114875621891
4492        0.0355555555556
4493        0.00214759535655
4495        0.0342155887231
4496        0.0285588723051
4509        0.0125124378109
4511        0.0623001658375
4513        0.0519320066335
4515        0.0534179104478
4519        0.0241326699834
4521        0.0196500829187
4527        0.0696981757877
4534        0.0782852404643
4535        0.0356517412935
4538        0.0139320066335
4539        0.0280182421227
4540        0.110097844113
4543        0.0361807628524
4544        0.109199004975
4546        0.00484577114428
4550        0.0404063018242
4553        0.0413084577114
4554        0.00971310116086
4565        0.134421227197
4568        0.00995854063018
4573        0.0283001658375
4574        0.0233830845771
4583        0.0497927031509
4587        0.0443366500829
4589        0.079864013267
4592        0.0407512437811
4595        0.00211774461028
4596        0.0683913764511
4599        0.0629104477612
4600        0.0548855721393
4605        0.00833499170813
4608        0.0265273631841
4609        0.0405804311774
4610        0.00913266998342
4611        0.00991542288557
2134        0.0253233830846
4614        0.0159734660033
4616        0.00734494195688
4617        0.00386733001658
4618        0.0237147595357
4619        0.00641791044776
4621        0.0247545605307
4622        0.00555887230514
4623        0.0307296849088
4624        0.00717412935323
4627        0.0239353233831
4628        0.0174726368159
4630        0.00225704809287
4631        0.0167412935323
772        0.00812603648425
4634        0.00644610281924
4637        0.0762189054726
4639        0.00645107794362
4641        0.00934825870647
4642        0.0141194029851
4643        0.0220613598673
4644        0.0117628524046
4645        0.0453482587065
4646        0.00562189054726
4647        0.0105373134328
4648        0.0466832504146
4650        0.0012736318408
4651        0.0406202321725
4652        0.0117147595357
4654        0.0142470978441
4655        0.0133316749585
4656        0.0128225538972
4657        0.00305472636816
4658        0.00912106135987
4660        0.00466998341625
4662        0.0135903814262
4663        0.00311940298507
4665        0.00922885572139
4666        0.0288192371476
4668        0.0106185737977
4669        0.0361940298507
4670        0.0215588723051
4672        0.0280265339967
4673        0.0570315091211
4675        0.0493615257048
4677        0.0404029850746
4678        0.0342305140962
4680        0.0489303482587
4681        0.0356086235489
4682        0.0390099502488
4683        0.00463847429519
4684        0.00997346600332
4685        0.0381608623549
4686        0.0388490878939
4688        0.0347694859038
4690        0.0157943615257
4691        0.053464344942
4692        0.0327628524046
4693        0.0483034825871
4694        0.112490878939
4695        0.0417960199005
4696        0.0117396351575
4698        0.0402968490879
4700        0.00884742951907
4702        0.0444776119403
4703        0.0401691542289
4704        0.0549751243781
4705        0.0217993366501
4706        0.0287993366501
4707        0.00714925373134
4708        0.00716417910448
10342        0.048728026534
4710        0.0259270315091
4711        0.0417313432836
4713        0.0462819237148
4714        0.00910447761194
4716        0.0412072968491
4719        0.0132354892206
4720        0.0164394693201
4722        0.0686235489221
4723        0.0240845771144
4724        0.0345024875622
4725        0.0714179104478
4727        0.0239004975124
4728        0.0392553897181
4729        0.0155190713101
4730        0.00570315091211
4732        0.0465456053068
4733        0.0244610281924
4736        0.0185472636816
4738        0.0144577114428
4739        0.013552238806
4740        0.00923051409619
4741        0.0279369817579
4742        0.0221907131012
4744        0.00981260364842
4745        0.0287728026534
4746        0.00715422885572
4747        0.00911608623549
4748        0.00683084577114
4749        0.0065008291874
4750        0.0472271973466
4755        0.058328358209
4757        0.00997180762852
4759        0.0195588723051
4760        0.0547495854063
4761        0.0365489220564
4762        0.00807462686567
4763        0.00776119402985
4765        0.0358673300166
4766        0.0301824212272
4767        0.00470315091211
4768        0.0353797678275
4773        0.0108689883914
4774        0.0756152570481
4776        0.0232835820896
4777        0.0384693200663
4778        0.0393864013267
4780        0.047464344942
4783        0.0141791044776
4786        0.0314046434494
4787        0.0464112769486
4788        0.0339137645108
4790        0.0184344941957
4791        0.0154693200663
4792        0.0192437810945
4793        0.0125323383085
4794        0.00819900497512
4795        0.00382255389718
4797        0.00745771144279
4798        0.0243217247098
4799        0.0343797678275
4800        0.00533499170813
4801        0.0100265339967
4803        0.029008291874
4804        0.0100265339967
4805        0.0288955223881
4807        0.00394361525705
4808        0.0121674958541
4853        0.00738308457711
4854        0.0197595356551
4855        0.00389718076285
4857        0.0082504145937
4860        0.01692039801
4861        0.0276616915423
4908        0.02571973466
4911        0.0566169154229
4912        0.036872305141
4913        0.0297081260365
4922        0.0269485903814
4923        0.031552238806
4926        0.0742155887231
4927        0.0096600331675
4940        0.0611890547264
4946        0.0240630182421
4947        0.0310165837479
4952        0.0201426202322
4958        0.0493864013267
4959        0.0660613598673
4963        0.045144278607
4966        0.0293532338308
4967        0.0179336650083
4968        0.0544825870647
4969        0.13107960199
4979        0.0211940298507
4982        0.0055008291874
4983        0.0570066334992
4984        0.0363482587065
4989        0.0320829187396
4993        0.0292388059701
4996        0.0218291873964
4999        0.0290232172471
5000        0.127223880597
5002        0.0338424543947
5003        0.0437943615257
5004        0.0344925373134
5006        0.065192371476
5009        0.0517230514096
5011        0.00770315091211
5024        0.049592039801
5033        0.045592039801
5041        0.0472106135987
5046        0.037407960199
5048        0.0407794361526
5049        0.0460132669983
5050        0.034192371476
5051        0.0181260364842
5053        0.0251144278607
5056        0.0486981757877
5058        0.00551741293532
5071        0.0260746268657
5072        0.0281144278607
5074        0.00932338308458
5075        0.0126583747927
5076        0.0565820895522
5078        0.0240995024876
5081        0.0242454394693
5085        0.00565671641791
5086        0.0187131011609
5088        0.0547131011609
5089        0.086824212272
5097        0.0551194029851
5099        0.00291210613599
5101        0.0514411276949
5105        0.031048092869
5106        0.0277529021559
5107        0.0289651741294
5109        0.0505903814262
5119        0.027872305141
5188        0.00952072968491
5200        0.00701492537313
5202        0.00903482587065
5203        0.00136484245439
5205        0.00808955223881
5206        0.00999004975124
5207        0.00785737976783
5208        0.00748092868988
5209        0.00621227197347
5210        0.0106849087894
5211        0.0104660033167
5212        0.0090447761194
5213        0.0062271973466
5214        0.00380265339967
5215        0.00546766169154
5217        0.00700663349917
5218        0.00783084577114
5220        0.00967993366501
5232        0.010903814262
5234        0.00831509121061
5235        0.0063416252073
5240        0.00630348258706
5241        0.0106600331675
5248        0.00615588723051
5251        0.00391542288557
5256        0.0135688225539
5303        0.00990049751244
5309        0.00799668325041
5323        0.00712603648425
5324        0.0105936981758
5339        0.0219535655058
5377        0.062552238806
5378        0.148711442786
5379        0.0249568822554
5380        0.00478938640133
5381        0.00478109452736
5382        0.0140348258706
5384        0.0326666666667
5385        0.0153797678275
5387        0.000384742951907
5388        0.131024875622
5389        0.0329535655058
5390        0.113786069652
5391        0.0350580431177
5392        0.00648922056385
5393        0.00652736318408
5394        0.0137645107794
5395        0.00837645107794
5396        0.0112421227197
5397        0.00745936981758
5398        0.016263681592
5399        0.00477943615257
5400        0.104590381426
5401        0.0378291873964
5402        0.00046600331675
5403        0.0307296849088
5405        0.0271956882255
5407        0.0400116086235
5408        0.0210530679934
5409        0.0889104477612
5410        0.0605737976783
5412        0.0406218905473
5413        0.170660033167
5414        0.00730182421227
5415        0.0363067993367
5416        0.045631840796
5417        0.0624444444444
5418        0.096056384743
5421        0.00483084577114
5422        0.035407960199
5423        0.00881094527363
5424        0.0301907131012
5425        0.0362454394693
5426        0.0253731343284
5427        0.0474179104478
5428        0.00900663349917
5429        0.00785240464345
5430        0.0386019900498
5431        0.00475787728027
5432        0.0138391376451
5433        0.000492537313433
5434        0.0275605306799
5435        0.0287810945274
5436        0.0204328358209
5441        0.00682421227197
5442        0.000398009950249
5443        0.00372305140962
5444        0.00378772802653
5445        0.00732835820896
5446        0.00126202321725
5447        0.00219568822554
5448        0.00481592039801
5449        0.000399668325041
5450        0.000401326699834
5451        0.00291376451078
2274        0.00210613598673
5455        0.00388391376451
5456        0.00118739635158
5457        0.000391376451078
5459        0.15532172471
5462        0.11132172471
5463        0.00819900497512
2276        0.0484378109453
5466        0.0398971807629
5467        0.000426202321725
5468        0.000469320066335
5469        0.018815920398
5470        0.00136650082919
5471        0.00132338308458
5474        0.0265605306799
5479        0.00981592039801
5480        0.00127529021559
5481        0.0355704809287
5482        0.0268756218905
5483        0.0408988391376
5484        0.0170232172471
5486        0.0479834162521
5490        0.0483217247098
5491        0.0533366500829
5492        0.00733167495854
5494        0.0259800995025
5495        0.000469320066335
5496        0.0843482587065
5498        0.00465339966833
5499        0.00778606965174
5500        0.0326467661692
5501        0.0211260364842
5503        0.0469220563847
5505        0.00823383084577
5506        0.01164013267
5507        0.00644776119403
5509        0.0258208955224
5510        0.0335903814262
5511        0.0345124378109
5512        0.0116169154229
5513        0.00573797678275
5516        0.00210779436153
5517        0.0362520729685
5518        0.0147943615257
5519        0.0693001658375
5520        0.00390547263682
5521        0.0168009950249
5522        0.0355422885572
5532        0.0112819237148
5533        0.0233847429519
5535        0.00914262023217
5536        0.0295472636816
5537        0.00489054726368
5539        0.0373001658375
5540        0.0528623548922
5543        0.00658208955224
5547        0.00742620232172
5548        0.00562686567164
5549        0.0449585406302
5551        0.0734411276949
5553        0.00130182421227
5554        0.0065223880597
5556        0.0859320066335
5557        0.0640132669983
5558        0.00534660033167
5559        0.0642255389718
5560        0.0232189054726
5561        0.0314859038143
5563        0.007407960199
5564        0.042127694859
5565        0.013495854063
5567        0.00133167495854
5568        0.00453067993367
5569        0.00301492537313
5571        0.0658656716418
5572        0.000393034825871
5573        0.000409618573798
5577        0.0404063018242
5578        0.0150265339967
5580        0.0277628524046
5582        0.0228922056385
5583        0.0382421227197
5586        0.023184079602
5587        0.04335986733
5588        0.0306650082919
5589        0.0177081260365
5590        0.0415655058043
5592        0.00479270315091
5594        0.0356135986733
5595        0.0410663349917
5596        0.0082736318408
5597        0.0056600331675
5598        0.00206965174129
5599        0.0320613598673
5600        0.0135273631841
5603        0.0248623548922
5604        0.0449800995025
5606        0.0223101160862
5607        0.0521077943615
5609        0.00827031509121
5610        0.0298540630182
5611        0.0337495854063
5612        0.00652072968491
5615        0.0170530679934
5617        0.0458258706468
5618        0.0115124378109
5619        0.00219402985075
5620        0.00932006633499
5621        0.0435008291874
5622        0.0361525704809
5623        0.0259320066335
5625        0.00989220563847
5627        0.003
5628        0.0364975124378
5629        0.0157330016584
5630        0.0299751243781
5631        0.0525854063018
5632        0.0914510779436
5639        0.0271542288557
5641        0.0340281923715
5645        0.0458839137645
5646        0.153572139303
5648        0.0185257048093
5650        0.101281923715
5651        0.038679933665
5652        0.0465638474295
5653        0.00211111111111
5655        0.0287512437811
5656        0.0429684908789
5661        0.0269900497512
5662        0.0687562189055
5666        0.0464975124378
5668        0.0297180762852
5669        0.122437810945
5671        0.0698988391376
5672        0.036328358209
5673        0.03407960199
5674        0.0209751243781
5675        0.0285107794362
5676        0.0438822553897
5677        0.0149552238806
5678        0.015815920398
5679        0.0175257048093
5680        0.0183830845771
5681        0.0216086235489
5682        0.0300431177446
5683        0.143650082919
5684        0.0506650082919
5687        0.0220597014925
5688        0.0092736318408
5689        0.0236550580431
5691        0.0251558872305
5692        0.0106865671642
5693        0.0485140961857
5696        0.156915422886
5698        0.0317595356551
5700        0.0240132669983
5702        0.0142271973466
5703        0.0293067993367
5704        0.0274311774461
5705        0.0527097844113
5706        0.0243383084577
5710        0.00928524046434
5712        0.046600331675
5713        0.0356683250415
5714        0.0457014925373
5719        0.0118938640133
5723        0.0246699834163
5726        0.0528308457711
5727        0.0655174129353
5730        0.00736815920398
5731        0.0338441127695
5736        0.0242918739635
5737        0.0427131011609
5738        0.0575074626866
5739        0.00381592039801
5742        0.0249684908789
5743        0.026960199005
5745        0.000396351575456
5746        0.0187479270315
5749        0.0239187396352
5750        0.0363001658375
5754        0.0285107794362
5755        0.00821724709784
5756        0.0540315091211
5760        0.0432006633499
5761        0.0635870646766
5762        0.0261791044776
5763        0.0369817578773
5765        0.0134859038143
5767        0.023855721393
5768        0.0466865671642
5769        0.0260530679934
5771        0.0499237147595
5772        0.0263300165837
5773        0.0466135986733
5774        0.0202437810945
5778        0.0477412935323
5779        0.0626583747927
5784        0.090328358209
5786        0.0133582089552
5788        0.023776119403
5789        0.0227960199005
5790        0.023688225539
5792        0.0247081260365
5794        0.0188225538972
5798        0.0463930348259
5836        0.00559701492537
5839        0.00980265339967
5846        0.00793698175788
5855        0.00564510779436
5856        0.0343300165837
5872        0.0182769485904
5881        0.00893698175788
5922        0.00471310116086
5927        0.0233747927032
5952        0.0198905472637
6057        0.034039800995
6059        0.0275970149254
6061        0.059144278607
6062        0.0429800995025
6063        0.0208258706468
6064        0.0253233830846
6065        0.0512504145937
6066        0.103179104478
6067        0.0465605306799
6068        0.00559867330017
6070        0.0294145936982
6071        0.033495854063
6072        0.0260232172471
6073        0.0449004975124
6076        0.0475472636816
6077        0.0492603648425
6078        0.0693731343284
6079        0.0866169154229
6080        0.0621326699834
6081        0.0653449419569
6082        0.0922935323383
10571        0.0626235489221
6086        0.0369552238806
6088        0.00296683250415
6089        0.00313764510779
6091        0.0232686567164
6095        0.0738391376451
6097        0.0282703150912
6104        0.0469320066335
6106        0.00737147595357
6107        0.00543449419569
6108        0.0144842454395
6109        0.0251160862355
6112        0.0199784411277
6113        0.14943615257
6114        0.0178490878939
6115        0.0288374792703
6116        0.0171409618574
6121        0.00126699834163
6122        0.0242039800995
6123        0.0819237147595
6127        0.0329054726368
6128        0.0735008291874
6129        0.0393399668325
6130        0.0525870646766
6136        0.049824212272
6137        0.0446351575456
6138        0.0319369817579
6139        0.0323034825871
6140        0.0635688225539
6142        0.0242587064677
6143        0.0280995024876
6144        0.0157777777778
6147        0.0536053067993
6159        0.0218325041459
6161        0.024815920398
6163        0.0268126036484
6164        0.0384726368159
6165        0.0492786069652
6166        0.0226948590381
6167        0.0611956882255
6171        0.00211940298507
6172        0.121456053068
6174        0.0255538971808
6178        0.0316965174129
6179        0.0221940298507
6180        0.0117296849088
6181        0.042912106136
6185        0.0221990049751
6187        0.0235174129353
6188        0.057464344942
6192        0.00562852404643
6194        0.066943615257
6195        0.0425240464345
6196        0.125124378109
6197        0.0455008291874
6198        0.0428325041459
6199        0.0549568822554
6200        0.0263034825871
6201        0.0713532338308
6202        0.048631840796
6203        0.0627446102819
6205        0.0642835820896
6210        0.0248059701493
6213        0.0304361525705
6214        0.0224660033167
6217        0.024671641791
6218        0.0850978441128
6220        0.0262587064677
6223        0.0229021558872
6225        0.0464709784411
6226        0.0246998341625
6227        0.0448374792703
6228        0.0289800995025
6233        0.0198043117745
6234        0.0532487562189
6235        0.125651741294
6239        0.00477611940299
6241        0.00402487562189
6242        0.021807628524
6243        0.0542885572139
6245        0.0872139303483
6248        0.0813548922056
6249        0.0242553897181
6250        0.0357562189055
6254        0.034495854063
6255        0.0441326699834
6258        0.0274759535655
6259        0.0795538971808
6260        0.0148606965174
6261        0.0677131011609
6263        0.0303930348259
6266        0.0451658374793
6269        0.0090679933665
6283        0.0502255389718
6285        0.0271077943615
6287        0.0359850746269
6289        0.0304245439469
6292        0.0238971807629
6294        0.0293631840796
6295        0.0620895522388
6296        0.020688225539
6297        0.0338988391376
6299        0.0450182421227
6301        0.0235058043118
6302        0.0623532338308
6303        0.0393698175788
6305        0.0210049751244
6306        0.0379900497512
6307        0.0270646766169
6308        0.0327960199005
6309        0.0191011608624
6310        0.0257960199005
6313        0.023127694859
6314        0.0507479270315
6315        0.00985903814262
6317        0.042271973466
6319        0.0439353233831
6320        0.057087893864
6322        0.0299867330017
6325        0.0351658374793
6326        0.0207529021559
6327        0.0413665008292
6331        0.0241011608624
6332        0.0329751243781
6334        0.0391641791045
6335        0.0387213930348
6342        0.00222056384743
6345        0.0905024875622
6347        0.122054726368
6348        0.0234361525705
6349        0.0276185737977
6350        0.0374626865672
6351        0.0302819237148
6352        0.0856517412935
6354        0.0664825870647
6355        0.0441873963516
6357        0.025175787728
6358        0.0232354892206
6359        0.0450729684909
6362        0.0313482587065
6364        0.0293150912106
6365        0.0435240464345
6367        0.025671641791
6368        0.0300746268657
6369        0.0146384742952
6371        0.0629154228856
6372        0.0525456053068
6373        0.0394543946932
6375        0.0131393034826
6376        0.0478407960199
6377        0.00642288557214
6379        0.0438772802653
6380        0.0493615257048
6381        0.051495854063
6382        0.0441807628524
6383        0.0272122719735
6384        0.0409004975124
6385        0.040631840796
6386        0.0363797678275
6387        0.0480116086235
8396        0.00794859038143
6390        0.0321674958541
6391        0.0681127694859
6392        0.0194262023217
6394        0.0724875621891
6395        0.0583980099502
6396        0.0318888888889
6400        0.0431028192371
6401        0.0151558872305
6402        0.0371475953566
6404        0.0247794361526
6405        0.0481857379768
6406        0.021631840796
6407        0.00976948590381
6409        0.0187960199005
6410        0.0193847429519
6411        0.0312587064677
6412        0.0211708126036
6413        0.0269933665008
6419        0.0484262023217
6423        0.043728026534
6425        0.0219320066335
6427        0.052447761194
6428        0.0322985074627
6429        0.0248325041459
6430        0.0318839137645
6431        0.0489469320066
6432        0.0540447761194
6433        0.0245787728027
6434        0.0515273631841
6435        0.0359353233831
6437        0.0516699834163
6441        0.0276152570481
6448        0.0354013266998
6449        0.0262769485904
6450        0.0124145936982
6451        0.0561741293532
6453        0.127432835821
6455        0.0525389718076
6456        0.0725538971808
6458        0.0633814262023
6459        0.0454941956882
6460        0.0432354892206
6461        0.143791044776
6462        0.0208225538972
6463        0.0393515754561
6465        0.0263018242123
6467        0.124953565506
6468        0.0668789386401
6469        0.089311774461
6470        0.0554328358209
6471        0.00650580431177
6472        0.0387296849088
6473        0.0262354892206
6474        0.0497628524046
6476        0.0269651741294
6477        0.0201509121061
6478        0.120973466003
6480        0.0514461028192
6481        0.0316467661692
6482        0.0554361525705
6484        0.0429552238806
6487        0.0140928689884
6488        0.0124228855721
6494        0.00376948590381
6495        0.00131343283582
6496        0.022807628524
6498        0.0314427860697
6499        0.0401111111111
6501        0.0273532338308
6502        0.0468142620232
6503        0.0422421227197
6505        0.0504991708126
6507        0.0252072968491
6508        0.010767827529
6512        0.0252305140962
6515        0.019144278607
6517        0.0477777777778
6521        0.0536567164179
6525        0.0492520729685
6527        0.0467744610282
6534        0.0310132669983
6535        0.0263847429519
6536        0.0222786069652
6537        0.0110630182421
6539        0.00942620232172
6540        0.0347529021559
6541        0.0582786069652
6542        0.0335207296849
6543        0.00905140961857
6545        0.0353399668325
6547        0.0124262023217
6549        0.0254262023217
6551        0.0215771144279
6552        0.0150298507463
6553        0.114839137645
6554        0.0391492537313
6555        0.0384875621891
6561        0.0736434494196
6562        0.046464344942
6563        0.0571177446103
6565        0.0208606965174
6566        0.0679104477612
6567        0.00752072968491
6568        0.0219170812604
6569        0.0274726368159
6570        0.0295174129353
6571        0.0305240464345
6575        0.049592039801
6576        0.0552603648425
6577        0.0445190713101
6580        0.0474378109453
6582        0.0501558872305
6583        0.0650862354892
6584        0.0295970149254
6586        0.0132520729685
6587        0.0513018242123
6588        0.0494245439469
6589        0.0235389718076
6590        0.00817744610282
6591        0.0175207296849
6592        0.0288275290216
6593        0.0283067993367
6595        0.0100464344942
6597        0.0868308457711
6600        0.0251575456053
6601        0.0510464344942
6603        0.0287230514096
6604        0.0405290215589
6606        0.0515505804312
6607        0.027175787728
6614        0.0318756218905
6618        0.031495854063
6619        0.0250995024876
6620        0.0528291873964
6621        0.0216451077944
6623        0.0379718076285
6629        0.0253333333333
6630        0.0345538971808
6633        0.00364179104478
6635        0.0302819237148
6637        0.0292072968491
6638        0.00925870646766
6639        0.0255555555556
6640        0.0267396351575
6641        0.0515538971808
6644        0.0372868988391
6646        0.0214626865672
6648        0.0267462686567
6650        0.0541691542289
6653        0.0221111111111
6654        0.0295737976783
6656        0.0239336650083
6658        0.00728026533997
6659        0.0353747927032
6660        0.102467661692
6661        0.0353084577114
6662        0.00396517412935
6663        0.00634660033167
6664        0.0686965174129
6665        0.0307728026534
6666        0.0249568822554
6667        0.00624709784411
6668        0.00863515754561
6669        0.0169668325041
6670        0.0231625207297
6671        0.000512437810945
6673        0.00496351575456
6675        0.0188441127695
6677        0.0222354892206
6678        0.00384245439469
6679        0.0383714759536
6680        0.0377645107794
6681        0.00485074626866
6682        0.0170116086235
6683        0.0425820895522
6684        0.0186782752902
6685        0.0495240464345
6686        0.0123648424544
6687        0.0250199004975
6688        0.0136202321725
6689        0.0236981757877
6690        0.00655721393035
6691        0.00216252072968
6694        0.0128325041459
6695        0.0142902155887
6696        0.0350298507463
6697        0.0304908789386
6702        0.00222222222222
6703        0.00562354892206
6705        0.0369286898839
6706        0.0210613598673
6707        0.0321326699834
6708        0.0196733001658
6709        0.00122553897181
6711        0.0013631840796
6713        0.0379419568823
6714        0.00553731343284
6715        0.00134991708126
6716        0.0624975124378
6717        0.0158109452736
6718        0.0317794361526
6719        0.0365456053068
6720        0.00477611940299
6721        0.0262669983416
6722        0.00883250414594
6723        0.00131674958541
6726        0.00585737976783
6727        0.0454378109453
6728        0.0310364842454
6729        0.0123830845771
6730        0.0437429519071
6731        0.00646766169154
6732        0.0126467661692
6733        0.0115970149254
6734        0.0187711442786
6735        0.0286252072968
6737        0.0107048092869
6738        0.00992039800995
6739        0.0116185737977
6740        0.00213432835821
6741        0.0251724709784
6742        0.0856169154229
6743        0.0132388059701
6744        0.00227694859038
6745        0.0829718076285
6746        0.0123499170813
6747        0.0124776119403
6750        0.00304809286899
6751        0.033504145937
6752        0.020135986733
6753        0.0317529021559
6754        0.0561028192371
6755        0.0417097844113
6756        0.00648424543947
6757        0.036951907131
6758        0.0238606965174
6760        0.0170049751244
6761        0.0153134328358
6762        0.04428026534
6763        0.0103913764511
6764        0.00732835820896
6765        0.0808839137645
6769        0.0124660033167
6770        0.0109784411277
6771        0.0203631840796
6772        0.0157114427861
6773        0.014096185738
6774        0.0544809286899
6776        0.0152039800995
6778        0.031144278607
6779        0.0594013266998
6782        0.00040464344942
6783        0.0509966832504
6784        0.00558872305141
6785        0.00905306799337
6787        0.0071824212272
6790        0.0253648424544
6792        0.0982338308458
6793        0.0176749585406
6795        0.0108291873964
6796        0.00289386401327
6798        0.00546932006633
6799        0.0241459369818
6800        0.00564676616915
6802        0.0333466003317
6803        0.0103980099502
6804        0.0100182421227
6805        0.0494510779436
6806        0.0409004975124
6807        0.000432835820896
6809        0.00644444444444
6810        0.00042951907131
6812        0.00389883913765
6813        0.0316467661692
6819        0.00811608623549
6820        0.00218739635158
2502        0.0324013266998
6822        0.00382752902156
6825        0.0139950248756
6826        0.0285257048093
6827        0.0340597014925
6829        0.0333101160862
6830        0.0574046434494
10696        0.0341990049751
6834        0.00382918739635
6835        0.0130016583748
6837        0.0201492537313
6840        0.00221724709784
6841        0.0634809286899
6844        0.0147081260365
6845        0.00965339966833
6846        0.0152421227197
6847        0.0146567164179
6848        0.00466998341625
6849        0.0194776119403
6850        0.0230497512438
6851        0.00301326699834
6852        0.0186965174129
6853        0.00802653399668
6855        0.0434311774461
6856        0.0065671641791
6858        0.00553897180763
6859        0.0654112769486
6863        0.0366334991708
6864        0.00572470978441
6865        0.00122388059701
6866        0.0366036484245
6867        0.00321227197347
6868        0.000505804311774
6870        0.0439867330017
6871        0.0112288557214
6873        0.0447529021559
6875        0.00127529021559
6876        0.00223383084577
6878        0.00812935323383
6879        0.0248374792703
6880        0.000407960199005
6881        0.0182537313433
6882        0.0133814262023
6883        0.00986733001658
6884        0.00467827529022
6886        0.000374792703151
6887        0.00378275290216
6888        0.00797512437811
6893        0.0107412935323
6894        0.0193349917081
6896        0.00469983416252
6897        0.0173698175788
10707        0.031776119403
6900        0.0658043117745
6901        0.00477943615257
6902        0.0491094527363
6903        0.0100912106136
6904        0.0157247097844
6905        0.0436268656716
6906        0.0301144278607
6912        0.0202288557214
6913        0.0264577114428
6916        0.028543946932
6922        0.0116583747927
6924        0.00744112769486
6925        0.0384278606965
6931        0.0279883913765
6932        0.0528043117745
6933        0.0226102819237
6936        0.0140630182421
6938        0.0587081260365
6939        0.0859950248756
6941        0.0485008291874
6942        0.0306185737977
6944        0.0664046434494
6946        0.0217860696517
6947        0.0378009950249
6948        0.0200348258706
6949        0.0483913764511
6950        0.0145190713101
6954        0.0193349917081
6955        0.0486550580431
6957        0.00821227197347
6967        0.0522056384743
6969        0.0459701492537
6971        0.0257860696517
6973        0.0667645107794
6975        0.0251890547264
6979        0.0262553897181
6981        0.0385157545605
6983        0.043135986733
6984        0.0131376451078
6986        0.0212587064677
6989        0.0541741293532
6990        0.013824212272
6991        0.0200414593698
6992        0.0484626865672
6993        0.0700265339967
6994        0.0318706467662
6995        0.014
6996        0.0265804311774
6997        0.0310862354892
6998        0.0271011608624
7003        0.00998009950249
7006        0.0140431177446
7014        0.0220248756219
7015        0.0667164179104
7016        0.0191293532338
7017        0.0617180762852
7018        0.0649469320066
7019        0.0746086235489
7020        0.00296683250415
7021        0.0224046434494
7022        0.0244593698176
7023        0.0605124378109
7026        0.041504145937
7029        0.0300762852405
7033        0.0232504145937
7035        0.0517827529022
7037        0.0485572139303
7038        0.00387728026534
7040        0.0223532338308
7041        0.027855721393
7042        0.00986898839138
7043        0.0295140961857
7044        0.0195655058043
7046        0.02871973466
7047        0.0311558872305
7050        0.00468490878939
7051        0.039824212272
7052        0.0302354892206
7053        0.0278142620232
7054        0.0232786069652
7055        0.0271542288557
7057        0.0506766169154
7058        0.0519054726368
7061        0.016776119403
7062        0.0193084577114
7064        0.0229800995025
7065        0.0663731343284
7066        0.0335074626866
7068        0.0517462686567
7070        0.0569004975124
7071        0.0185472636816
7078        0.06607960199
7079        0.0421326699834
7080        0.00560862354892
7087        0.0021807628524
7089        0.0164975124378
7091        0.0162885572139
7092        0.0436832504146
7095        0.040328358209
7096        0.0383167495854
7098        0.0503880597015
7101        0.0241807628524
7105        0.0586169154229
7106        0.0295306799337
7107        0.0275605306799
7113        0.0385091210614
7115        0.0659817578773
7120        0.00303980099502
7122        0.0320912106136
7124        0.0271393034826
7125        0.00873300165837
7127        0.0568407960199
7128        0.0194626865672
7132        0.0234129353234
7133        0.0356766169154
7137        0.011328358209
7138        0.0286451077944
7139        0.0461973466003
7140        0.0468938640133
7143        0.0261376451078
7144        0.052728026534
7147        0.0453565505804
7148        0.0523018242123
7151        0.0479784411277
7152        0.0437777777778
7153        0.0317711442786
7157        0.0242271973466
7160        0.054192371476
7163        0.0242354892206
7168        0.0305190713101
7169        0.0501127694859
7170        0.0751061359867
7174        0.0320912106136
7176        0.0498888888889
7177        0.0240447761194
7178        0.0278938640133
7179        0.0513134328358
7180        0.0496849087894
7181        0.04192039801
7183        0.0254245439469
7188        0.0294925373134
7189        0.0457446102819
7192        0.0261293532338
7193        0.0244776119403
7194        0.0387330016584
7195        0.0110679933665
7199        0.00741293532338
7200        0.0226965174129
7201        0.0667462686567
7203        0.0461857379768
7206        0.0455820895522
7207        0.0261459369818
7208        0.0212288557214
7212        0.0269369817579
7217        0.024263681592
7219        0.0615505804312
7220        0.0279684908789
7222        0.0278490878939
7223        0.0358855721393
7224        0.0414179104478
7226        0.0367810945274
7227        0.042776119403
7228        0.0471243781095
7229        0.0406484245439
7234        0.0293548922056
7235        0.0479369817579
7239        0.0305339966833
7250        0.0497645107794
7252        0.0163167495854
7253        0.0276517412935
7254        0.0543980099502
7255        0.0217910447761
7256        0.0255074626866
7257        0.0260149253731
7258        0.0678109452736
7260        0.0423366500829
7261        0.0273432835821
7263        0.0261044776119
7264        0.0223217247098
7265        0.0307048092869
7267        0.0212968490879
7268        0.0331210613599
7269        0.0566600331675
7271        0.0128988391376
7275        0.0268192371476
7276        0.00887893864013
7277        0.00917578772803
7279        0.0251674958541
7281        0.0217213930348
7282        0.0499004975124
7283        0.0360165837479
7284        0.0374063018242
7288        0.0249883913765
7289        0.0261641791045
7290        0.0374195688226
7291        0.0276500829187
7292        0.028864013267
7293        0.0233532338308
7294        0.0296368159204
7296        0.0388407960199
7298        0.00982587064677
7300        0.0469353233831
7301        0.00483084577114
7303        0.0457412935323
7304        0.0209900497512
7306        0.00371973466003
7307        0.00752902155887
7308        0.0251509121061
7312        0.0242288557214
7313        0.0020679933665
7314        0.0509734660033
7315        0.028728026534
7317        0.0320978441128
7318        0.0286334991708
7319        0.0297131011609
7321        0.0329751243781
7322        0.0315854063018
7323        0.0272437810945
7325        0.0166368159204
7326        0.00303150912106
7332        0.0207164179104
7333        0.0417562189055
7334        0.0269784411277
7336        0.0319635157546
7337        0.0368308457711
7338        0.0561011608624
7340        0.00892703150912
7341        0.0452587064677
7342        0.0246981757877
7343        0.0425870646766
7344        0.0164660033167
7345        0.0221127694859
7346        0.000394693200663
7349        0.0313399668325
7351        0.00636650082919
7353        0.0216981757877
7354        0.052951907131
7358        0.0423067993367
7359        0.0297711442786
7360        0.0224461028192
7361        0.00935820895522
7362        0.0342205638474
7363        0.0396417910448
7365        0.0271210613599
7366        0.0108490878939
7367        0.0165140961857
7368        0.0261111111111
7369        0.0297429519071
7370        0.00369983416252
7372        0.0215223880597
7374        0.0783963515755
7377        0.0240762852405
7382        0.0191990049751
7385        0.0694610281924
7386        0.047728026534
7391        0.027543946932
7393        0.00898341625207
7396        0.00467993366501
7397        0.0105688225539
7398        0.00651409618574
7410        0.0291592039801
7414        0.00825373134328
7416        0.00897014925373
7417        0.00744112769486
7420        0.0289237147595
7424        0.0199900497512
7425        0.0227014925373
7426        0.0443250414594
7427        0.0218905472637
7430        0.0392736318408
7431        0.014592039801
7432        0.0323648424544
7433        0.0273316749585
7434        0.0426948590381
7435        0.0277927031509
7438        0.0199817578773
7439        0.0338441127695
7441        0.027184079602
7442        0.0465887230514
7443        0.00298673300166
7445        0.0166500829187
7452        0.0532537313433
7459        0.0245190713101
7460        0.00996683250415
7462        0.026824212272
7466        0.0239800995025
7470        0.0213034825871
7473        0.0397114427861
7474        0.0500746268657
7475        0.00802985074627
7476        0.00895854063018
7477        0.00738971807629
7479        0.0337014925373
7480        0.0193797678275
7482        0.0318092868988
7483        0.0110514096186
7485        0.00385572139303
7486        0.00815257048093
7489        0.00986069651741
7490        0.0236666666667
7491        0.0164228855721
7496        0.00974792703151
7497        0.0210099502488
7498        0.00304809286899
7499        0.00953731343284
7500        0.0403432835821
7501        0.063679933665
7502        0.0280431177446
7503        0.0232421227197
7506        0.0115505804312
7511        0.0193880597015
7512        0.0204262023217
7514        0.00287562189055
7515        0.0217645107794
7518        0.0373648424544
7521        0.027039800995
7525        0.0176865671642
7527        0.0200414593698
7544        0.0135688225539
7545        0.0177794361526
7556        0.00886898839138
7557        0.0150049751244
7558        0.0140746268657
7559        0.0150547263682
7561        0.0156981757877
7562        0.0141260364842
7563        0.00471807628524
7564        0.00220895522388
7565        0.0238988391376
7567        0.0126782752902
7569        0.00785737976783
7570        0.0046600331675
7571        0.00825373134328
7572        0.00834328358209
7573        0.0107860696517
7574        0.00797844112769
7577        0.0113781094527
7578        0.0139684908789
7579        0.00315754560531
7580        0.00223714759536
7581        0.0084096185738
7582        0.0140066334992
7585        0.0111658374793
7586        0.012855721393
7589        0.0202620232172
7590        0.0324626865672
7594        0.0543399668325
7604        0.00046600331675
7605        0.00398507462687
7613        0.00738971807629
7616        0.0253018242123
7621        0.00831177446103
7631        0.0022271973466
7632        0.0116932006633
7633        0.0330597014925
7637        0.00453399668325
7644        0.0118490878939
7646        0.027728026534
7687        0.0255472636816
7724        0.0457645107794
7725        0.0634328358209
7726        0.0223416252073
7731        0.0381077943615
7734        0.0349568822554
7736        0.0341243781095
7737        0.0364709784411
7739        0.0209800995025
7742        0.0394842454395
7748        0.0436865671642
7750        0.0318888888889
7751        0.00891210613599
7754        0.0543101160862
7756        0.0275638474295
7757        0.0302752902156
7760        0.049728026534
7765        0.0318590381426
7767        0.0502122719735
7769        0.0365174129353
7770        0.0813548922056
7772        0.0470182421227
7775        0.0257794361526
7776        0.0219419568823
7777        0.0260215588723
7778        0.0488822553897
7781        0.00911608623549
7782        0.0315456053068
7784        0.0209817578773
7785        0.0274941956882
7786        0.0257164179104
7787        0.0255024875622
7788        0.0209734660033
7790        0.0330580431177
7792        0.0347412935323
7795        0.0337993366501
7800        0.0331824212272
7806        0.0297860696517
7810        0.0258026533997
7811        0.0307263681592
7814        0.0288407960199
7816        0.0114063018242
7820        0.0496218905473
7823        0.049671641791
7825        0.0184394693201
7829        0.0133963515755
7832        0.0455688225539
7833        0.0358142620232
7835        0.0309502487562
7836        0.0388623548922
7837        0.0297960199005
7838        0.0202968490879
7839        0.0435489220564
7849        0.0536102819237
7850        0.0323548922056
7851        0.054056384743
7855        0.0101310116086
7856        0.0290049751244
7859        0.0464029850746
7862        0.0241890547264
7864        0.00560199004975
7865        0.00384908789386
7868        0.0353548922056
7873        0.00570978441128
7876        0.0497910447761
7877        0.0234411276949
7878        0.00462189054726
7881        0.0616135986733
7882        0.0288971807629
7884        0.0471310116086
7886        0.0517131011609
7888        0.0269618573798
7891        0.0436932006633
7892        0.0379618573798
7893        0.042991708126
7894        0.0392072968491
7895        0.0455306799337
7900        0.0148839137645
7902        0.00957711442786
7903        0.024192371476
7908        0.0177313432836
7910        0.00542620232172
7913        0.0453963515755
7914        0.0285787728027
7915        0.0269618573798
7918        0.0228424543947
7920        0.0224792703151
7922        0.0841641791045
7923        0.0238524046434
7927        0.0256434494196
7928        0.0176268656716
7929        0.0432255389718
7933        0.01992039801
7934        0.00908955223881
7938        0.0433714759536
7941        0.0397893864013
7943        0.0259336650083
7946        0.0191044776119
7949        0.0395257048093
7951        0.014223880597
7954        0.0219253731343
7958        0.0290066334992
7959        0.0356484245439
7960        0.0513101160862
7962        0.0217545605307
7964        0.0209220563847
7965        0.0054328358209
7966        0.0275804311774
7973        0.011175787728
7976        0.00624875621891
7977        0.0467131011609
7979        0.024087893864
7981        0.0224759535655
7982        0.042144278607
7984        0.0269767827529
7985        0.0251907131012
7992        0.00724543946932
7993        0.0279386401327
7996        0.00722885572139
7997        0.0140182421227
8000        0.0262968490879
8001        0.0683714759536
8005        0.0457081260365
8007        0.00403150912106
8008        0.0225456053068
8009        0.05192039801
8010        0.0358573797678
8011        0.015767827529
8012        0.0509966832504
8013        0.0279718076285
8015        0.0413349917081
8016        0.0272205638474
8017        0.0124096185738
8018        0.00632338308458
8021        0.0475290215589
8022        0.0474129353234
8023        0.0230298507463
8024        0.00128192371476
8028        0.0403731343284
8036        0.0100165837479
8037        0.0261260364842
8038        0.0175737976783
8039        0.0345605306799
8041        0.0313930348259
8043        0.0888009950249
8046        0.013368159204
8048        0.0314941956882
8051        0.00798839137645
8052        0.0406169154229
8056        0.0198043117745
8057        0.0224792703151
8058        0.0407031509121
8059        0.0290580431177
8060        0.0351525704809
8061        0.0419452736318
8062        0.0489104477612
8063        0.0504295190713
8066        0.0091807628524
8068        0.0579452736318
8069        0.00476616915423
8070        0.0229452736318
8077        0.033991708126
8078        0.0233300165837
8079        0.0389353233831
8080        0.0353847429519
8081        0.0399883913765
8082        0.0320530679934
8083        0.0275655058043
8085        0.0438706467662
8087        0.0228424543947
8088        0.0296500829187
8090        0.0330713101161
8091        0.0331127694859
8093        0.0245306799337
8094        0.00647429519071
8095        0.0338474295191
8097        0.0416451077944
8098        0.034543946932
8100        0.0192587064677
8101        0.0206268656716
8105        0.0305505804312
8111        0.0100779436153
8114        0.0264262023217
8115        0.0230281923715
8117        0.0267827529022
8118        0.0420099502488
8119        0.0285953565506
8120        0.0472902155887
8121        0.020008291874
8123        0.0288706467662
8125        0.0303565505804
8130        0.0279452736318
8133        0.0462537313433
8134        0.0508059701493
8135        0.0134726368159
8137        0.0490049751244
8138        0.0314809286899
8140        0.00733830845771
8142        0.00624709784411
8143        0.0509270315091
8145        0.00384577114428
8146        0.0468772802653
8148        0.00294029850746
8151        0.0105854063018
8152        0.027903814262
8153        0.0328606965174
8154        0.0275140961857
8156        0.0573880597015
6821        0.0531625207297
8160        0.00124875621891
8161        0.0495721393035
8166        0.0598374792703
8168        0.0409635157546
8169        0.00894527363184
8170        0.0443217247098
8174        0.0284610281924
8175        0.0218225538972
8179        0.0168689883914
8180        0.0355190713101
8185        0.0279054726368
8187        0.0055456053068
8188        0.0496252072968
