8192        0.00250248756219
1        0.199394693201
8194        0.00538971807629
3        0.0413134328358
8196        0.0335339966833
6        0.0318573797678
7        0.0537860696517
8200        0.00526533996683
9        0.00639137645108
13        0.0479054726368
8206        0.00448424543947
8207        0.00438805970149
16        0.0332305140962
17        0.0414394693201
8210        0.074631840796
8195        0.0150315091211
8212        0.00528358208955
8213        0.0416019900498
22        0.0352985074627
5465        0.02592039801
8216        0.0157031509121
25        0.00625538971808
26        0.0175240464345
27        0.0341243781095
8220        0.0803250414594
8221        0.0272023217247
31        0.0171575456053
32        0.0372023217247
33        0.123250414594
34        0.0549004975124
35        0.00340132669983
8228        0.0676666666667
8198        0.0643018242123
38        0.0493399668325
8231        0.00843781094527
8232        0.00636484245439
41        0.0350829187396
43        0.0414941956882
45        0.0291658374793
46        0.0573333333333
8239        0.00939966832504
48        0.0527694859038
49        0.0351144278607
50        0.0273167495854
8243        0.0402006633499
52        0.034407960199
8245        0.0349618573798
8246        0.0113499170813
55        0.00137645107794
8248        0.0282470978441
8249        0.0023184079602
8250        0.0344527363184
8251        0.0231326699834
8253        0.00845273631841
8255        0.0302985074627
8257        0.028127694859
8258        0.00451741293532
8259        0.0664610281924
68        0.0310895522388
70        0.0250497512438
71        0.110207296849
72        0.0122819237148
73        0.0272470978441
74        0.0114660033167
8267        0.0153930348259
77        0.0653631840796
8270        0.0112918739635
8205        0.0503051409619
80        0.0201641791045
81        0.0937960199005
8274        0.0173416252073
83        0.0436865671642
8277        0.0511061359867
8278        0.00138308457711
87        0.018096185738
88        0.0385024875622
90        0.0845207296849
8284        0.0389220563847
93        0.0742023217247
97        0.0603980099502
8291        0.00251907131012
8292        0.00551243781095
8293        0.00138971807629
8294        0.0116185737977
103        0.0346384742952
8296        0.0306484245439
8297        0.0473051409619
8298        0.0253233830846
8299        0.0135091210614
8300        0.0303134328358
109        0.07692039801
111        0.0391940298507
8304        0.0104361525705
114        0.0766185737977
8307        0.0357330016584
8309        0.0645704809287
8310        0.0254394693201
8312        0.0256451077944
8313        0.0136351575456
8314        0.0212288557214
125        0.0448192371476
127        0.0405854063018
8321        0.00853399668325
131        0.0724908789386
132        0.0465621890547
8327        0.0282006633499
8328        0.00733499170813
137        0.0291824212272
8330        0.00833665008292
8331        0.00931343283582
140        0.064048092869
8333        0.0273698175788
8334        0.00131509121061
144        0.0649734660033
145        0.0571741293532
146        0.00517081260365
8339        0.0505787728027
8340        0.00753399668325
8342        0.0508673300166
8217        0.00838142620232
8346        0.0294311774461
8347        0.031311774461
157        0.06507960199
159        0.00553067993366
160        0.0342686567164
8354        0.0382570480929
163        0.0327960199005
8358        0.00864344941957
8359        0.0202089552239
8361        0.0263615257048
8362        0.0244179104478
8363        0.0113383084577
174        0.192315091211
175        0.029087893864
8368        0.0165737976783
8370        0.00365174129353
8371        0.00945605306799
8374        0.0134759535655
8375        0.0114610281924
8376        0.0284145936982
8379        0.0529170812604
8382        0.0062504145937
8383        0.0371625207297
8385        0.0383416252073
194        0.0487562189055
195        0.0345572139303
196        0.0403466003317
8390        0.0661625207297
199        0.0330895522388
8392        0.0505174129353
8394        0.0354676616915
8395        0.00938805970149
204        0.00236981757877
8397        0.0324278606965
8398        0.00261028192371
8399        0.0361061359867
209        0.0145854063018
210        0.0314925373134
8227        0.00533665008292
8405        0.00230679933665
8406        0.0154378109453
8407        0.0185406301824
8408        0.0216417910448
217        0.0103548922056
8410        0.00659369817579
8411        0.00255389718076
8412        0.0320431177446
8413        0.042951907131
8229        0.00853897180763
224        0.0338689883914
225        0.0359485903814
226        0.091416252073
8419        0.0112553897181
8422        0.0205754560531
8423        0.00944112769486
8424        0.00134494195688
8425        0.00565008291874
234        0.00341956882255
237        0.0441011608624
239        0.00239635157546
8433        0.0343034825871
8434        0.0381741293532
8440        0.0170348258706
8441        0.0158358208955
8442        0.00936815920398
8445        0.0423631840796
8447        0.0494776119403
8448        0.0133980099502
8450        0.0192454394693
8451        0.0318540630182
8452        0.0167578772803
8454        0.0316782752902
8455        0.0161873963516
8456        0.00437147595357
8457        0.00941459369818
266        0.0303847429519
268        0.0282454394693
270        0.0308822553897
271        0.0117014925373
8464        0.00040464344942
8465        0.0371475953566
8468        0.020184079602
8469        0.00639137645108
278        0.0523101160862
8472        0.0203316749585
8475        0.00148922056385
8476        0.00732338308458
286        0.199230514096
288        0.0461890547264
8240        0.00923714759536
290        0.034456053068
291        0.0270597014925
292        0.0230414593698
293        0.161213930348
8487        0.0166202321725
297        0.182844112769
299        0.0083864013267
8496        0.00236650082919
8498        0.0175124378109
8499        0.011096185738
8506        0.00251409618574
8510        0.000530679933665
8511        0.00548258706468
8512        0.00940132669983
8513        0.0132951907131
8515        0.0063864013267
8516        0.0210945273632
8517        0.043368159204
8528        0.0520066334992
376        0.00828524046434
377        0.0272703150912
378        0.00340630182421
400        0.0272354892206
8260        0.00243449419569
419        0.00262520729685
8262        0.0462288557214
423        0.0112819237148
8263        0.020464344942
8264        0.0155986733002
8265        0.0207495854063
450        0.0134975124378
454        0.00759535655058
456        0.0120895522388
8269        0.0384875621891
466        0.0135074626866
8199        0.0363665008292
8271        0.0254792703151
8272        0.0642570480929
8273        0.0294262023217
488        0.0103250414594
489        0.0110580431177
8275        0.0188059701493
509        0.0070464344942
513        0.0441575456053
517        0.115278606965
8280        0.0223416252073
8201        0.0116849087894
544        0.00541625207297
549        0.0157860696517
552        0.00819237147595
555        0.0317810945274
557        0.0610762852405
559        0.0253333333333
561        0.0396948590381
565        0.00724046434494
568        0.161590381426
577        0.0724112769486
591        0.0106616915423
600        0.0405903814262
611        0.00353067993367
613        0.0502736318408
8295        0.00835655058043
625        0.0228325041459
636        0.00923880597015
655        0.0174593698176
8303        0.0235887230514
668        0.166140961857
679        0.0170912106136
681        0.0114577114428
683        0.0704875621891
684        0.0184892205638
685        0.122056384743
686        0.00648092868988
687        0.0256135986733
689        0.0334709784411
691        0.00844941956882
693        0.0293150912106
701        0.198744610282
702        0.19276119403
703        0.0861343283582
705        0.0425240464345
714        0.052184079602
715        0.0683930348259
719        0.0227728026534
721        0.0274759535655
724        0.0305456053068
8208        0.0126683250415
744        0.00929353233831
745        0.0354427860697
8317        0.0233266998342
760        0.00947263681592
762        0.0144510779436
763        0.0349402985075
764        0.0201558872305
766        0.0287711442786
6388        0.0625107794362
8209        0.0124709784411
786        0.133976782753
789        0.00641625207297
790        0.0431791044776
800        0.00979933665008
802        0.00426036484245
803        0.0122504145937
808        0.000421227197347
812        0.03964013267
813        0.0105091210614
814        0.0589983416252
815        0.0234776119403
816        0.0507131011609
817        0.00150580431177
826        0.00537313432836
831        0.00945936981758
8211        0.0133051409619
834        0.0114046434494
838        0.00836152570481
839        0.0135190713101
852        0.0194145936982
854        0.0145671641791
855        0.0114809286899
8336        0.00159369817579
8485        0.00151409618574
8349        0.00735323383085
8215        0.0162504145937
8352        0.0329751243781
8355        0.0449867330017
8218        0.0883631840796
8366        0.0317014925373
1103        0.083943615257
1104        0.0133482587065
1113        0.0111525704809
1114        0.00647595356551
1117        0.0115124378109
1119        0.00642288557214
1129        0.03492039801
1133        0.0364660033167
1136        0.054328358209
1137        0.0139950248756
1138        0.0436053067993
1140        0.0466898839138
8386        0.00844444444444
8387        0.00569651741294
8223        0.0153034825871
8391        0.0195572139303
1198        0.040535655058
1200        0.054456053068
1201        0.00646102819237
1205        0.00872139303483
1206        0.00842951907131
1213        0.0846865671642
1220        0.0440547263682
1221        0.0948805970149
8224        0.0482172470978
1224        0.0241873963516
1225        0.110728026534
1226        0.0393150912106
1227        0.00432006633499
1236        0.0552338308458
1237        0.0616053067993
1238        0.0401990049751
1239        0.199131011609
1241        0.0717844112769
1248        0.00868325041459
1251        0.036311774461
8225        0.0124295190713
1254        0.0264875621891
1257        0.0983084577114
8402        0.0182819237148
1263        0.0359950248756
1267        0.0790232172471
1270        0.0895572139303
1273        0.125278606965
1275        0.0505008291874
1276        0.040175787728
1280        0.170973466003
8226        0.0391077943615
1290        0.12491708126
1292        0.00928026533997
1299        0.135552238806
8409        0.00040464344942
1312        0.00536650082919
1321        0.037056384743
1322        0.035271973466
1323        0.0838275290216
1324        0.0344941956882
1325        0.0600265339967
1326        0.0296268656716
1327        0.0413217247098
1328        0.0342388059701
1329        0.0325024875622
1330        0.024223880597
1331        0.0343648424544
1332        0.0433333333333
1333        0.0301691542289
1334        0.0475373134328
1335        0.03792039801
1341        0.0294029850746
1342        0.0233814262023
1347        0.0326053067993
8417        0.0113781094527
10686        0.0236185737977
8431        0.012447761194
1461        0.004592039801
1556        0.0139485903814
1559        0.0105854063018
1562        0.0131459369818
1564        0.00609950248756
1565        0.0132271973466
1568        0.010679933665
1569        0.0164278606965
1570        0.0103532338308
1573        0.000535655058043
1589        0.0125970149254
1591        0.00921558872305
1601        0.00836650082919
8460        0.00924378109453
8237        0.0230895522388
8463        0.0185323383085
1653        0.0718026533997
1657        0.00819071310116
1659        0.0235588723051
1660        0.0126169154229
1661        0.0262786069652
1662        0.0202106135987
1664        0.0423300165837
1667        0.0518441127695
1668        0.0296036484245
8470        0.0241194029851
1670        0.0386202321725
1672        0.0308756218905
1673        0.170870646766
1674        0.0408341625207
1675        0.0464510779436
1677        0.0334543946932
1678        0.00849253731343
1679        0.00726036484245
1680        0.0470696517413
1681        0.019943615257
1682        0.0358490878939
1683        0.026320066335
1686        0.0360696517413
1687        0.0313250414594
1689        0.0124245439469
1691        0.0696500829187
1693        0.0327545605307
1694        0.0405704809287
1695        0.0255688225539
1697        0.00251575456053
1698        0.00445273631841
1706        0.0466218905473
1717        0.0152653399668
1732        0.0243001658375
1739        0.00759369817579
1740        0.1994013267
1741        0.0318109452736
1742        0.013175787728
1744        0.0279834162521
1746        0.136600331675
1747        0.00140630182421
1749        0.0343084577114
1754        0.0155323383085
1755        0.196394693201
1757        0.00771475953566
1759        0.119502487562
1760        0.0682868988391
1761        0.0272951907131
1767        0.0588673300166
1776        0.0223731343284
1778        0.0453847429519
8489        0.0114759535655
1784        0.0424577114428
1785        0.0715489220564
1789        0.0342570480929
1797        0.0377827529022
1798        0.036767827529
1800        0.183368159204
1808        0.0283897180763
1830        0.04571973466
1831        0.00459369817579
1833        0.0687910447761
1835        0.0216766169154
1836        0.0363383084577
1839        0.0370530679934
1840        0.00149087893864
1842        0.0558772802653
1849        0.190669983416
1850        0.0548391376451
1852        0.0526252072968
1853        0.0329336650083
1879        0.0546965174129
1880        0.0570597014925
1882        0.00712935323383
1883        0.0151608623549
1887        0.0848855721393
1888        0.0312620232172
1890        0.111298507463
1891        0.0310348258706
1897        0.0350232172471
1899        0.0310978441128
1901        0.0330630182421
1902        0.0299834162521
1906        0.0300182421227
1908        0.0382902155887
1909        0.00421061359867
1913        0.0782653399668
1914        0.0279651741294
1916        0.0319585406302
1922        0.00838142620232
1930        0.0840149253731
1932        0.0290132669983
1955        0.0117860696517
1957        0.0288009950249
1967        0.0612653399668
1970        0.00726368159204
1975        0.0135422885572
1978        0.0182951907131
1982        0.0987628524046
1984        0.0123963515755
1986        0.00705306799337
1991        0.0113731343284
1998        0.0122487562189
2003        0.0380331674959
2007        0.0345240464345
2008        0.0214759535655
2011        0.0333250414594
2012        0.00370978441128
2015        0.0502935323383
2018        0.00467164179104
2019        0.00863018242123
2024        0.0622106135987
2027        0.0332653399668
2028        0.059192371476
2033        0.0370464344942
2036        0.0115290215589
2041        0.188266998342
2042        0.0748689883914
2044        0.069495854063
10240        0.0529684908789
10241        0.0409817578773
10243        0.00433830845771
2052        0.0221741293532
2056        0.0375737976783
10249        0.0603001658375
10250        0.03007960199
10252        0.057600331675
10256        0.0545190713101
10257        0.0359303482587
10258        0.0614179104478
10259        0.0321542288557
10260        0.0291459369818
10261        0.00831674958541
10263        0.0411011608624
10264        0.0135804311774
10265        0.064271973466
10266        0.058407960199
10267        0.0510066334992
10268        0.0341210613599
10269        0.0353383084577
10270        0.00733001658375
10271        0.0310547263682
10275        0.0369535655058
10278        0.0553797678275
10279        0.00438142620232
10289        0.0143051409619
10292        0.0492354892206
10295        0.034504145937
10297        0.106424543947
2107        0.012271973466
2108        0.0321011608624
2109        0.00631177446103
10302        0.0672305140962
10303        0.10747761194
10304        0.055872305141
10305        0.0416086235489
10306        0.00238474295191
2116        0.045407960199
2117        0.0213018242123
2118        0.0619469320066
10311        0.0648855721393
2120        0.0231227197347
10314        0.0400165837479
10316        0.025096185738
10317        0.0685787728027
10318        0.00439137645108
10319        0.0661094527363
2128        0.0103184079602
10322        0.00240464344942
2131        0.00148756218905
10325        0.0284145936982
10326        0.0486053067993
2135        0.0163250414594
10330        0.0654792703151
10331        0.00657877280265
2140        0.0376484245439
10333        0.0322288557214
10334        0.0650033167496
10335        0.00441791044776
10337        0.0807877280265
2146        0.0269087893864
10339        0.0402686567164
2148        0.00326368159204
2150        0.0691741293532
10345        0.0504908789386
10347        0.0461890547264
10348        0.0301674958541
10349        0.00544112769486
10352        0.0263349917081
10354        0.0347777777778
10355        0.067912106136
10357        0.00450580431177
10358        0.058991708126
10359        0.0542769485904
10361        0.0607744610282
10363        0.0289369817579
10366        0.0371426202322
10367        0.0345223880597
10368        0.0471592039801
10377        0.0401160862355
10380        0.0239883913765
10382        0.0346019900498
10383        0.0358490878939
10384        0.0518938640133
10385        0.00435489220564
10387        0.0823980099502
10389        0.0402222222222
10390        0.0329867330017
10392        0.0377694859038
10393        0.0270364842454
10395        0.0555223880597
10396        0.0581940298507
10397        0.0721293532338
10399        0.0732039800995
10400        0.0188822553897
10409        0.0654361525705
10412        0.0172852404643
10413        0.0242786069652
10414        0.0565422885572
10416        0.0634494195688
10417        0.00764344941957
10419        0.0367180762852
10422        0.033175787728
10424        0.0636185737977
10430        0.0587429519071
10431        0.0278855721393
10435        0.0607893864013
10436        0.0073416252073
10440        0.0554693200663
10442        0.0296285240464
10444        0.0579336650083
10447        0.030824212272
10448        0.00726368159204
10450        0.0294328358209
10454        0.0153366500829
10460        0.0295422885572
10465        0.0533880597015
10466        0.00334494195688
10467        0.0353963515755
10468        0.036815920398
2277        0.0381094527363
10471        0.0588673300166
10473        0.0592155887231
10475        0.0340945273632
10477        0.0558573797678
10478        0.0348175787728
10479        0.00867330016584
10481        0.017368159204
10482        0.0166583747927
10484        0.0358009950249
10485        0.0333167495854
10487        0.0153432835821
10496        0.0124212271973
10501        0.00936981757877
10504        0.0323300165837
10505        0.0054328358209
10507        0.033039800995
10512        0.0748258706468
10513        0.05728026534
10514        0.00344610281924
10515        0.0392139303483
10516        0.0654461028192
10518        0.0320381426202
10519        0.0146932006633
10520        0.0147595356551
10533        0.00936981757877
10534        0.0618474295191
10535        0.0589552238806
10536        0.0340746268657
10537        0.0575406301824
10545        0.00718407960199
10549        0.039135986733
10552        0.0321243781095
10553        0.059127694859
10559        0.0563764510779
10561        0.0361459369818
10562        0.0336948590381
10563        0.0308922056385
10570        0.0112106135987
2379        0.0418258706468
2380        0.0263266998342
2381        0.0340895522388
10577        0.0621409618574
10581        0.0268888888889
10584        0.0553184079602
10585        0.00723051409619
10601        0.0115107794362
10603        0.0238822553897
10604        0.0274510779436
10605        0.0144394693201
10606        0.019679933665
10609        0.0280331674959
10614        0.048456053068
10621        0.0514742951907
10622        0.0373499170813
10633        0.0441393034826
10636        0.0271094527363
10641        0.0657064676617
10665        0.0627976782753
10671        0.0184145936982
10672        0.0614776119403
10673        0.0365240464345
10680        0.0367844112769
2490        0.0228258706468
2493        0.0911194029851
2494        0.000414593698176
2495        0.0162968490879
2497        0.197800995025
2498        0.0520348258706
2500        0.120081260365
2501        0.0555870646766
10694        0.0231475953566
2503        0.0345771144279
2504        0.0316998341625
2505        0.0202570480929
2506        0.034
2508        0.0315588723051
2510        0.0839933665008
2511        0.058263681592
2512        0.0152421227197
2513        0.117061359867
2514        0.0896053067993
2515        0.0343930348259
2516        0.172784411277
2517        0.0490315091211
2518        0.0671724709784
2519        0.0575671641791
2520        0.0375389718076
2521        0.119218905473
2522        0.0228524046434
2523        0.00224046434494
2524        0.0454046434494
2525        0.0281177446103
2526        0.0299568822554
2527        0.0683731343284
2528        0.0194610281924
2529        0.132502487562
2532        0.0243300165837
2544        0.0051144278607
2546        0.00360530679934
2547        0.003592039801
2548        0.197772802653
2549        0.013368159204
2551        0.183205638474
2553        0.0114676616915
2554        0.0800646766169
2561        0.0345422885572
2563        0.0273266998342
2568        0.0509834162521
2571        0.079311774461
2572        0.0418772802653
2573        0.0127296849088
64600        0.037912106136
2578        0.0424693200663
2581        0.0351194029851
64601        0.0310928689884
2587        0.00345771144279
2588        0.0232553897181
2592        0.0389767827529
2593        0.0160199004975
2598        0.0103631840796
2602        0.02264013267
2603        0.114548922056
2605        0.00132504145937
2607        0.0224096185738
2609        0.0237114427861
2610        0.0474179104478
2611        0.0599303482587
2614        0.0146268656716
2629        0.0112354892206
2631        0.0115986733002
2632        0.00639303482587
2637        0.0341625207297
2638        0.00333665008292
2640        0.0441674958541
2643        0.0024096185738
2647        0.029271973466
2648        0.0609668325041
2651        0.00428358208955
2652        0.026096185738
2653        0.00456218905473
2654        0.0136948590381
2655        0.00461194029851
2659        0.00660033167496
2683        0.0086583747927
2685        0.17495854063
2686        0.0731210613599
2687        0.0553432835821
2688        0.0114892205638
2697        0.0443714759536
2698        0.0105555555556
2702        0.0340066334992
2704        0.0122620232172
2706        0.0401525704809
2707        0.0283764510779
2711        0.0386981757877
2713        0.0262338308458
2714        0.0278275290216
2715        0.0312139303483
2744        0.0124195688226
2752        0.0133714759536
2764        0.0220995024876
2766        0.0407114427861
2772        0.00432835820896
2819        0.0275721393035
2820        0.0456417910448
2822        0.0394444444444
2828        0.167366500829
2831        0.00444610281924
2832        0.0136235489221
2833        0.00240630182421
2834        0.00945771144279
2836        0.0256169154229
2837        0.00636981757877
2840        0.0113034825871
2841        0.00323714759536
2843        0.0122852404643
2845        0.00240132669983
2847        0.0222736318408
2848        0.0067960199005
2852        0.0554427860697
2853        0.0349320066335
2854        0.0683963515755
2855        0.0451011608624
2856        0.139975124378
2860        0.0238275290216
2861        0.0214311774461
2865        0.00446600331675
2871        0.0906185737977
2874        0.0948673300166
2875        0.00341459369818
2876        0.031872305141
2895        0.0320132669983
2899        0.0630049751244
2900        0.0884626865672
2901        0.0411708126036
2902        0.0409950248756
2905        0.0544693200663
2907        0.0911160862355
2911        0.0657296849088
2914        0.198646766169
2915        0.0872968490879
2917        0.0978275290216
2918        0.0838175787728
2933        0.120348258706
2941        0.0327877280265
2966        0.0290679933665
3053        0.00638474295191
8285        0.00648590381426
3056        0.0311824212272
3058        0.0131824212272
3064        0.0510514096186
3066        0.0288142620232
3079        0.0291326699834
3080        0.0394029850746
3081        0.0289535655058
3104        0.0578026533997
3110        0.0611608623549
3111        0.062903814262
3112        0.00936650082919
3113        0.034175787728
3128        0.0111094527363
3130        0.0322089552239
3132        0.052232172471
3134        0.0224378109453
3136        0.00549751243781
3142        0.00741625207297
3144        0.0388258706468
3148        0.00634825870647
3149        0.0423184079602
3150        0.0428374792703
3152        0.0260580431177
3208        0.0301824212272
3215        0.0958424543947
3216        0.0468756218905
3218        0.0306119402985
3219        0.00240464344942
3220        0.0712023217247
3221        0.00650580431177
3225        0.0356699834163
3227        0.00742288557214
3228        0.0729618573798
3230        0.000376451077944
3233        0.0389751243781
3235        0.00858043117745
3238        0.0184792703151
3239        0.0143018242123
3240        0.0024328358209
3242        0.0449170812604
3243        0.07035986733
3244        0.0366766169154
3245        0.0299983416252
3246        0.0759734660033
3248        0.0416600331675
3249        0.0252968490879
3251        0.0174527363184
3252        0.0142222222222
3253        0.00850414593698
3254        0.0173913764511
3255        0.0251674958541
3256        0.0421724709784
3257        0.178036484245
3258        0.0150713101161
3259        0.0786815920398
3260        0.00136484245439
3261        0.0124742951907
3262        0.0490895522388
3264        0.0382437810945
3265        0.0225124378109
3267        0.000424543946932
3268        0.0389320066335
3269        0.0140630182421
3273        0.0147346600332
3274        0.0197429519071
3277        0.0215605306799
3278        0.0305638474295
3286        0.0906948590381
3291        0.0524610281924
3292        0.043903814262
3300        0.143265339967
3301        0.0271310116086
3302        0.106013266998
3303        0.119467661692
3304        0.0416998341625
3305        0.0788457711443
3306        0.0433930348259
3307        0.0247645107794
3308        0.0336849087894
3313        0.0260364842454
3314        0.00250414593698
3315        0.00776616915423
3316        0.00977777777778
3319        0.00662023217247
3320        0.15388225539
3323        0.00850414593698
3324        0.0394925373134
3325        0.00713930348259
3327        0.0254660033167
3328        0.0903300165837
3329        0.0387711442786
3330        0.0402039800995
3332        0.00733499170813
3333        0.113726368159
3334        0.0164776119403
3335        0.00153399668325
3336        0.0892404643449
3338        0.00344444444444
3339        0.0117711442786
3340        0.025175787728
3342        0.0632653399668
3343        0.0156119402985
3344        0.0763515754561
3346        0.00451741293532
3350        0.00820729684909
3352        0.0503631840796
3353        0.0502056384743
3354        0.0546616915423
3356        0.171532338308
3358        0.00946434494196
3359        0.00344444444444
3360        0.00656384742952
3361        0.0941973466003
3362        0.0455472636816
3363        0.0164726368159
3364        0.00751409618574
3365        0.0539635157546
3366        0.0640016583748
3368        0.057271973466
3378        0.0215721393035
3379        0.0604228855721
3380        0.0271973466003
3381        0.0135638474295
3384        0.0952686567164
3386        0.0605389718076
3388        0.0113051409619
3389        0.00153897180763
3390        0.00336981757877
3392        0.060320066335
3393        0.0587446102819
3394        0.0291608623549
3402        0.085728026534
3403        0.0404709784411
3404        0.0728192371476
3405        0.0368905472637
3407        0.16835986733
3409        0.00429187396352
3421        0.019039800995
3424        0.00550746268657
3428        0.0484859038143
3429        0.03071973466
3431        0.0288208955224
3447        0.070039800995
3448        0.0634759535655
3449        0.00259867330017
3450        0.0611956882255
3451        0.036824212272
3452        0.036008291874
3454        0.0419734660033
3458        0.0322769485904
3460        0.00343781094527
3462        0.0414129353234
3463        0.0973797678275
3464        0.063960199005
3472        0.00367993366501
3479        0.0599585406302
3480        0.00917081260365
3484        0.00540132669983
3488        0.051127694859
3491        0.185688225539
3492        0.0682338308458
3493        0.03335986733
3502        0.05964013267
3505        0.0591857379768
3506        0.034688225539
3508        0.0862371475954
3510        0.0201094527363
3512        0.0370729684909
3513        0.0293383084577
3527        0.0265124378109
8301        0.0376169154229
3541        0.00999834162521
3548        0.00846766169154
3549        0.159674958541
3550        0.0176036484245
3554        0.105628524046
3555        0.0299883913765
3557        0.10356053068
3559        0.065991708126
3561        0.198106135987
3563        0.102804311774
3564        0.0737412935323
3566        0.0478059701493
3567        0.0630762852405
3571        0.0431475953566
3575        0.0174759535655
3576        0.0143349917081
3577        0.0146550580431
3578        0.0375605306799
3581        0.0345456053068
3582        0.0212504145937
3586        0.0317810945274
3588        0.0387263681592
3591        0.0392222222222
3593        0.0726069651741
3594        0.0368673300166
3596        0.00755223880597
3597        0.0307960199005
3599        0.0320364842454
3602        0.0626119402985
3603        0.00350248756219
3605        0.0105389718076
3608        0.0481160862355
3614        0.0799817578773
3615        0.0142454394693
3616        0.0318971807629
3628        0.015144278607
3632        0.0106019900498
3640        0.00461857379768
3661        0.0135456053068
3662        0.0387180762852
3663        0.0442951907131
3669        0.0411807628524
3670        0.00535820895522
3671        0.0316218905473
3672        0.0205140961857
3674        0.0902006633499
3676        0.0354726368159
3677        0.0181973466003
4709        0.04364013267
3680        0.0283233830846
8306        0.0202587064677
3700        0.0601111111111
3701        0.054535655058
3703        0.0893466003317
3705        0.0280049751244
3708        0.0412039800995
3718        0.0336334991708
3720        0.125573797678
3722        0.0411558872305
3725        0.0136384742952
3727        0.0228706467662
3728        0.0644013266998
6083        0.0156650082919
3733        0.0642968490879
3734        0.0687993366501
3735        0.0686202321725
3737        0.010447761194
3739        0.0801028192371
3741        0.0419933665008
3742        0.0697562189055
3743        0.043951907131
3746        0.0336683250415
3748        0.000421227197347
3749        0.0626202321725
3751        0.0672985074627
3753        0.0314709784411
3757        0.0144179104478
3758        0.0709386401327
3761        0.0341509121061
3763        0.131048092869
3764        0.0240812603648
3766        0.0074096185738
3768        0.0734626865672
3770        0.0380613598673
3776        0.00806633499171
3782        0.000388059701493
3783        0.00241791044776
3784        0.000388059701493
3786        0.077679933665
3789        0.0897512437811
3790        0.061416252073
3791        0.0689767827529
3796        0.0457296849088
3799        0.0567495854063
3801        0.0745887230514
3803        0.0704394693201
3804        0.0232885572139
3807        0.0167976782753
3812        0.00940298507463
3813        0.0131326699834
3814        0.0371824212272
3815        0.0290746268657
3817        0.0189983416252
3819        0.0236451077944
3820        0.0417827529022
3824        0.0621011608624
3830        0.0260364842454
3831        0.0717462686567
3833        0.0647031509121
3836        0.014495854063
3838        0.0728474295191
3839        0.0125323383085
3844        0.0309817578773
3845        0.0402570480929
3846        0.0350215588723
3847        0.197268656716
3850        0.0359734660033
3851        0.0354842454395
3855        0.0307744610282
3856        0.0430066334992
3857        0.0808291873964
3859        0.00843946932007
3861        0.0117081260365
3862        0.0116036484245
3863        0.0182835820896
3864        0.0102902155887
3865        0.0123946932007
3866        0.0134378109453
3867        0.00905140961857
3868        0.0102222222222
3869        0.0153698175788
3870        0.0104742951907
3871        0.0112023217247
3872        0.00613764510779
3873        0.0121658374793
3874        0.00932504145937
3875        0.0126616915423
3876        0.00935489220564
3878        0.0172935323383
3879        0.0163034825871
3880        0.0154063018242
3881        0.0114759535655
3882        0.0156650082919
3883        0.0186053067993
3884        0.0103913764511
3885        0.0142155887231
3886        0.00900497512438
3887        0.0147330016584
3888        0.00739137645108
3889        0.0101641791045
3890        0.0126533996683
3891        0.0124245439469
3892        0.0092056384743
3893        0.015144278607
3894        0.0102951907131
3895        0.0104842454395
3899        0.0331492537313
3900        0.046328358209
3903        0.00559535655058
3904        0.0329701492537
3905        0.0183980099502
3909        0.0815008291874
3911        0.0242122719735
3912        0.0870845771144
3914        0.147379767828
3915        0.162207296849
3925        0.0606218905473
3931        0.0267827529022
3932        0.142905472637
3937        0.0618126036484
3940        0.0497379767828
3950        0.041679933665
3951        0.16452238806
3956        0.00434328358209
3957        0.0354029850746
3962        0.038728026534
3963        0.0206069651741
3964        0.00247595356551
3967        0.16771641791
3970        0.0330265339967
3976        0.0738988391376
3994        0.0483913764511
3996        0.0302570480929
3999        0.0198706467662
4000        0.191298507463
4001        0.0571426202322
4003        0.138323383085
4004        0.134593698176
4005        0.112328358209
4006        0.152903814262
4010        0.0365903814262
4015        0.0353582089552
4017        0.0121973466003
4039        0.0567628524046
4040        0.0155754560531
4043        0.0290679933665
4045        0.0387860696517
4052        0.0547512437811
4057        0.03271973466
4058        0.0875671641791
4060        0.0115290215589
8319        0.021263681592
2048        0.00937313432836
4109        0.00861194029851
4125        0.0141409618574
4128        0.0357545605307
4129        0.0921956882255
4130        0.0111326699834
4133        0.0342205638474
4134        0.107635157546
4136        0.0812786069652
4137        0.0297893864013
4140        0.0318109452736
4143        0.0141807628524
4148        0.0185953565506
4150        0.063631840796
4151        0.0571807628524
4158        0.00636484245439
4167        0.0464991708126
4178        0.00862852404643
4181        0.0627429519071
4183        0.125779436153
4184        0.0220746268657
4187        0.0319684908789
4193        0.0359684908789
4195        0.0290762852405
4197        0.0590646766169
4198        0.0770331674959
4200        0.191981757877
4201        0.00541791044776
4203        0.0372354892206
4205        0.0378474295191
4208        0.106592039801
4213        0.059175787728
4214        0.0113797678275
4215        0.0148590381426
4216        0.00561691542289
4217        0.0111243781095
4219        0.010320066335
4221        0.00927860696517
4222        0.0309419568823
4223        0.0384892205638
4230        0.0953399668325
4231        0.0867893864013
4232        0.048311774461
4239        0.0463764510779
4243        0.0283548922056
4247        0.028495854063
4251        0.032048092869
4252        0.008592039801
4257        0.0337031509121
4258        0.0598026533997
4259        0.0836152570481
4261        0.0745588723051
4262        0.0301973466003
4269        0.0590165837479
4270        0.0293548922056
4271        0.0317330016584
4272        0.0412520729685
4274        0.046184079602
4277        0.03928026534
4278        0.064
4279        0.0339154228856
4281        0.0332868988391
4283        0.0329286898839
4284        0.0382155887231
4285        0.0380149253731
4286        0.0362918739635
4292        0.0298872305141
4293        0.0367495854063
4306        0.0368673300166
4309        0.0858358208955
4310        0.0251194029851
4314        0.0835472636816
4319        0.0637230514096
4327        0.0622553897181
4352        0.0617014925373
4354        0.0561956882255
4355        0.0836766169154
4356        0.0303930348259
4358        0.0561990049751
4359        0.0287645107794
4364        0.0587048092869
4366        0.0134626865672
4372        0.0448772802653
4373        0.0501791044776
4374        0.0835223880597
4376        0.0629402985075
4377        0.0327529021559
4387        0.0185903814262
4390        0.0403648424544
4393        0.0264626865672
4433        0.0632786069652
4434        0.0135157545605
4436        0.14956053068
4437        0.0381310116086
4444        0.0360248756219
4452        0.0548391376451
4454        0.0483101160862
4456        0.0368789386401
4459        0.0560248756219
4465        0.0276567164179
2110        0.0210679933665
4470        0.0111376451078
4472        0.0542985074627
4475        0.0249552238806
4480        0.012368159204
4481        0.0134975124378
4482        0.0124825870647
4483        0.0142570480929
4484        0.0146865671642
4485        0.0102786069652
4486        0.0136650082919
4487        0.0107247097844
4488        0.00813101160862
4489        0.0148374792703
4490        0.014495854063
4492        0.0686119402985
4493        0.00141293532338
4495        0.050815920398
4496        0.0363913764511
4509        0.0215854063018
4511        0.0792139303483
4513        0.0599369817579
4515        0.0722072968491
4519        0.0337645107794
4521        0.0233913764511
4527        0.0925157545605
4534        0.100407960199
4535        0.0412189054726
4538        0.0297529021559
4539        0.0381210613599
4540        0.153903814262
4543        0.0426981757877
4544        0.138870646766
4546        0.00557711442786
4550        0.0560995024876
4553        0.0459635157546
4554        0.0124013266998
4565        0.174409618574
4568        0.0132902155887
4573        0.0333930348259
4574        0.0423018242123
4583        0.0627595356551
4587        0.0698789386401
4589        0.0987661691542
4592        0.031039800995
4595        0.00438805970149
4596        0.0728706467662
4599        0.08564013267
4600        0.0692786069652
4605        0.00452072968491
4608        0.030543946932
4609        0.0424029850746
4610        0.02064013267
4611        0.013223880597
2134        0.0351525704809
4614        0.0267462686567
4616        0.00736815920398
4617        0.00717910447761
4618        0.024056384743
4619        0.00735157545605
4621        0.0351990049751
4622        0.0084311774461
4623        0.0474776119403
4624        0.0123548922056
4627        0.0289021558872
4628        0.0159170812604
4630        0.00822388059701
4631        0.0232139303483
772        0.00999834162521
4634        0.0189320066335
4637        0.0949502487562
4639        0.0111608623549
4641        0.0113001658375
4642        0.0215555555556
4643        0.0307827529022
4644        0.0115456053068
4645        0.0613747927032
4646        0.015456053068
4647        0.013583747927
4648        0.0639220563847
4650        0.00437976782753
4651        0.060127694859
4652        0.00843615257048
4654        0.0164693200663
4655        0.0218590381426
4656        0.0151575456053
4657        0.00847595356551
4658        0.0154676616915
4660        0.00832835820896
4662        0.018311774461
4663        0.00511111111111
4665        0.00917744610282
4666        0.0490215588723
4668        0.0110298507463
4669        0.0536965174129
4670        0.0377578772803
4672        0.0312338308458
4673        0.0846683250415
4675        0.0620331674959
4677        0.0440447761194
4678        0.0467529021559
4680        0.0782056384743
4681        0.0589535655058
4682        0.0546782752902
4683        0.00734825870647
4684        0.016552238806
4685        0.0673101160862
4686        0.053872305141
4688        0.0522122719735
4690        0.0183665008292
4691        0.0611890547264
4692        0.0441475953566
4693        0.06364013267
4694        0.144361525705
4695        0.0519635157546
4696        0.0194726368159
4698        0.064592039801
4700        0.0204875621891
4702        0.062495854063
4703        0.0432255389718
4704        0.0709353233831
4705        0.0417611940299
4706        0.0327379767828
4707        0.0131426202322
4708        0.019991708126
10342        0.0630364842454
4710        0.0435804311774
4711        0.0527960199005
4713        0.064671641791
4714        0.0165058043118
4716        0.0572006633499
4719        0.0170199004975
4720        0.0356650082919
4722        0.100001658375
4723        0.0364427860697
4724        0.0502354892206
4725        0.103671641791
4727        0.0283797678275
4728        0.0534278606965
4729        0.0146434494196
4730        0.0202072968491
4732        0.0584344941957
4733        0.0390033167496
4736        0.0154925373134
4738        0.00933001658375
4739        0.0208689883914
4740        0.0114411276949
4741        0.0324179104478
4742        0.0375655058043
4744        0.0063864013267
4745        0.04892039801
4746        0.00823383084577
4747        0.0212819237148
4748        0.0195273631841
4749        0.00567661691542
4750        0.0521293532338
4755        0.0725290215589
4757        0.0155704809287
4759        0.0287711442786
4760        0.0662404643449
4761        0.0566368159204
4762        0.0154908789386
4763        0.0127164179104
4765        0.0546484245439
4766        0.041271973466
4767        0.0116500829187
4768        0.0634527363184
4773        0.0193548922056
4774        0.092600331675
4776        0.0351227197347
4777        0.0672023217247
4778        0.0543548922056
4780        0.0558225538972
4783        0.0164262023217
4786        0.0392371475954
4787        0.0499336650083
4788        0.059464344942
4790        0.0343847429519
4791        0.0294892205638
4792        0.0329684908789
4793        0.0171907131012
4794        0.0144195688226
4795        0.00744278606965
4797        0.0203217247098
4798        0.027039800995
4799        0.0550315091211
4800        0.00727694859038
4801        0.00730182421227
4803        0.0354610281924
4804        0.0145953565506
4805        0.0462354892206
4807        0.0025456053068
4808        0.0133698175788
4853        0.0145621890547
4854        0.030991708126
4855        0.0116898839138
4857        0.0167263681592
4860        0.0255953565506
4861        0.0343880597015
4908        0.0391956882255
4911        0.0666434494196
4912        0.038056384743
4913        0.029328358209
4922        0.034960199005
4923        0.0287694859038
4926        0.10375787728
4927        0.0152736318408
4940        0.083592039801
4946        0.0322222222222
4947        0.0365605306799
4952        0.0333963515755
4958        0.06692039801
4959        0.0865140961857
4963        0.0737429519071
4966        0.0424245439469
4967        0.0363714759536
4968        0.083184079602
4969        0.159800995025
4979        0.0342819237148
4982        0.0184908789386
4983        0.0596815920398
4984        0.0440945273632
4989        0.0343980099502
4993        0.0304262023217
4996        0.0268441127695
4999        0.0360696517413
5000        0.157714759536
5002        0.0505903814262
5003        0.059328358209
5004        0.0385804311774
5006        0.0806948590381
5009        0.0746185737977
5011        0.0141111111111
5024        0.0696733001658
5033        0.0595157545605
5041        0.0620315091211
5046        0.0582255389718
5048        0.0618971807629
5049        0.069328358209
5050        0.0326981757877
5051        0.0292056384743
5053        0.0225323383085
5056        0.0638822553897
5058        0.00450580431177
5071        0.0416915422886
5072        0.0408573797678
5074        0.0116185737977
5075        0.0159485903814
5076        0.0799850746269
5078        0.0348192371476
5081        0.0284842454395
5085        0.0106451077944
5086        0.031127694859
5088        0.0544212271973
5089        0.126650082919
5097        0.0676832504146
5099        0.00424378109453
5101        0.0679303482587
5105        0.0282255389718
5106        0.0281343283582
5107        0.0337048092869
5109        0.0624096185738
5119        0.036271973466
5188        0.0111873963516
5200        0.0125323383085
5202        0.0180597014925
5203        0.00451409618574
5205        0.0134212271973
5206        0.0114212271973
5207        0.0144179104478
5208        0.00908457711443
5209        0.0161044776119
5210        0.0136583747927
5211        0.0124626865672
5212        0.0133714759536
5213        0.010600331675
5214        0.00723548922056
5215        0.0144676616915
5217        0.0133432835821
5218        0.0112752902156
5220        0.0114013266998
5232        0.00900331674959
5234        0.0194096185738
5235        0.0126932006633
5240        0.015464344942
5241        0.00525373134328
5248        0.0162072968491
5251        0.0124013266998
5256        0.0116252072968
5303        0.0155091210614
5309        0.00700663349917
5323        0.0111674958541
5324        0.0123051409619
5339        0.0261144278607
5377        0.0947114427861
5378        0.188895522388
5379        0.0416948590381
5380        0.00658208955224
5381        0.0052951907131
5382        0.0297495854063
5384        0.0550895522388
5385        0.0278391376451
5387        0.00139469320066
5388        0.168016583748
5389        0.0402421227197
5390        0.158462686567
5391        0.0275190713101
5392        0.0142703150912
5393        0.011600331675
5394        0.0133383084577
5395        0.0172388059701
5396        0.0233366500829
5397        0.0166218905473
5398        0.0183963515755
5399        0.0136384742952
5400        0.122172470978
5401        0.0466865671642
5402        0.00247097844113
5403        0.0557844112769
5405        0.0391940298507
5407        0.0528043117745
5408        0.0211724709784
5409        0.119006633499
5410        0.066175787728
5412        0.0506517412935
5413        0.1988026534
5414        0.0084096185738
5415        0.0431393034826
5416        0.0621343283582
5417        0.0822006633499
5418        0.120578772803
5421        0.00342454394693
5422        0.0439718076285
5423        0.00839303482587
5424        0.0322703150912
5425        0.0318308457711
5426        0.0371326699834
5427        0.0619933665008
5428        0.0113830845771
5429        0.013600331675
5430        0.055495854063
5431        0.0055671641791
5432        0.0146368159204
5433        0.000502487562189
5434        0.0417810945274
5435        0.0343963515755
5436        0.0214527363184
5441        0.00874129353234
5442        0.000407960199005
5443        0.0117728026534
5444        0.00258043117745
5445        0.00355223880597
5446        0.00046600331675
5447        0.000431177446103
5448        0.00538971807629
5449        0.00158208955224
5450        0.000451077943615
5451        0.00348756218905
2274        0.00341293532338
5455        0.00949751243781
5456        0.00245107794362
5457        0.000409618573798
5459        0.189625207297
5462        0.156064676617
5463        0.017552238806
2276        0.0704726368159
5466        0.059872305141
5467        0.00144610281924
5468        0.00370149253731
5469        0.027
5470        0.00634494195688
5471        0.000563847429519
5474        0.0332437810945
5479        0.0193830845771
5480        0.00251243781095
5481        0.0491708126036
5482        0.0407529021559
5483        0.0566019900498
5484        0.0311724709784
5486        0.0664709784411
5490        0.0653946932007
5491        0.0592189054726
5492        0.0153565505804
5494        0.0340580431177
5495        0.0015671641791
5496        0.1067960199
5498        0.00517910447761
5499        0.00866666666667
5500        0.0390066334992
5501        0.0348192371476
5503        0.0514179104478
5505        0.0173449419569
5506        0.0201857379768
5507        0.0137114427861
5509        0.0562056384743
5510        0.0468822553897
5511        0.0571094527363
5512        0.0144742951907
5513        0.0117147595357
5516        0.00527860696517
5517        0.0393018242123
5518        0.028192371476
5519        0.0905555555556
5520        0.00730514096186
5521        0.0123731343284
5522        0.062776119403
5532        0.0168888888889
5533        0.0286119402985
5535        0.0202918739635
5536        0.0423764510779
5537        0.0133847429519
5539        0.0435107794362
5540        0.0478225538972
5543        0.00751741293532
5547        0.0154311774461
5548        0.00338805970149
5549        0.0802106135987
5551        0.0959618573798
5553        0.00257048092869
5554        0.00936815920398
5556        0.103502487562
5557        0.0966268656716
5558        0.00713930348259
5559        0.0845820895522
5560        0.0346849087894
5561        0.0399071310116
5563        0.0133349917081
5564        0.0571243781095
5565        0.0151011608624
5567        0.00157213930348
5568        0.00738971807629
5569        0.00433499170813
5571        0.0869087893864
5572        0.00142454394693
5573        0.000399668325041
5577        0.0480116086235
5578        0.0155091210614
5580        0.0460381426202
5582        0.0395820895522
5583        0.0562786069652
5586        0.0381509121061
5587        0.0416583747927
5588        0.0405389718076
5589        0.0237960199005
5590        0.0654693200663
5592        0.00559369817579
5594        0.0421475953566
5595        0.0640762852405
5596        0.0104145936982
5597        0.00963018242123
5598        0.00334494195688
5599        0.0361691542289
5600        0.0172404643449
5603        0.0344444444444
5604        0.0440679933665
5606        0.0379104477612
5607        0.0828872305141
5609        0.0163250414594
5610        0.0515754560531
5611        0.0492189054726
5612        0.0103797678275
5615        0.0153482587065
5617        0.0825273631841
5618        0.0200613598673
5619        0.00334494195688
5620        0.0156119402985
5621        0.0809386401327
5622        0.0411210613599
5623        0.0505008291874
5625        0.00834991708126
5627        0.00536152570481
5628        0.0348441127695
5629        0.0340663349917
5630        0.049328358209
5631        0.0777396351575
5632        0.0998689883914
5639        0.0303880597015
5641        0.0369651741294
5645        0.0396285240464
5646        0.181605306799
5648        0.0186451077944
5650        0.120351575456
5651        0.0664626865672
5652        0.0551592039801
5653        0.011311774461
5655        0.0500414593698
5656        0.0598258706468
5661        0.0344543946932
5662        0.0853067993366
5666        0.0598043117745
5668        0.0377230514096
5669        0.160281923715
5671        0.0807595356551
5672        0.0523532338308
5673        0.0456119402985
5674        0.0342039800995
5675        0.0230464344942
5676        0.0500746268657
5677        0.0372039800995
5678        0.0315306799337
5679        0.0335936981758
5680        0.0357545605307
5681        0.0302437810945
5682        0.0410746268657
5683        0.183170812604
5684        0.0563051409619
5687        0.0360381426202
5688        0.0256417910448
5689        0.0353233830846
5691        0.0261542288557
5692        0.0224908789386
5693        0.059464344942
5696        0.187618573798
5698        0.0453797678275
5700        0.0330149253731
5702        0.0222769485904
5703        0.0363864013267
5704        0.0312189054726
5705        0.0895190713101
5706        0.0414212271973
5710        0.0232139303483
5712        0.0511791044776
5713        0.036535655058
5714        0.0563300165837
5719        0.0120746268657
5723        0.0382620232172
5726        0.0670514096186
5727        0.109495854063
5730        0.0175737976783
5731        0.0358756218905
5736        0.0459320066335
5737        0.0658275290216
5738        0.0914975124378
5739        0.00940464344942
5742        0.0342603648425
5743        0.0280116086235
5745        0.00144610281924
5746        0.0373084577114
5749        0.037456053068
5750        0.0373316749585
5754        0.0301210613599
5755        0.00455058043118
5756        0.0746235489221
5760        0.061127694859
5761        0.093184079602
5762        0.0334129353234
5763        0.0373366500829
5765        0.0226865671642
5767        0.0339900497512
5768        0.0553101160862
5769        0.0333499170813
5771        0.0655008291874
5772        0.044192371476
5773        0.0614228855721
5774        0.0339767827529
5778        0.0638905472637
5779        0.0846865671642
5784        0.114615257048
5786        0.0182023217247
5788        0.0281293532338
5789        0.0282537313433
5790        0.0351956882255
5792        0.0381741293532
5794        0.0353698175788
5798        0.0494328358209
5836        0.012232172471
5839        0.0144941956882
5846        0.0115489220564
5855        0.0101973466003
5856        0.0605771144279
5872        0.0354626865672
5881        0.00640630182421
5922        0.00727860696517
5927        0.0321492537313
5952        0.0342686567164
6057        0.0369800995025
6059        0.0350547263682
6061        0.0896666666667
6062        0.0610464344942
6063        0.028903814262
6064        0.0450597014925
6065        0.0618706467662
6066        0.137608623549
6067        0.041943615257
6068        0.0137744610282
6070        0.0495903814262
6071        0.0339618573798
6072        0.0465323383085
6073        0.0714262023217
6076        0.0740762852405
6077        0.0687927031509
6078        0.0778772802653
6079        0.099951907131
6080        0.0529369817579
6081        0.0824096185738
6082        0.122728026534
10571        0.0526666666667
6086        0.052039800995
6088        0.0106633499171
6089        0.00721227197347
6091        0.0291658374793
6095        0.0709933665008
6097        0.0344892205638
6104        0.061192371476
6106        0.00241791044776
6107        0.0212305140962
6108        0.0155754560531
6109        0.032824212272
6112        0.036320066335
6113        0.182048092869
6114        0.0281243781095
6115        0.0469502487562
6116        0.0332039800995
6121        0.0023399668325
6122        0.0344278606965
6123        0.104766169154
6127        0.0352388059701
6128        0.0862388059701
6129        0.0533781094527
6130        0.0629154228856
6136        0.0547131011609
6137        0.0578391376451
6138        0.0388109452736
6139        0.0367943615257
6140        0.0837562189055
6142        0.0331658374793
6143        0.0341940298507
6144        0.0223482587065
6147        0.0765605306799
6159        0.0352354892206
6161        0.0360663349917
6163        0.0393963515755
6164        0.0459800995025
6165        0.0650630182421
6166        0.0354096185738
6167        0.060872305141
6171        0.00442122719735
6172        0.158747927032
6174        0.0331509121061
6178        0.0414361525705
6179        0.0381691542289
6180        0.0164245439469
6181        0.0642935323383
6185        0.0319817578773
6187        0.037399668325
6188        0.0782868988391
6192        0.00930679933665
6194        0.0729303482587
6195        0.0578441127695
6196        0.158399668325
6197        0.0559320066335
6198        0.06128026534
6199        0.0469419568823
6200        0.0274278606965
6201        0.0765804311774
6202        0.052951907131
6203        0.0876202321725
6205        0.0764742951907
6210        0.0370845771144
6213        0.0251310116086
6214        0.03707960199
6217        0.0280132669983
6218        0.111174129353
6220        0.0262338308458
6223        0.0323018242123
6225        0.0698291873964
6226        0.0240679933665
6227        0.0485804311774
6228        0.0417147595357
6233        0.0141343283582
6234        0.0662205638474
6235        0.156023217247
6239        0.0062039800995
6241        0.00955058043118
6242        0.03007960199
6243        0.0556384742952
6245        0.110447761194
6248        0.107633499171
6249        0.0340696517413
6250        0.0371525704809
6254        0.0410912106136
6255        0.0642985074627
6258        0.0298955223881
6259        0.122766169154
6260        0.0300779436153
6261        0.0891956882255
6263        0.0421741293532
6266        0.0609684908789
6269        0.0264245439469
6283        0.0531094527363
6285        0.0314660033167
6287        0.0402039800995
6289        0.0270132669983
6292        0.0457296849088
6294        0.0485422885572
6295        0.0718275290216
6296        0.0382935323383
6297        0.032320066335
6299        0.0596981757877
6301        0.0353963515755
6302        0.0892205638474
6303        0.0722752902156
6305        0.0320663349917
6306        0.041447761194
6307        0.031399668325
6308        0.0439568822554
6309        0.0339983416252
6310        0.0377711442786
6313        0.0299800995025
6314        0.0620381426202
6315        0.0133499170813
6317        0.060855721393
6319        0.0504145936982
6320        0.0726019900498
6322        0.0457744610282
6325        0.0410945273632
6326        0.0321940298507
6327        0.0518043117745
6331        0.0379452736318
6332        0.0367728026534
6334        0.0625489220564
6335        0.0331956882255
6342        0.00456053067993
6345        0.11879933665
6347        0.150794361526
6348        0.0347893864013
6349        0.0332868988391
6350        0.0680281923715
6351        0.0304145936982
6352        0.0926417910448
6354        0.0797346600332
6355        0.0533482587065
6357        0.0403101160862
6358        0.02928026534
6359        0.0674676616915
6362        0.0339369817579
6364        0.0395970149254
6365        0.0578192371476
6367        0.0346832504146
6368        0.032416252073
6369        0.0221890547264
6371        0.0879800995025
6372        0.0689933665008
6373        0.0375174129353
6375        0.0262852404643
6376        0.0573416252073
6377        0.0105754560531
6379        0.0602985074627
6380        0.0525257048093
6381        0.0640298507463
6382        0.061056384743
6383        0.0436699834163
6384        0.0459104477612
6385        0.0488175787728
6386        0.0533532338308
6387        0.0577993366501
8396        0.00833499170813
6390        0.0390812603648
6391        0.0946086235489
6392        0.0425854063018
6394        0.0882918739635
6395        0.0631094527363
6396        0.0401658374793
6400        0.036903814262
6401        0.0166301824212
6402        0.0475223880597
6404        0.0352072968491
6405        0.0670414593698
6406        0.0307396351575
6407        0.011504145937
6409        0.0279485903814
6410        0.0428540630182
6411        0.0368424543947
6412        0.0425572139303
6413        0.0392520729685
6419        0.0640298507463
6423        0.0477263681592
6425        0.0430530679934
6427        0.076464344942
6428        0.0574925373134
6429        0.0351475953566
6430        0.0254660033167
6431        0.0591990049751
6432        0.0640978441128
6433        0.0364096185738
6434        0.0728789386401
6435        0.0522985074627
6437        0.0748126036484
6441        0.0321293532338
6448        0.057592039801
6449        0.0423051409619
6450        0.0290381426202
6451        0.0659303482587
6453        0.178273631841
6455        0.0623266998342
6456        0.0795107794362
6458        0.0604991708126
6459        0.07164013267
6460        0.0608922056385
6461        0.16931840796
6462        0.0451094527363
6463        0.0605936981758
6465        0.033855721393
6467        0.146142620232
6468        0.0810447761194
6469        0.115555555556
6470        0.0680414593698
6471        0.0144361525705
6472        0.0512255389718
6473        0.0294726368159
6474        0.0634908789386
6476        0.0379966832504
6477        0.0390713101161
6478        0.154008291874
6480        0.0678689883914
6481        0.0528043117745
6482        0.0627446102819
6484        0.0515024875622
6487        0.0266915422886
6488        0.00441956882255
6494        0.0134543946932
6495        0.0025008291874
6496        0.0252537313433
6498        0.0393731343284
6499        0.0538043117745
6501        0.0417263681592
6502        0.0793349917081
6503        0.0402504145937
6505        0.0631475953566
6507        0.0274742951907
6508        0.0115174129353
6512        0.0273034825871
6515        0.035263681592
6517        0.0450729684909
6521        0.0786102819237
6525        0.0612570480929
6527        0.0535572139303
6534        0.0317877280265
6535        0.0241210613599
6536        0.0393615257048
6537        0.0166417910448
6539        0.0196235489221
6540        0.0459452736318
6541        0.0511592039801
6542        0.0399071310116
6543        0.0154278606965
6545        0.0510364842454
6547        0.0282835820896
6549        0.032767827529
6551        0.0313913764511
6552        0.0250348258706
6553        0.139006633499
6554        0.0648872305141
6555        0.0583333333333
6561        0.0846766169154
6562        0.0465787728027
6563        0.0822603648425
6565        0.0272421227197
6566        0.0933548922056
6567        0.0142205638474
6568        0.0321907131012
6569        0.0309170812604
6570        0.0346550580431
6571        0.0521558872305
6575        0.0489983416252
6576        0.0566948590381
6577        0.0600066334992
6580        0.0609701492537
6582        0.0538606965174
6583        0.0790679933665
6584        0.039991708126
6586        0.0389718076285
6587        0.0578606965174
6588        0.0588938640133
6589        0.0488126036484
6590        0.00430679933665
6591        0.0361409618574
6592        0.0282587064677
6593        0.0302089552239
6595        0.0151061359867
6597        0.0894046434494
6600        0.0380033167496
6601        0.0623399668325
6603        0.0332139303483
6604        0.0475140961857
6606        0.0697595356551
6607        0.0262968490879
6614        0.0417827529022
6618        0.07328026534
6619        0.0386252072968
6620        0.0641658374793
6621        0.0387064676617
6623        0.0595854063018
6629        0.0385936981758
6630        0.030039800995
6633        0.00531674958541
6635        0.0444262023217
6637        0.030776119403
6638        0.0213548922056
6639        0.0234908789386
6640        0.037399668325
6641        0.0727943615257
6644        0.039184079602
6646        0.0327114427861
6648        0.0308805970149
6650        0.0644776119403
6653        0.0363714759536
6654        0.0358540630182
6656        0.0410298507463
6658        0.0143051409619
6659        0.0589419568823
6660        0.134572139303
6661        0.0505058043118
6662        0.014543946932
6663        0.02035986733
6664        0.0881160862355
6665        0.04235986733
6666        0.0323001658375
6667        0.00434660033167
6668        0.0105240464345
6669        0.0237893864013
6670        0.0380779436153
6671        0.000537313432836
6673        0.0115008291874
6675        0.0321973466003
6677        0.0320995024876
6678        0.00773466003317
6679        0.0468623548922
6680        0.0521575456053
6681        0.0132288557214
6682        0.0275257048093
6683        0.0656268656716
6684        0.0364975124378
6685        0.076903814262
6686        0.0317860696517
6687        0.0280265339967
6688        0.0236633499171
6689        0.0319054726368
6690        0.0145373134328
6691        0.00152736318408
6694        0.0196616915423
6695        0.0164311774461
6696        0.0508092868988
6697        0.0403084577114
6702        0.00046600331675
6703        0.00555887230514
6705        0.0500033167496
6706        0.036407960199
6707        0.0263631840796
6708        0.0273582089552
6709        0.00556384742952
6711        0.00253067993367
6713        0.0543615257048
6714        0.00439800995025
6715        0.00737645107794
6716        0.08071973466
6717        0.0296467661692
6718        0.0345240464345
6719        0.0567330016584
6720        0.0174859038143
6721        0.0338192371476
6722        0.0112189054726
6723        0.00141293532338
6726        0.00968822553897
6727        0.0769751243781
6728        0.0455721393035
6729        0.0132338308458
6730        0.0608275290216
6731        0.0103184079602
6732        0.0222421227197
6733        0.0262139303483
6734        0.0335538971808
6735        0.0311791044776
6737        0.0273698175788
6738        0.0159087893864
6739        0.0163067993367
6740        0.00949087893864
6741        0.0379568822554
6742        0.105265339967
6743        0.0204859038143
6744        0.0035456053068
6745        0.100850746269
6746        0.0105373134328
6747        0.0263698175788
6750        0.002407960199
6751        0.0318308457711
6752        0.0302603648425
6753        0.0479800995025
6754        0.0703548922056
6755        0.0469353233831
6756        0.0114278606965
6757        0.0503565505804
6758        0.0487379767828
6760        0.0246965174129
6761        0.0224112769486
6762        0.0707694859038
6763        0.011175787728
6764        0.00823548922056
6765        0.108172470978
6769        0.00816915422886
6770        0.0266102819237
6771        0.0243615257048
6772        0.0262089552239
6773        0.0113466003317
6774        0.0733466003317
6776        0.023127694859
6778        0.0482006633499
6779        0.0642089552239
6782        0.0044328358209
6783        0.0526849087894
6784        0.00719402985075
6785        0.0134145936982
6787        0.00248922056385
6790        0.0300845771144
6792        0.130810945274
6793        0.0244112769486
6795        0.0176301824212
6796        0.00328192371476
6798        0.0133648424544
6799        0.041127694859
6800        0.00952736318408
6802        0.0473266998342
6803        0.0156550580431
6804        0.0173847429519
6805        0.0686102819237
6806        0.0699004975124
6807        0.00141127694859
6809        0.00753565505804
6810        0.00331343283582
6812        0.00444278606965
6813        0.0473250414594
6819        0.00430679933665
6820        0.0064776119403
2502        0.0397877280265
6822        0.00928689883914
6825        0.0183847429519
6826        0.0453084577114
6827        0.047728026534
6829        0.0394378109453
6830        0.0772006633499
10696        0.0577346600332
6834        0.00845605306799
6835        0.0152918739635
6837        0.0144809286899
6840        0.002407960199
6841        0.0917810945274
6844        0.0225505804312
6845        0.0113615257048
6846        0.0464593698176
6847        0.020447761194
6848        0.0114461028192
6849        0.039464344942
6850        0.02907960199
6851        0.00316417910448
6852        0.034951907131
6853        0.0135190713101
6855        0.0660912106136
6856        0.0115124378109
6858        0.00532006633499
6859        0.0602155887231
6863        0.0452072968491
6864        0.0204212271973
6865        0.007407960199
6866        0.0489137645108
6867        0.00543615257048
6868        0.00154228855721
6870        0.0550447761194
6871        0.0192222222222
6873        0.0593631840796
6875        0.00536815920398
6876        0.00844610281924
6878        0.0204046434494
6879        0.0382736318408
6880        0.000388059701493
6881        0.0201525704809
6882        0.00923383084577
6883        0.0114543946932
6884        0.0102769485904
6886        0.000437810945274
6887        0.00449419568823
6888        0.0165091210614
6893        0.0206683250415
6894        0.0385538971808
6896        0.00427860696517
6897        0.0371144278607
10707        0.0271177446103
6900        0.0898059701493
6901        0.00741459369818
6902        0.0774212271973
6903        0.0126650082919
6904        0.0222819237148
6905        0.0454311774461
6906        0.0352106135987
6912        0.0296500829187
6913        0.0370381426202
6916        0.0333946932007
6922        0.0216119402985
6924        0.0163797678275
6925        0.0678009950249
6931        0.044192371476
6932        0.0606152570481
6933        0.0352902155887
6936        0.0199585406302
6938        0.0776285240464
6939        0.115285240464
6941        0.0593333333333
6942        0.0407114427861
6944        0.0811127694859
6946        0.0219535655058
6947        0.0532653399668
6948        0.0348391376451
6949        0.0630381426202
6950        0.0322222222222
6954        0.0272222222222
6955        0.0737794361526
6957        0.00955721393035
6967        0.0646782752902
6969        0.0567628524046
6971        0.0323449419569
6973        0.0766666666667
6975        0.0262371475954
6979        0.0258341625207
6981        0.0528358208955
6983        0.0565771144279
6984        0.0214195688226
6986        0.0324129353234
6989        0.0713316749585
6990        0.0234378109453
6991        0.0350199004975
6992        0.0579751243781
6993        0.0936334991708
6994        0.04071973466
6995        0.0259784411277
6996        0.0257247097844
6997        0.0321774461028
6998        0.0353250414594
7003        0.0161210613599
7006        0.0121558872305
7014        0.0347263681592
7015        0.0830182421227
7016        0.0380497512438
7017        0.0612669983416
7018        0.0772570480929
7019        0.115834162521
7020        0.00631177446103
7021        0.026232172471
7022        0.0350215588723
7023        0.0856301824212
7026        0.0493449419569
7029        0.0449137645108
7033        0.036008291874
7035        0.0630713101161
7037        0.0740630182421
7038        0.0087960199005
7040        0.0414444444444
7041        0.0345505804312
7042        0.0122122719735
7043        0.041
7044        0.040144278607
7046        0.0330149253731
7047        0.0314726368159
7050        0.0032271973466
7051        0.0641426202322
7052        0.0363946932007
7053        0.0302189054726
7054        0.0330447761194
7055        0.0408059701493
7057        0.0650729684909
7058        0.0592288557214
7061        0.0263266998342
7062        0.0391509121061
7064        0.0377081260365
7065        0.0819734660033
7066        0.0399784411277
7068        0.049263681592
7070        0.0572620232172
7071        0.036864013267
7078        0.077096185738
7079        0.0473300165837
7080        0.00519237147595
7087        0.0105091210614
7089        0.0408905472637
7091        0.0230315091211
7092        0.0705555555556
7095        0.0448358208955
7096        0.0437031509121
7098        0.0501310116086
7101        0.0312255389718
7105        0.0679419568823
7106        0.045631840796
7107        0.0342056384743
7113        0.0683897180763
7115        0.0809900497512
7120        0.00871475953566
7122        0.0342786069652
7124        0.0244543946932
7125        0.00718905472637
7127        0.072688225539
7128        0.0220613598673
7132        0.0336567164179
7133        0.0550331674959
7137        0.0225008291874
7138        0.0336633499171
7139        0.0550829187396
7140        0.0621310116086
7143        0.0403648424544
7144        0.0644709784411
7147        0.0585406301824
7148        0.0501542288557
7151        0.0613449419569
7152        0.0487794361526
7153        0.0266484245439
7157        0.0385124378109
7160        0.0479784411277
7163        0.0455157545605
7168        0.0520132669983
7169        0.0484925373134
7170        0.109762852405
7174        0.0432437810945
7176        0.0751326699834
7177        0.0270033167496
7178        0.0281061359867
7179        0.058679933665
7180        0.0651558872305
7181        0.0554759535655
7183        0.0289386401327
7188        0.038456053068
7189        0.0620248756219
7192        0.0325422885572
7193        0.0325140961857
7194        0.0687711442786
7195        0.0132122719735
7199        0.0235605306799
7200        0.0231044776119
7201        0.0772703150912
7203        0.0528805970149
7206        0.0616600331675
7207        0.0517595356551
7208        0.0292388059701
7212        0.0279900497512
7217        0.040048092869
7219        0.0882354892206
7220        0.0307446102819
7222        0.0329883913765
7223        0.0505754560531
7224        0.0547247097844
7226        0.056175787728
7227        0.0586152570481
7228        0.0582271973466
7229        0.0628573797678
7234        0.042679933665
7235        0.0493847429519
7239        0.0296285240464
7250        0.0576749585406
7252        0.0222470978441
7253        0.0402371475954
7254        0.071096185738
7255        0.0302835820896
7256        0.0326135986733
7257        0.039175787728
7258        0.0827330016584
7260        0.0550597014925
7261        0.0320281923715
7263        0.0464195688226
7264        0.0375804311774
7265        0.0330729684909
7267        0.0376102819237
7268        0.0426334991708
7269        0.0601708126036
7271        0.0323946932007
7275        0.0340514096186
7276        0.0193847429519
7277        0.0123615257048
7279        0.0350149253731
7281        0.0278109452736
7282        0.0560862354892
7283        0.055552238806
7284        0.0549684908789
7288        0.0315306799337
7289        0.0269867330017
7290        0.03271973466
7291        0.0322222222222
7292        0.0232669983416
7293        0.0484776119403
7294        0.03235986733
7296        0.0734378109453
7298        0.0131641791045
7300        0.0568043117745
7301        0.00728026533997
7303        0.0798623548922
7304        0.0263665008292
7306        0.00040464344942
7307        0.00848424543947
7308        0.03407960199
7312        0.029144278607
7313        0.00426865671642
7314        0.0560547263682
7315        0.0274875621891
7317        0.0430862354892
7318        0.026263681592
7319        0.0335820895522
7321        0.0437462686567
7322        0.0583084577114
7323        0.028728026534
7325        0.0252769485904
7326        0.00244941956882
7332        0.0321475953566
7333        0.0449237147595
7334        0.0328739635158
7336        0.0288590381426
7337        0.0572587064677
7338        0.0625605306799
7340        0.0234759535655
7341        0.0788258706468
7342        0.0319353233831
7343        0.041903814262
7344        0.031951907131
7345        0.0293001658375
7346        0.00245936981758
7349        0.0282338308458
7351        0.00936152570481
7353        0.0337097844113
7354        0.0781774461028
7358        0.0518391376451
7359        0.0384527363184
7360        0.0327180762852
7361        0.0180331674959
7362        0.0511376451078
7363        0.0563366500829
7365        0.034175787728
7366        0.0216865671642
7367        0.0362520729685
7368        0.0367529021559
7369        0.0511426202322
7370        0.00825373134328
7372        0.043464344942
7374        0.0971973466003
7377        0.0361310116086
7382        0.035368159204
7385        0.0913963515755
7386        0.0634311774461
7391        0.0390298507463
7393        0.00853897180763
7396        0.0104295190713
7397        0.0164825870647
7398        0.010456053068
7410        0.0382072968491
7414        0.0145621890547
7416        0.0206301824212
7417        0.00949087893864
7420        0.0384262023217
7424        0.0350829187396
7425        0.0348059701493
7426        0.0602205638474
7427        0.0280497512438
7430        0.0632288557214
7431        0.0288126036484
7432        0.0391227197347
7433        0.0365422885572
7434        0.056543946932
7435        0.0391990049751
7438        0.0379336650083
7439        0.0479419568823
7441        0.0354610281924
7442        0.0623532338308
7443        0.00459535655058
7445        0.0240315091211
7452        0.0703698175788
7459        0.0282951907131
7460        0.0123897180763
7462        0.0336550580431
7466        0.0417164179104
7470        0.0316467661692
7473        0.0593582089552
7474        0.065552238806
7475        0.0154859038143
7476        0.00619734660033
7477        0.0143847429519
7479        0.0415588723051
7480        0.029311774461
7482        0.0430530679934
7483        0.0260779436153
7485        0.0130613598673
7486        0.0155422885572
7489        0.0164344941957
7490        0.0373101160862
7491        0.0234328358209
7496        0.0106733001658
7497        0.0311077943615
7498        0.00248590381426
7499        0.0113714759536
7500        0.0686600331675
7501        0.0738474295191
7502        0.0303300165837
7503        0.0381592039801
7506        0.0234344941957
7511        0.0321741293532
7512        0.0404195688226
7514        0.00449751243781
7515        0.0494096185738
7518        0.0562504145937
7521        0.0430232172471
7525        0.0313266998342
7527        0.0215854063018
7544        0.0283432835821
7545        0.0305721393035
7556        0.0147330016584
7557        0.0291243781095
7558        0.0215008291874
7559        0.0284245439469
7561        0.0165223880597
7562        0.013447761194
7563        0.00852072968491
7564        0.00337479270315
7565        0.031223880597
7567        0.0201956882255
7569        0.0125605306799
7570        0.0137412935323
7571        0.0103134328358
7572        0.0140646766169
7573        0.0155107794362
7574        0.00753233830846
7577        0.0100729684909
7578        0.0163034825871
7579        0.00369154228856
7580        0.00153067993367
7581        0.0134742951907
7582        0.0142520729685
7585        0.0249369817579
7586        0.0198706467662
7589        0.0213731343284
7590        0.0487711442786
7594        0.0744660033167
7604        0.0014991708126
7605        0.0173764510779
7613        0.0072056384743
7616        0.0356301824212
7621        0.0131525704809
7631        0.00350414593698
7632        0.0164975124378
7633        0.0453665008292
7637        0.0123101160862
7644        0.0132570480929
7646        0.0337346600332
7687        0.0363034825871
7724        0.0670779436153
7725        0.0701177446103
7726        0.0425505804312
7731        0.0498971807629
7734        0.0512106135987
7736        0.0233432835821
7737        0.0519054726368
7739        0.0274759535655
7742        0.0530447761194
7748        0.064008291874
7750        0.0348540630182
7751        0.0211674958541
7754        0.0692835820896
7756        0.0525207296849
7757        0.0385273631841
7760        0.0590381426202
7765        0.0365008291874
7767        0.0565091210614
7769        0.0539950248756
7770        0.113983416252
7772        0.0597247097844
7775        0.0270431177446
7776        0.0353731343284
7777        0.0355058043118
7778        0.0651310116086
7781        0.010464344942
7782        0.0462189054726
7784        0.0374859038143
7785        0.0321641791045
7786        0.0413515754561
7787        0.0272072968491
7788        0.0230812603648
7790        0.0430928689884
7792        0.038903814262
7795        0.034688225539
7800        0.0541774461028
7806        0.041328358209
7810        0.0412089552239
7811        0.0352902155887
7814        0.0283034825871
7816        0.0163698175788
7820        0.0678590381426
7823        0.0643134328358
7825        0.0266981757877
7829        0.0193582089552
7832        0.0533698175788
7833        0.0539386401327
7835        0.0331890547264
7836        0.0500281923715
7837        0.0352106135987
7838        0.0417330016584
7839        0.0594941956882
7849        0.0645024875622
7850        0.0442056384743
7851        0.055728026534
7855        0.0209734660033
7856        0.0341857379768
7859        0.0531940298507
7862        0.0412918739635
7864        0.011447761194
7865        0.00746268656716
7868        0.0506119402985
7873        0.0114344941957
7876        0.0628490878939
7877        0.0406567164179
7878        0.00715257048093
7881        0.0689336650083
7882        0.0320679933665
7884        0.0678971807629
7886        0.049592039801
7888        0.0463316749585
7891        0.0509187396352
7892        0.0639402985075
7893        0.0641724709784
7894        0.0567131011609
7895        0.0383864013267
7900        0.0351824212272
7902        0.00850580431177
7903        0.032495854063
7908        0.0205422885572
7910        0.0103482587065
7913        0.0555970149254
7914        0.0320945273632
7915        0.0343266998342
7918        0.0309651741294
7920        0.0415505804312
7922        0.11239800995
7923        0.0321558872305
7927        0.0373930348259
7928        0.0233764510779
7929        0.0449900497512
7933        0.0347429519071
7934        0.00746102819237
7938        0.0584427860697
7941        0.0535223880597
7943        0.0372852404643
7946        0.0345058043118
7949        0.0563466003317
7951        0.034960199005
7954        0.0340530679934
7958        0.0383150912106
7959        0.0359933665008
7960        0.0768656716418
7962        0.027583747927
7964        0.0305074626866
7965        0.00918739635158
7966        0.04564013267
7973        0.0207081260365
7976        0.0173134328358
7977        0.0577960199005
7979        0.030127694859
7981        0.0272968490879
7982        0.0533532338308
7984        0.0378424543947
7985        0.0449286898839
7992        0.0066368159204
7993        0.0337910447761
7996        0.0133930348259
7997        0.0282504145937
8000        0.0291641791045
8001        0.101421227197
8005        0.0677247097844
8007        0.00657877280265
8008        0.0397844112769
8009        0.0817711442786
8010        0.0379585406302
8011        0.0292686567164
8012        0.0625737976783
8013        0.0330895522388
8015        0.0330364842454
8016        0.0244610281924
8017        0.0300281923715
8018        0.00648590381426
8021        0.060631840796
8022        0.0641973466003
8023        0.0413565505804
8024        0.000426202321725
8028        0.0623648424544
8036        0.0123963515755
8037        0.0331791044776
8038        0.03607960199
8039        0.0607794361526
8041        0.034688225539
8043        0.112515754561
8046        0.025320066335
8048        0.0360928689884
8051        0.0180812603648
8052        0.0643266998342
8056        0.0254892205638
8057        0.0318805970149
8058        0.063767827529
8059        0.0375058043118
8060        0.0269286898839
8061        0.0625422885572
8062        0.0587064676617
8063        0.0590033167496
8066        0.0128839137645
8068        0.0672537313433
8069        0.0104709784411
8070        0.0351409618574
8077        0.0634709784411
8078        0.0455339966833
8079        0.0665572139303
8080        0.0662868988391
8081        0.0515605306799
8082        0.0300248756219
8083        0.0470116086235
8085        0.0465538971808
8087        0.0339054726368
8088        0.0366252072968
8090        0.039504145937
8091        0.045872305141
8093        0.0330315091211
8094        0.0143167495854
8095        0.0540696517413
8097        0.0430895522388
8098        0.0385754560531
8100        0.0319983416252
8101        0.0345157545605
8105        0.032815920398
8111        0.0146782752902
8114        0.035631840796
8115        0.0272338308458
8117        0.0320696517413
8118        0.0684842454395
8119        0.0243018242123
8120        0.0680248756219
8121        0.0292487562189
8123        0.0291956882255
8125        0.0423731343284
8130        0.0370679933665
8133        0.0555406301824
8134        0.0593615257048
8135        0.0162902155887
8137        0.0656533996683
8138        0.0536368159204
8140        0.00434991708126
8142        0.00921061359867
8143        0.0494676616915
8145        0.00745936981758
8146        0.0633184079602
8148        0.00146932006633
8151        0.00736815920398
8152        0.0321260364842
8153        0.0333482587065
8154        0.0339402985075
8156        0.0675771144279
6821        0.0589353233831
8160        0.00137810945274
8161        0.0545140961857
8166        0.0514145936982
8168        0.0614394693201
8169        0.0133499170813
8170        0.0586766169154
8174        0.0290912106136
8175        0.0390497512438
8179        0.0353018242123
8180        0.0530431177446
8185        0.0395555555556
8187        0.0119668325041
8188        0.0556268656716
