8192        0.0156285240464
1        0.334026533997
8194        0.0187810945274
3        0.101096185738
8196        0.154729684909
6        0.100885572139
7        0.140903814262
8200        0.0104842454395
9        0.0355472636816
13        0.145106135987
8206        0.0290099502488
8207        0.0244328358209
16        0.0871127694859
17        0.146688225539
8210        0.211286898839
8195        0.0518756218905
8212        0.0319784411277
8213        0.101475953566
22        0.135661691542
5465        0.0952885572139
8216        0.0658590381426
25        0.0425107794362
26        0.0405870646766
27        0.0901807628524
8220        0.214207296849
8221        0.0793333333333
31        0.0625505804312
32        0.0827711442786
33        0.25823880597
34        0.131139303483
35        0.0184145936982
8228        0.167441127695
8198        0.154995024876
38        0.163248756219
8231        0.0573698175788
8232        0.0476683250415
41        0.0956019900498
43        0.124
45        0.0820182421227
46        0.1624013267
8239        0.0445721393035
48        0.150756218905
49        0.0860232172471
50        0.0891625207297
8243        0.11263681592
52        0.112615257048
8245        0.143205638474
8246        0.0454295190713
55        0.00566169154229
8248        0.0790066334992
8249        0.00727860696517
8250        0.15171973466
8251        0.111339966833
8253        0.0255140961857
8255        0.117703150912
8257        0.0543665008292
8258        0.0539220563847
8259        0.198218905473
68        0.0907247097844
70        0.069135986733
71        0.261988391376
72        0.0581492537313
73        0.0840199004975
74        0.0666252072968
8267        0.0625754560531
77        0.128739635158
8270        0.0558606965174
8205        0.164515754561
80        0.0454776119403
81        0.216550580431
8274        0.0557014925373
83        0.146887230514
8277        0.150266998342
8278        0.0242388059701
87        0.0722603648425
88        0.123028192371
90        0.177126036484
8284        0.120230514096
93        0.190467661692
97        0.197388059701
8291        0.0121575456053
8292        0.0292354892206
8293        0.0159353233831
8294        0.049135986733
103        0.0821558872305
8296        0.134922056385
8297        0.155842454395
8298        0.0835107794362
8299        0.0510497512438
8300        0.0788507462687
109        0.234656716418
111        0.0902769485904
8304        0.0595489220564
114        0.234199004975
8307        0.0892520729685
8309        0.160615257048
8310        0.0929137645108
8312        0.126728026534
8313        0.0789867330017
8314        0.0771127694859
125        0.085495854063
127        0.141467661692
8321        0.0562454394693
131        0.162925373134
132        0.169391376451
8327        0.126021558872
8328        0.026039800995
137        0.111822553897
8330        0.0444742951907
8331        0.0356633499171
140        0.157689883914
8333        0.0953532338308
8334        0.0309104477612
144        0.15731840796
145        0.177369817579
146        0.0188490878939
8339        0.15607628524
8340        0.0240746268657
8342        0.182782752902
8217        0.0452736318408
8346        0.0832868988391
8347        0.109265339967
157        0.139101160862
159        0.032543946932
160        0.0925373134328
8354        0.0820912106136
163        0.100943615257
8358        0.0492985074627
8359        0.0800779436153
8361        0.0989087893864
8362        0.107361525705
8363        0.0370381426202
174        0.334520729685
175        0.12287893864
8368        0.0933034825871
8370        0.0124510779436
8371        0.0715223880597
8374        0.0286948590381
8375        0.0619369817579
8376        0.156336650083
8379        0.14216252073
8382        0.025631840796
8383        0.0978888888889
8385        0.120993366501
194        0.142285240464
195        0.0836550580431
196        0.147888888889
8390        0.167107794362
199        0.0907495854063
8392        0.113114427861
8394        0.0948092868988
8395        0.0481708126036
204        0.0321724709784
8397        0.110938640133
8398        0.00696517412935
8399        0.123170812604
209        0.073087893864
210        0.0886467661692
8227        0.0273034825871
8405        0.0220646766169
8406        0.0607014925373
8407        0.0658590381426
8408        0.0906434494196
217        0.0552421227197
8410        0.0394610281924
8411        0.0229137645108
8412        0.120441127695
8413        0.112520729685
8229        0.0373532338308
224        0.0771293532338
225        0.12152238806
226        0.219426202322
8419        0.0577446102819
8422        0.0640414593698
8423        0.0447230514096
8424        0.00741459369818
8425        0.0360364842454
234        0.0310729684909
237        0.146470978441
239        0.0225787728027
8433        0.0727711442786
8434        0.10216252073
8440        0.0570033167496
8441        0.0708424543947
8442        0.05392039801
8445        0.108752902156
8447        0.147701492537
8448        0.0724444444444
8450        0.0521028192371
8451        0.0879237147595
8452        0.0577131011609
8454        0.127524046434
8455        0.0843548922056
8456        0.0189369817579
8457        0.0751956882255
266        0.114766169154
268        0.0994626865672
270        0.0806683250415
271        0.0519137645108
8464        0.0138623548922
8465        0.121854063018
8468        0.063192371476
8469        0.0422039800995
278        0.168525704809
8472        0.0560580431177
8475        0.0144892205638
8476        0.0555903814262
286        0.336875621891
288        0.138747927032
8240        0.0286417910448
290        0.088824212272
291        0.0837728026534
292        0.0890364842454
293        0.327109452736
8487        0.0754295190713
297        0.327298507463
299        0.0388192371476
8496        0.0291111111111
8498        0.0678739635158
8499        0.0405688225539
8506        0.0130281923715
8510        0.00913266998342
8511        0.0340762852405
8512        0.0405273631841
8513        0.0438689883914
8515        0.0289701492537
8516        0.0903565505804
8517        0.145742951907
8528        0.156381426202
376        0.0269485903814
377        0.11116252073
378        0.0122653399668
400        0.0899154228856
8260        0.0124295190713
419        0.00774461028192
8262        0.118827529022
423        0.0546766169154
8263        0.0553333333333
8264        0.0460165837479
8265        0.120402985075
450        0.0601857379768
454        0.0562255389718
456        0.0594096185738
8269        0.121129353234
466        0.0662404643449
8199        0.148185737977
8271        0.08471973466
8272        0.210429519071
8273        0.0902222222222
488        0.0609883913765
489        0.0505174129353
8275        0.0484676616915
509        0.0445572139303
513        0.111058043118
517        0.243988391376
8280        0.0810762852405
8201        0.0674792703151
544        0.0268689883914
549        0.0655107794362
552        0.0474742951907
555        0.0906849087894
557        0.155243781095
559        0.0880646766169
561        0.0805936981758
565        0.0363631840796
568        0.301124378109
577        0.217456053068
591        0.0622935323383
600        0.115930348259
611        0.0121824212272
613        0.151426202322
8295        0.0437529021559
625        0.094399668325
636        0.0508955223881
655        0.0636235489221
8303        0.0941376451078
668        0.329504145937
679        0.090456053068
681        0.0543980099502
683        0.199709784411
684        0.051407960199
685        0.292857379768
686        0.0342089552239
687        0.0821857379768
689        0.115648424544
691        0.0425074626866
693        0.0972653399668
701        0.335165837479
702        0.33535986733
703        0.25932172471
705        0.0969635157546
714        0.162887230514
715        0.164744610282
719        0.0955373134328
721        0.0711326699834
724        0.0981326699834
8208        0.0697379767828
744        0.0515207296849
745        0.146331674959
8317        0.0878126036484
760        0.0378175787728
762        0.0489983416252
763        0.07564013267
764        0.0676451077944
766        0.110495854063
6388        0.182066334992
8209        0.054223880597
786        0.300822553897
789        0.0373731343284
790        0.0977213930348
800        0.0606301824212
802        0.0105058043118
803        0.0619751243781
808        0.0155854063018
812        0.148376451078
813        0.0456467661692
814        0.173530679934
815        0.109112769486
816        0.18576119403
817        0.0193482587065
826        0.0373764510779
831        0.0520679933665
8211        0.0873233830846
834        0.0679734660033
838        0.0527844112769
839        0.0664759535655
852        0.116713101161
854        0.0663266998342
855        0.0648988391376
8336        0.0243250414594
8485        0.0146782752902
8349        0.0356500829187
8215        0.0621741293532
8352        0.0845721393035
8355        0.151656716418
8218        0.25148092869
8366        0.125364842454
1103        0.250223880597
1104        0.0880033167496
1113        0.0357396351575
1114        0.0443665008292
1117        0.0436965174129
1119        0.047184079602
1129        0.0940928689884
1133        0.0952819237148
1136        0.215154228856
1137        0.0708225538972
1138        0.137985074627
1140        0.160849087894
8386        0.0252935323383
8387        0.0236932006633
8223        0.0993565505804
8391        0.0596699834163
1198        0.173794361526
1200        0.15264344942
1201        0.0352404643449
1205        0.0516733001658
1206        0.0339684908789
1213        0.199444444444
1220        0.124134328358
1221        0.237412935323
8224        0.144708126036
1224        0.075600331675
1225        0.26436318408
1226        0.105731343284
1227        0.0206484245439
1236        0.160086235489
1237        0.149699834163
1238        0.0993333333333
1239        0.335411276949
1241        0.164333333333
1248        0.0391376451078
1251        0.0881509121061
8225        0.064263681592
1254        0.0871492537313
1257        0.23184079602
8402        0.0906218905473
1263        0.0775621890547
1267        0.223106135987
1270        0.229155887231
1273        0.287028192371
1275        0.158708126036
1276        0.0757512437811
1280        0.331950248756
8226        0.0852736318408
1290        0.276731343284
1292        0.0436666666667
1299        0.300547263682
8409        0.0126616915423
1312        0.025824212272
1321        0.141097844113
1322        0.107205638474
1323        0.237262023217
1324        0.145966832504
1325        0.19707960199
1326        0.128383084577
1327        0.119358208955
1328        0.121747927032
1329        0.094232172471
1330        0.0814859038143
1331        0.0839170812604
1332        0.161948590381
1333        0.0768839137645
1334        0.152152570481
1335        0.137749585406
1341        0.0863930348259
1342        0.0893366500829
1347        0.109595356551
8417        0.056
10686        0.0773349917081
8431        0.055592039801
1461        0.0428955223881
1556        0.0445489220564
1559        0.0422023217247
1562        0.0524129353234
1564        0.0578192371476
1565        0.0420928689884
1568        0.0448606965174
1569        0.0417562189055
1570        0.0549834162521
1573        0.00776285240464
1589        0.0553250414594
1591        0.0190845771144
1601        0.0362520729685
8460        0.033671641791
8237        0.0788175787728
8463        0.0590464344942
1653        0.205902155887
1657        0.0271459369818
1659        0.0932371475954
1660        0.0870779436153
1661        0.0737313432836
1662        0.102009950249
1664        0.100892205638
1667        0.164056384743
1668        0.0905638474295
8470        0.0889087893864
1670        0.104684908789
1672        0.0700431177446
1673        0.326427860697
1674        0.0783963515755
1675        0.109371475954
1677        0.115555555556
1678        0.0374494195688
1679        0.0424925373134
1680        0.159399668325
1681        0.107940298507
1682        0.0869502487562
1683        0.096872305141
1686        0.0880281923715
1687        0.104628524046
1689        0.0287097844113
1691        0.187570480929
1693        0.0783184079602
1694        0.078504145937
1695        0.0854676616915
1697        0.0271658374793
1698        0.0340663349917
1706        0.0919353233831
1717        0.0490116086235
1732        0.0806218905473
1739        0.0356533996683
1740        0.335069651741
1741        0.12392039801
1742        0.0778275290216
1744        0.0829220563847
1746        0.291127694859
1747        0.0357728026534
1749        0.0777728026534
1754        0.0460912106136
1755        0.335888888889
1757        0.0625621890547
1759        0.291111111111
1760        0.185817578773
1761        0.112699834163
1767        0.161111111111
1776        0.0797396351575
1778        0.0962669983416
8489        0.100071310116
1784        0.149835820896
1785        0.191829187396
1789        0.0881144278607
1797        0.108960199005
1798        0.110729684909
1800        0.333714759536
1808        0.0999170812604
1830        0.156892205638
1831        0.0478905472637
1833        0.194034825871
1835        0.0723897180763
1836        0.0868623548922
1839        0.0838225538972
1840        0.0170945273632
1842        0.142800995025
1849        0.335918739635
1850        0.129742951907
1852        0.143006633499
1853        0.178024875622
1879        0.162149253731
1880        0.150684908789
1882        0.0443051409619
1883        0.0607462686567
1887        0.24684079602
1888        0.1311973466
1890        0.281832504146
1891        0.0881890547264
1897        0.0705903814262
1899        0.0844096185738
1901        0.102129353234
1902        0.100195688226
1906        0.108938640133
1908        0.0892404643449
1909        0.0536650082919
1913        0.165660033167
1914        0.0961011608624
1916        0.0794709784411
1922        0.0157048092869
1930        0.22403814262
1932        0.109184079602
1955        0.0581210613599
1957        0.0878888888889
1967        0.161371475954
1970        0.036736318408
1975        0.0644510779436
1978        0.0492072968491
1982        0.236004975124
1984        0.0492935323383
1986        0.0306533996683
1991        0.0510995024876
1998        0.0568905472637
2003        0.0845290215589
2007        0.0992222222222
2008        0.0573399668325
2011        0.0905771144279
2012        0.0297379767828
2015        0.146147595357
2018        0.042495854063
2019        0.0340199004975
2024        0.15648092869
2027        0.0810348258706
2028        0.14704145937
2033        0.118849087894
2036        0.0430514096186
2041        0.330437810945
2042        0.238666666667
2044        0.155432835821
10240        0.150830845771
10241        0.0652819237148
10243        0.023951907131
2052        0.0740049751244
2056        0.133583747927
10249        0.139369817579
10250        0.0858358208955
10252        0.167995024876
10256        0.157184079602
10257        0.0928938640133
10258        0.146694859038
10259        0.104578772803
10260        0.090728026534
10261        0.0668507462687
10263        0.161666666667
10264        0.0510199004975
10265        0.159797678275
10266        0.156170812604
10267        0.160149253731
10268        0.0707131011609
10269        0.090951907131
10270        0.0407512437811
10271        0.103683250415
10275        0.0973499170813
10278        0.145562189055
10279        0.0206616915423
10289        0.0730912106136
10292        0.0944726368159
10295        0.0769684908789
10297        0.237515754561
2107        0.0403532338308
2108        0.0922487562189
2109        0.0360381426202
10302        0.162713101161
10303        0.264320066335
10304        0.156202321725
10305        0.139164179104
10306        0.026960199005
2116        0.128495854063
2117        0.079416252073
2118        0.153101160862
10311        0.14827694859
2120        0.0688524046434
10314        0.112492537313
10316        0.0843051409619
10317        0.155963515755
10318        0.0255737976783
10319        0.158142620232
2128        0.0599850746269
10322        0.0201144278607
2131        0.0186782752902
10325        0.0936815920398
10326        0.167927031509
2135        0.0637462686567
10330        0.170966832504
10331        0.0359154228856
2140        0.107225538972
10333        0.0873250414594
10334        0.161116086235
10335        0.0456865671642
10337        0.194834162521
2146        0.0888325041459
10339        0.116230514096
2148        0.017271973466
2150        0.175746268657
10345        0.161515754561
10347        0.129122719735
10348        0.0799784411277
10349        0.035464344942
10352        0.108184079602
10354        0.0914892205638
10355        0.18124212272
10357        0.0339800995025
10358        0.160126036484
10359        0.16252238806
10361        0.163225538972
10363        0.0566749585406
10366        0.0768126036484
10367        0.0844494195688
10368        0.160525704809
10377        0.0766152570481
10380        0.0911907131012
10382        0.0964892205638
10383        0.0708258706468
10384        0.156835820896
10385        0.0523383084577
10387        0.204429519071
10389        0.0824543946932
10390        0.0988142620232
10392        0.0820464344942
10393        0.105663349917
10395        0.158749585406
10396        0.160187396352
10397        0.149447761194
10399        0.18804145937
10400        0.123616915423
10409        0.174144278607
10412        0.0385655058043
10413        0.100955223881
10414        0.150981757877
10416        0.173736318408
10417        0.0308805970149
10419        0.0941824212272
10422        0.109102819237
10424        0.164907131012
10430        0.136218905473
10431        0.0853930348259
10435        0.148787728027
10436        0.0307247097844
10440        0.138610281924
10442        0.104112769486
10444        0.141472636816
10447        0.104271973466
10448        0.0188772802653
10450        0.0781426202322
10454        0.0674295190713
10460        0.0710663349917
10465        0.169232172471
10466        0.0374328358209
10467        0.0882769485904
10468        0.108976782753
2277        0.11952238806
10471        0.161454394693
10473        0.154378109453
10475        0.0870281923715
10477        0.134368159204
10478        0.120562189055
10479        0.0556135986733
10481        0.0584543946932
10482        0.0733631840796
10484        0.0967064676617
10485        0.0982935323383
10487        0.0640514096186
10496        0.0791990049751
10501        0.0553482587065
10504        0.0874892205638
10505        0.0456849087894
10507        0.0767595356551
10512        0.162482587065
10513        0.132257048093
10514        0.0236301824212
10515        0.119562189055
10516        0.154441127695
10518        0.103157545605
10519        0.0764527363184
10520        0.090728026534
10533        0.0554742951907
10534        0.165063018242
10535        0.157286898839
10536        0.0816252072968
10537        0.17824212272
10545        0.0274046434494
10549        0.0673698175788
10552        0.111077943615
10553        0.158567164179
10559        0.16116252073
10561        0.103747927032
10562        0.123864013267
10563        0.0993034825871
10570        0.0521658374793
2379        0.120275290216
2380        0.0783150912106
2381        0.107558872305
10577        0.172492537313
10581        0.0943731343284
10584        0.153862354892
10585        0.0337479270315
10601        0.0793631840796
10603        0.0889618573798
10604        0.0856036484245
10605        0.0773930348259
10606        0.0609336650083
10609        0.11636318408
10614        0.117388059701
10621        0.13504145937
10622        0.0824096185738
10633        0.136046434494
10636        0.0942852404643
10641        0.148883913765
10665        0.135494195688
10671        0.0758656716418
10672        0.17143946932
10673        0.0960414593698
10680        0.0996749585406
2490        0.0862868988391
2493        0.21644278607
2494        0.0120978441128
2495        0.0522388059701
2497        0.333865671642
2498        0.127635157546
2500        0.266777777778
2501        0.167266998342
10694        0.0670315091211
2503        0.130466003317
2504        0.128394693201
2505        0.103786069652
2506        0.135875621891
2508        0.155248756219
2510        0.223072968491
2511        0.194980099502
2512        0.062127694859
2513        0.294535655058
2514        0.240873963516
2515        0.093815920398
2516        0.334514096186
2517        0.1434013267
2518        0.209605306799
2519        0.165179104478
2520        0.150422885572
2521        0.278205638474
2522        0.0617844112769
2523        0.0357943615257
2524        0.158334991708
2525        0.0842288557214
2526        0.0851293532338
2527        0.197618573798
2528        0.0751376451078
2529        0.298849087894
2532        0.0839502487562
2544        0.0252139303483
2546        0.0355008291874
2547        0.0258805970149
2548        0.336494195688
2549        0.0600646766169
2551        0.332582089552
2553        0.0444908789386
2554        0.197174129353
2561        0.100953565506
2563        0.08864013267
2568        0.151132669983
2571        0.168832504146
2572        0.0959817578773
2573        0.0522404643449
64600        0.0849286898839
2578        0.128595356551
2581        0.0924427860697
64601        0.0889751243781
2587        0.0240646766169
2588        0.0944046434494
2592        0.0962835820896
2593        0.0571575456053
2598        0.059688225539
2602        0.0793946932007
2603        0.289343283582
2605        0.02871973466
2607        0.104606965174
2609        0.125724709784
2610        0.0991044776119
2611        0.175472636816
2614        0.0543084577114
2629        0.0673714759536
2631        0.0224278606965
2632        0.0495008291874
2637        0.0964494195688
2638        0.0318590381426
2640        0.115215588723
2643        0.0156301824212
2647        0.0805655058043
2648        0.167300165837
2651        0.0238706467662
2652        0.119325041459
2653        0.0321111111111
2654        0.0666301824212
2655        0.0160945273632
2659        0.0172786069652
2683        0.0357661691542
2685        0.326804311774
2686        0.216456053068
2687        0.163970149254
2688        0.0718623548922
2697        0.137578772803
2698        0.0793963515755
2702        0.126145936982
2704        0.0479668325041
2706        0.149185737977
2707        0.0652653399668
2711        0.0944494195688
2713        0.132545605307
2714        0.0921243781095
2715        0.0975124378109
2744        0.0426633499171
2752        0.0730862354892
2764        0.146243781095
2766        0.120004975124
2772        0.0138457711443
2819        0.0895008291874
2820        0.112734660033
2822        0.0927479270315
2828        0.32436318408
2831        0.0124527363184
2832        0.0395953565506
2833        0.0091127694859
2834        0.0540995024876
2836        0.0461459369818
2837        0.0190630182421
2840        0.0475489220564
2841        0.0155970149254
2843        0.0471708126036
2845        0.0123167495854
2847        0.0775870646766
2848        0.0581426202322
2852        0.132815920398
2853        0.164502487562
2854        0.177514096186
2855        0.139839137645
2856        0.311228855721
2860        0.133595356551
2861        0.0815306799337
2865        0.0243532338308
2871        0.235004975124
2874        0.233417910448
2875        0.0440663349917
2876        0.0893349917081
2895        0.101207296849
2899        0.176172470978
2900        0.220860696517
2901        0.128004975124
2902        0.0625456053068
2905        0.159001658375
2907        0.276071310116
2911        0.160714759536
2914        0.33492371476
2915        0.252605306799
2917        0.240412935323
2918        0.195139303483
2933        0.260628524046
2941        0.114396351575
2966        0.129263681592
3053        0.0453432835821
8285        0.0288855721393
3056        0.0767247097844
3058        0.0541674958541
3064        0.159396351575
3066        0.0705240464345
3079        0.0959419568823
3080        0.0758590381426
3081        0.0933731343284
3104        0.169786069652
3110        0.157475953566
3111        0.170202321725
3112        0.0272819237148
3113        0.0959237147595
3128        0.0721194029851
3130        0.110852404643
3132        0.144590381426
3134        0.0971940298507
3136        0.0309452736318
3142        0.0272072968491
3144        0.0776500829187
3148        0.0239950248756
3149        0.138862354892
3150        0.153902155887
3152        0.0871343283582
3208        0.0958789386401
3215        0.234968490879
3216        0.140993366501
3218        0.111028192371
3219        0.0175903814262
3220        0.171066334992
3221        0.0355754560531
3225        0.087192371476
3227        0.0327661691542
3228        0.187978441128
3230        0.00205472636816
3233        0.0878888888889
3235        0.0324228855721
3238        0.0905970149254
3239        0.0462006633499
3240        0.0270298507463
3242        0.0976268656716
3243        0.219948590381
3244        0.126383084577
3245        0.0832918739635
3246        0.186044776119
3248        0.124583747927
3249        0.091543946932
3251        0.0470762852405
3252        0.0832388059701
3253        0.0367529021559
3254        0.0850514096186
3255        0.0891144278607
3256        0.143018242123
3257        0.332568822554
3258        0.0743366500829
3259        0.186626865672
3260        0.0223333333333
3261        0.0591144278607
3262        0.156791044776
3264        0.105893864013
3265        0.121009950249
3267        0.0187893864013
3268        0.114039800995
3269        0.0681674958541
3273        0.0674543946932
3274        0.0805190713101
3277        0.0891077943615
3278        0.091416252073
3286        0.234475953566
3291        0.160106135987
3292        0.144676616915
3300        0.331873963516
3301        0.0752587064677
3302        0.288416252073
3303        0.277978441128
3304        0.152656716418
3305        0.214593698176
3306        0.139008291874
3307        0.103587064677
3308        0.0927545605307
3313        0.0940713101161
3314        0.027543946932
3315        0.0696301824212
3316        0.0615422885572
3319        0.017504145937
3320        0.32508291874
3323        0.0220414593698
3324        0.135746268657
3325        0.0262089552239
3327        0.103399668325
3328        0.22996185738
3329        0.0908756218905
3330        0.118295190713
3332        0.0239817578773
3333        0.271184079602
3334        0.0654925373134
3335        0.00590547263682
3336        0.236809286899
3338        0.03607960199
3339        0.0623963515755
3340        0.142897180763
3342        0.150437810945
3343        0.0642752902156
3344        0.201184079602
3346        0.0142023217247
3350        0.0340845771144
3352        0.184817578773
3353        0.141608623549
3354        0.150625207297
3356        0.322903814262
3358        0.0388872305141
3359        0.0190613598673
3360        0.05228026534
3361        0.224427860697
3362        0.0955572139303
3363        0.06935986733
3364        0.0442388059701
3365        0.146993366501
3366        0.149542288557
3368        0.146645107794
3378        0.0823781094527
3379        0.157684908789
3380        0.0940116086235
3381        0.0573930348259
3384        0.254898839138
3386        0.184797678275
3388        0.043912106136
3389        0.0361011608624
3390        0.023824212272
3392        0.170938640133
3393        0.1605986733
3394        0.0976849087894
3402        0.206018242123
3403        0.0954228855721
3404        0.203339966833
3405        0.0873797678275
3407        0.314331674959
3409        0.0137446102819
3421        0.0797048092869
3424        0.0187728026534
3428        0.125235489221
3429        0.12028358209
3431        0.099144278607
3447        0.142517412935
3448        0.132839137645
3449        0.0272786069652
3450        0.152414593698
3451        0.0822819237148
3452        0.0816965174129
3454        0.0868026533997
3458        0.0904245439469
3460        0.0206334991708
3462        0.172777777778
3463        0.204817578773
3464        0.164155887231
3472        0.0107164179104
3479        0.151537313433
3480        0.0439950248756
3484        0.0154925373134
3488        0.145631840796
3491        0.334139303483
3492        0.16487893864
3493        0.101621890547
3502        0.1568026534
3505        0.175963515755
3506        0.115970149254
3508        0.217474295191
3510        0.0876185737977
3512        0.0924013266998
3513        0.120613598673
3527        0.0718822553897
8301        0.144922056385
3541        0.0456019900498
3548        0.0459900497512
3549        0.297349917081
3550        0.096912106136
3554        0.236094527363
3555        0.0759718076285
3557        0.218859038143
3559        0.159742951907
3561        0.334044776119
3563        0.228726368159
3564        0.18467827529
3566        0.132300165837
3567        0.157766169154
3571        0.0980530679934
3575        0.0711525704809
3576        0.0711260364842
3577        0.0576301824212
3578        0.129941956882
3581        0.0770928689884
3582        0.110525704809
3586        0.0809320066335
3588        0.140938640133
3591        0.0876169154229
3593        0.171091210614
3594        0.0926252072968
3596        0.0594461028192
3597        0.0820315091211
3599        0.0584096185738
3602        0.206616915423
3603        0.0222868988391
3605        0.05564013267
3608        0.154859038143
3614        0.19360199005
3615        0.0388955223881
3616        0.0822454394693
3628        0.0374543946932
3632        0.0718606965174
3640        0.0342139303483
3661        0.0539187396352
3662        0.157104477612
3663        0.123805970149
3669        0.0920845771144
3670        0.0573084577114
3671        0.0757412935323
3672        0.08535986733
3674        0.193043117745
3676        0.104144278607
3677        0.072855721393
4709        0.120737976783
3680        0.0913167495854
8306        0.0847097844113
3700        0.165892205638
3701        0.152313432836
3703        0.193457711443
3705        0.0692089552239
3708        0.0897097844113
3718        0.095320066335
3720        0.266623548922
3722        0.0846185737977
3725        0.0404543946932
3727        0.0847097844113
3728        0.146348258706
6083        0.0598490878939
3733        0.152936981758
3734        0.188708126036
3735        0.159281923715
3737        0.0592354892206
3739        0.220190713101
3741        0.158116086235
3742        0.195223880597
3743        0.140694859038
3746        0.0956616915423
3748        0.0188855721393
3749        0.149266998342
3751        0.158545605307
3753        0.074543946932
3757        0.0646849087894
3758        0.203472636816
3761        0.108618573798
3763        0.255645107794
3764        0.0744311774461
3766        0.0713515754561
3768        0.179676616915
3770        0.0911227197347
3776        0.0577313432836
3782        0.0171061359867
3783        0.0140646766169
3784        0.0153466003317
3786        0.21356384743
3789        0.244764510779
3790        0.189747927032
3791        0.166665008292
3796        0.142437810945
3799        0.123386401327
3801        0.163285240464
3803        0.205096185738
3804        0.0840928689884
3807        0.0733764510779
3812        0.0624461028192
3813        0.0413150912106
3814        0.0806517412935
3815        0.0865257048093
3817        0.0689883913765
3819        0.0652868988391
3820        0.109260364842
3824        0.195747927032
3830        0.0924543946932
3831        0.206570480929
3833        0.146965174129
3836        0.077912106136
3838        0.182603648425
3839        0.057807628524
3844        0.0839535655058
3845        0.0788573797678
3846        0.102628524046
3847        0.334525704809
3850        0.0875771144279
3851        0.0779419568823
3855        0.113160862355
3856        0.107535655058
3857        0.234988391376
3859        0.0561608623549
3861        0.0528590381426
3862        0.0543582089552
3863        0.0602686567164
3864        0.0644444444444
3865        0.0524875621891
3866        0.0504427860697
3867        0.0523067993367
3868        0.0424311774461
3869        0.0596998341625
3870        0.0575373134328
3871        0.0491111111111
3872        0.0529054726368
3873        0.0522935323383
3874        0.049048092869
3875        0.0508805970149
3876        0.0377131011609
3878        0.0412553897181
3879        0.053912106136
3880        0.050991708126
3881        0.048943615257
3882        0.0497064676617
3883        0.0645655058043
3884        0.0491592039801
3885        0.0393747927032
3886        0.0543067993367
3887        0.0474361525705
3888        0.0545140961857
3889        0.0477595356551
3890        0.044223880597
3891        0.0420265339967
3892        0.0460912106136
3893        0.0578971807629
3894        0.0487794361526
3895        0.0481558872305
3899        0.102943615257
3900        0.150149253731
3903        0.0436368159204
3904        0.094328358209
3905        0.0992736318408
3909        0.201532338308
3911        0.0819618573798
3912        0.205179104478
3914        0.306505804312
3915        0.32252238806
3925        0.165424543947
3931        0.104348258706
3932        0.305810945274
3937        0.17463681592
3940        0.174373134328
3950        0.0881608623549
3951        0.324814262023
3956        0.020447761194
3957        0.109167495854
3962        0.0910862354892
3963        0.084991708126
3964        0.0571160862355
3967        0.319235489221
3970        0.0911973466003
3976        0.240258706468
3994        0.102064676617
3996        0.0822122719735
3999        0.117936981758
4000        0.334537313433
4001        0.150872305141
4003        0.313145936982
4004        0.292122719735
4005        0.295361525705
4006        0.323048092869
4010        0.12848092869
4015        0.09664013267
4017        0.0434742951907
4039        0.163114427861
4040        0.0511343283582
4043        0.074447761194
4045        0.105069651741
4052        0.149747927032
4057        0.0758656716418
4058        0.208714759536
4060        0.0533499170813
8319        0.0769402985075
2048        0.0323747927032
4109        0.0268922056385
4125        0.0574112769486
4128        0.0837031509121
4129        0.22264013267
4130        0.0384809286899
4133        0.10208291874
4134        0.261300165837
4136        0.19035655058
4137        0.0908524046434
4140        0.0720016583748
4143        0.052552238806
4148        0.0659054726368
4150        0.169169154229
4151        0.141409618574
4158        0.0442338308458
4167        0.154809286899
4178        0.0473648424544
4181        0.176736318408
4183        0.288650082919
4184        0.0958938640133
4187        0.0977296849088
4193        0.10428026534
4195        0.0905538971808
4197        0.153794361526
4198        0.168142620232
4200        0.335535655058
4201        0.0426898839138
4203        0.122344941957
4205        0.108389718076
4208        0.229220563847
4213        0.14664013267
4214        0.0673167495854
4215        0.0457893864013
4216        0.0491873963516
4217        0.049583747927
4219        0.0390912106136
4221        0.0423250414594
4222        0.110577114428
4223        0.0885107794362
4230        0.223910447761
4231        0.213273631841
4232        0.121230514096
4239        0.0950812603648
4243        0.0937495854063
4247        0.09592039801
4251        0.102371475954
4252        0.0476583747927
4257        0.108087893864
4258        0.19500331675
4259        0.18292039801
4261        0.170265339967
4262        0.0761774461028
4269        0.180744610282
4270        0.101774461028
4271        0.109063018242
4272        0.0855588723051
4274        0.140562189055
4277        0.0841426202322
4278        0.132485903814
4279        0.090223880597
4281        0.0937048092869
4283        0.086039800995
4284        0.10547761194
4285        0.0925986733002
4286        0.0878142620232
4292        0.0879419568823
4293        0.0880331674959
4306        0.0994776119403
4309        0.210593698176
4310        0.0849684908789
4314        0.212585406302
4319        0.138250414594
4327        0.152983416252
4352        0.155134328358
4354        0.146303482587
4355        0.219575456053
4356        0.0783864013267
4358        0.135023217247
4359        0.103849087894
4364        0.137603648425
4366        0.0426185737977
4372        0.100655058043
4373        0.156502487562
4374        0.215912106136
4376        0.156686567164
4377        0.093592039801
4387        0.05892039801
4390        0.11036318408
4393        0.086175787728
4433        0.184313432836
4434        0.0694859038143
4436        0.31192039801
4437        0.087056384743
4444        0.0972139303483
4452        0.149631840796
4454        0.134379767828
4456        0.0756699834163
4459        0.162366500829
4465        0.0970580431177
2110        0.112620232172
4470        0.0677330016584
4472        0.159669983416
4475        0.0907844112769
4480        0.0600265339967
4481        0.0381641791045
4482        0.0445207296849
4483        0.0407313432836
4484        0.0391741293532
4485        0.0325157545605
4486        0.0515406301824
4487        0.0434991708126
4488        0.0544792703151
4489        0.0457164179104
4490        0.0664577114428
4492        0.169330016584
4493        0.00731011608624
4495        0.186565505804
4496        0.0878192371476
4509        0.089960199005
4511        0.184572139303
4513        0.171583747927
4515        0.17900331675
4519        0.0893134328358
4521        0.0686749585406
4527        0.231281923715
4534        0.245706467662
4535        0.120583747927
4538        0.0918192371476
4539        0.085960199005
4540        0.300074626866
4543        0.102336650083
4544        0.295311774461
4546        0.027456053068
4550        0.131873963516
4553        0.151938640133
4554        0.0573084577114
4565        0.328058043118
4568        0.0531608623549
4573        0.0938507462687
4574        0.0970812603648
4583        0.182444444444
4587        0.143490878939
4589        0.242147595357
4592        0.0872072968491
4595        0.0457744610282
4596        0.207965174129
4599        0.193232172471
4600        0.181706467662
4605        0.0544726368159
4608        0.0788772802653
4609        0.153454394693
4610        0.0617064676617
4611        0.0847910447761
2134        0.103369817579
4614        0.112897180763
4616        0.0427180762852
4617        0.0289469320066
4618        0.0805953565506
4619        0.0360298507463
4621        0.105864013267
4622        0.0359983416252
4623        0.133097844113
4624        0.0491409618574
4627        0.0618424543947
4628        0.0955091210614
4630        0.0253349917081
4631        0.103880597015
772        0.0543399668325
4634        0.0712470978441
4637        0.263406301824
4639        0.0450862354892
4641        0.0840248756219
4642        0.0693930348259
4643        0.0851094527363
4644        0.0699369817579
4645        0.163860696517
4646        0.0471542288557
4647        0.0777495854063
4648        0.195988391376
4650        0.0220298507463
4651        0.215240464345
4652        0.0408938640133
4654        0.0867595356551
4655        0.059087893864
4656        0.055679933665
4657        0.0578126036484
4658        0.0678391376451
4660        0.0436782752902
4662        0.101925373134
4663        0.0339867330017
4665        0.0492006633499
4666        0.139250414594
4668        0.0626384742952
4669        0.137296849088
4670        0.10792371476
4672        0.0807728026534
4673        0.203970149254
4675        0.162112769486
4677        0.162233830846
4678        0.141096185738
4680        0.204495854063
4681        0.164817578773
4682        0.166993366501
4683        0.0403897180763
4684        0.0620099502488
4685        0.140810945274
4686        0.174179104478
4688        0.130155887231
4690        0.0716616915423
4691        0.207054726368
4692        0.143781094527
4693        0.205673300166
4694        0.306149253731
4695        0.175311774461
4696        0.0687844112769
4698        0.19600331675
4700        0.0729386401327
4702        0.142142620232
4703        0.150472636816
4704        0.20939800995
4705        0.098416252073
4706        0.089368159204
4707        0.073056384743
4708        0.0621641791045
10342        0.168101160862
4710        0.104434494196
4711        0.146910447761
4713        0.193890547264
4714        0.0757462686567
4716        0.124726368159
4719        0.0573399668325
4720        0.127208955224
4722        0.230737976783
4723        0.104144278607
4724        0.139091210614
4725        0.279897180763
4727        0.110192371476
4728        0.160454394693
4729        0.102469320066
4730        0.0834212271973
4732        0.174658374793
4733        0.0936119402985
4736        0.104935323383
4738        0.0495024875622
4739        0.0930331674959
4740        0.0643333333333
4741        0.0887810945274
4742        0.170104477612
4744        0.0375688225539
4745        0.139074626866
4746        0.0692885572139
4747        0.068824212272
4748        0.044447761194
4749        0.0503499170813
4750        0.141671641791
4755        0.19951907131
4757        0.0642603648425
4759        0.141265339967
4760        0.174998341625
4761        0.127179104478
4762        0.0677893864013
4763        0.0726965174129
4765        0.176562189055
4766        0.121427860697
4767        0.0355820895522
4768        0.146029850746
4773        0.0752985074627
4774        0.281447761194
4776        0.117368159204
4777        0.15368159204
4778        0.189061359867
4780        0.219864013267
4783        0.0858573797678
4786        0.137630182421
4787        0.16008291874
4788        0.147386401327
4790        0.124792703151
4791        0.10755721393
4792        0.0812669983416
4793        0.0637611940299
4794        0.0473963515755
4795        0.051008291874
4797        0.0608573797678
4798        0.0838391376451
4799        0.152762852405
4800        0.035872305141
4801        0.0700713101161
4803        0.124711442786
4804        0.054223880597
4805        0.151804311774
4807        0.0568142620232
4808        0.0813764510779
4853        0.0829021558872
4854        0.123016583748
4855        0.0423383084577
4857        0.0727794361526
4860        0.0747529021559
4861        0.086184079602
4908        0.085399668325
4911        0.193562189055
4912        0.119454394693
4913        0.0973101160862
4922        0.0975190713101
4923        0.109308457711
4926        0.268149253731
4927        0.0506202321725
4940        0.20451907131
4946        0.105771144279
4947        0.0990497512438
4952        0.0725953565506
4958        0.139507462687
4959        0.229174129353
4963        0.176004975124
4966        0.0921028192371
4967        0.111278606965
4968        0.197709784411
4969        0.318512437811
4979        0.0938142620232
4982        0.0762736318408
4983        0.179454394693
4984        0.113973466003
4989        0.0889270315091
4993        0.0938855721393
4996        0.0912371475954
4999        0.0983864013267
5000        0.315653399668
5002        0.144305140962
5003        0.162737976783
5004        0.0861774461028
5006        0.221686567164
5009        0.155726368159
5011        0.04571973466
5024        0.177689883914
5033        0.153066334992
5041        0.173499170813
5046        0.160140961857
5048        0.165800995025
5049        0.150374792703
5050        0.103296849088
5051        0.0946334991708
5053        0.0871724709784
5056        0.167217247098
5058        0.0256567164179
5071        0.0788009950249
5072        0.101208955224
5074        0.0779253731343
5075        0.0601194029851
5076        0.203656716418
5078        0.114625207297
5081        0.109663349917
5085        0.0389170812604
5086        0.103036484245
5088        0.16652238806
5089        0.247777777778
5097        0.203424543947
5099        0.0236633499171
5101        0.147630182421
5105        0.0894129353234
5106        0.0859784411277
5107        0.0995207296849
5109        0.162069651741
5119        0.106573797678
5188        0.0453532338308
5200        0.053135986733
5202        0.0460514096186
5203        0.0125953565506
5205        0.0479635157546
5206        0.0493963515755
5207        0.0642421227197
5208        0.0497529021559
5209        0.057271973466
5210        0.0628358208955
5211        0.0542023217247
5212        0.0478524046434
5213        0.0472985074627
5214        0.0447429519071
5215        0.0492006633499
5217        0.0543482587065
5218        0.0527213930348
5220        0.0492752902156
5232        0.054087893864
5234        0.0444693200663
5235        0.0423913764511
5240        0.0590165837479
5241        0.0476252072968
5248        0.048135986733
5251        0.0465140961857
5256        0.051504145937
5303        0.0800165837479
5309        0.0426119402985
5323        0.0640215588723
5324        0.0560713101161
5339        0.0912786069652
5377        0.221278606965
5378        0.334389718076
5379        0.0959751243781
5380        0.0223051409619
5381        0.0320348258706
5382        0.088951907131
5384        0.173746268657
5385        0.128338308458
5387        0.00907628524046
5388        0.323930348259
5389        0.110674958541
5390        0.297437810945
5391        0.117767827529
5392        0.0709966832504
5393        0.0361293532338
5394        0.0706998341625
5395        0.0775588723051
5396        0.0810464344942
5397        0.0703499170813
5398        0.106354892206
5399        0.0526517412935
5400        0.322867330017
5401        0.173323383085
5402        0.00393366500829
5403        0.160711442786
5405        0.0793830845771
5407        0.154059701493
5408        0.111605306799
5409        0.254081260365
5410        0.188427860697
5412        0.157482587065
5413        0.335240464345
5414        0.0592752902156
5415        0.119726368159
5416        0.156116086235
5417        0.217608623549
5418        0.275470978441
5421        0.0186915422886
5422        0.123422885572
5423        0.0592736318408
5424        0.0892736318408
5425        0.0934295190713
5426        0.118827529022
5427        0.179033167496
5428        0.0549767827529
5429        0.0637711442786
5430        0.185230514096
5431        0.0288208955224
5432        0.0672968490879
5433        0.0245174129353
5434        0.117812603648
5435        0.0989386401327
5436        0.0789386401327
5441        0.0394527363184
5442        0.00379933665008
5443        0.0325538971808
5444        0.0259800995025
5445        0.0273548922056
5446        0.0123067993367
5447        0.0106666666667
5448        0.0173963515755
5449        0.0123565505804
5450        0.0103864013267
5451        0.0121293532338
2274        0.0237877280265
5455        0.0294792703151
5456        0.00699668325041
5457        0.0154676616915
5459        0.334583747927
5462        0.304343283582
5463        0.0752255389718
2276        0.162691542289
5466        0.156968490879
5467        0.0172056384743
5468        0.0112255389718
5469        0.0690978441128
5470        0.0242421227197
5471        0.0141558872305
5474        0.106232172471
5479        0.0725257048093
5480        0.0224262023217
5481        0.142258706468
5482        0.138273631841
5483        0.145726368159
5484        0.142064676617
5486        0.139669983416
5490        0.135469320066
5491        0.187507462687
5492        0.0556683250415
5494        0.0973980099502
5495        0.0259618573798
5496        0.244885572139
5498        0.0322570480929
5499        0.0682404643449
5500        0.129701492537
5501        0.0886152570481
5503        0.148429519071
5505        0.0583316749585
5506        0.0844212271973
5507        0.0696169154229
5509        0.132895522388
5510        0.162807628524
5511        0.192378109453
5512        0.0601509121061
5513        0.0408059701493
5516        0.0237097844113
5517        0.139072968491
5518        0.0955422885572
5519        0.237550580431
5520        0.0458358208955
5521        0.0702089552239
5522        0.170779436153
5532        0.0407479270315
5533        0.106427860697
5535        0.0649618573798
5536        0.0923150912106
5537        0.0308938640133
5539        0.149940298507
5540        0.179567164179
5543        0.0525240464345
5547        0.0527893864013
5548        0.0377545605307
5549        0.160646766169
5551        0.251061359867
5553        0.0142537313433
5554        0.0424527363184
5556        0.262897180763
5557        0.20531840796
5558        0.0341326699834
5559        0.220978441128
5560        0.0900845771144
5561        0.108429519071
5563        0.0712587064677
5564        0.175699834163
5565        0.105693200663
5567        0.0226583747927
5568        0.0343034825871
5569        0.0256053067993
5571        0.220383084577
5572        0.0137562189055
5573        0.0190182421227
5577        0.1478026534
5578        0.0564228855721
5580        0.100464344942
5582        0.0726666666667
5583        0.167706467662
5586        0.0827230514096
5587        0.150142620232
5588        0.0914278606965
5589        0.0837529021559
5590        0.175510779436
5592        0.0506036484245
5594        0.141514096186
5595        0.146524046434
5596        0.0675903814262
5597        0.0662669983416
5598        0.018951907131
5599        0.105550580431
5600        0.0786119402985
5603        0.0923714759536
5604        0.145250414594
5606        0.078912106136
5607        0.229530679934
5609        0.071039800995
5610        0.164575456053
5611        0.156167495854
5612        0.0473316749585
5615        0.121179104478
5617        0.178330016584
5618        0.110985074627
5619        0.020447761194
5620        0.0857744610282
5621        0.206648424544
5622        0.131648424544
5623        0.202268656716
5625        0.0493466003317
5627        0.0303399668325
5628        0.126331674959
5629        0.0850331674959
5630        0.137872305141
5631        0.181102819237
5632        0.252303482587
5639        0.0908706467662
5641        0.0993980099502
5645        0.149779436153
5646        0.332645107794
5648        0.113747927032
5650        0.28539800995
5651        0.186421227197
5652        0.167509121061
5653        0.0438922056385
5655        0.136625207297
5656        0.144102819237
5661        0.0753084577114
5662        0.221684908789
5666        0.152558872305
5668        0.0889883913765
5669        0.309728026534
5671        0.232686567164
5672        0.196592039801
5673        0.159764510779
5674        0.110437810945
5675        0.0803764510779
5676        0.12820066335
5677        0.0900182421227
5678        0.0834228855721
5679        0.082807628524
5680        0.0748855721393
5681        0.0803217247098
5682        0.11507960199
5683        0.332013266998
5684        0.180930348259
5687        0.105943615257
5688        0.127077943615
5689        0.0893266998342
5691        0.0857048092869
5692        0.072311774461
5693        0.150353233831
5696        0.333781094527
5698        0.148169154229
5700        0.0895306799337
5702        0.114805970149
5703        0.0842968490879
5704        0.102145936982
5705        0.199578772803
5706        0.0983366500829
5710        0.103331674959
5712        0.165157545605
5713        0.145898839138
5714        0.143026533997
5719        0.0523399668325
5723        0.109091210614
5726        0.195429519071
5727        0.286736318408
5730        0.069736318408
5731        0.0930696517413
5736        0.136107794362
5737        0.159759535655
5738        0.229145936982
5739        0.0352404643449
5742        0.0788805970149
5743        0.0928623548922
5745        0.00722056384743
5746        0.106257048093
5749        0.0911973466003
5750        0.104625207297
5754        0.0972769485904
5755        0.0540696517413
5756        0.193804311774
5760        0.164737976783
5761        0.197482587065
5762        0.0869834162521
5763        0.14243946932
5765        0.110698175788
5767        0.132434494196
5768        0.168827529022
5769        0.0871956882255
5771        0.177567164179
5772        0.138630182421
5773        0.174180762852
5774        0.0941210613599
5778        0.146721393035
5779        0.198446102819
5784        0.247912106136
5786        0.0800414593698
5788        0.0890099502488
5789        0.0830679933665
5790        0.109116086235
5792        0.125568822554
5794        0.0739668325041
5798        0.145018242123
5836        0.048855721393
5839        0.0477711442786
5846        0.0512072968491
5855        0.0420978441128
5856        0.146074626866
5872        0.0908441127695
5881        0.0424278606965
5922        0.0354461028192
5927        0.072447761194
5952        0.0809469320066
6057        0.11803814262
6059        0.0884461028192
6061        0.201437810945
6062        0.154096185738
6063        0.0676965174129
6064        0.114739635158
6065        0.16771641791
6066        0.298061359867
6067        0.143976782753
6068        0.0560829187396
6070        0.157815920398
6071        0.115479270315
6072        0.10548092869
6073        0.157907131012
6076        0.159623548922
6077        0.147688225539
6078        0.197240464345
6079        0.248192371476
6080        0.162902155887
6081        0.211325041459
6082        0.279207296849
10571        0.143144278607
6086        0.146635157546
6088        0.0237777777778
6089        0.0438026533997
6091        0.0890646766169
6095        0.220470978441
6097        0.107137645108
6104        0.16452238806
6106        0.0343980099502
6107        0.0660530679934
6108        0.0643665008292
6109        0.0960066334992
6112        0.098767827529
6113        0.335089552239
6114        0.0877097844113
6115        0.124600331675
6116        0.0965970149254
6121        0.00212271973466
6122        0.0871376451078
6123        0.239868988391
6127        0.0877645107794
6128        0.192449419569
6129        0.146490878939
6130        0.165492537313
6136        0.155686567164
6137        0.127577114428
6138        0.109281923715
6139        0.101540630182
6140        0.204907131012
6142        0.0889767827529
6143        0.0781343283582
6144        0.0867562189055
6147        0.211033167496
6159        0.0964046434494
6161        0.114084577114
6163        0.0978507462687
6164        0.143072968491
6165        0.144666666667
6166        0.0944776119403
6167        0.171139303483
6171        0.0268822553897
6172        0.308419568823
6174        0.110986733002
6178        0.124965174129
6179        0.0835058043118
6180        0.0859718076285
6181        0.157797678275
6185        0.0752288557214
6187        0.115315091211
6188        0.210228855721
6192        0.034144278607
6194        0.212293532338
6195        0.167402985075
6196        0.327577114428
6197        0.149945273632
6198        0.154928689884
6199        0.149835820896
6200        0.0872305140962
6201        0.211067993367
6202        0.150059701493
6203        0.237426202322
6205        0.203298507463
6210        0.0796782752902
6213        0.0841973466003
6214        0.0820663349917
6217        0.0938872305141
6218        0.24539800995
6220        0.105009950249
6223        0.106044776119
6225        0.17848092869
6226        0.102704809287
6227        0.16203814262
6228        0.0972354892206
6233        0.0945140961857
6234        0.171087893864
6235        0.329472636816
6239        0.0370762852405
6241        0.0499635157546
6242        0.0877213930348
6243        0.161237147595
6245        0.265087893864
6248        0.25264344942
6249        0.0947910447761
6250        0.118346600332
6254        0.0889734660033
6255        0.144588723051
6258        0.090447761194
6259        0.27124212272
6260        0.113648424544
6261        0.228766169154
6263        0.0988308457711
6266        0.141950248756
6269        0.0647893864013
6283        0.17655721393
6285        0.0996583747927
6287        0.10423880597
6289        0.0805820895522
6292        0.142976782753
6294        0.113273631841
6295        0.202890547264
6296        0.104859038143
6297        0.10707628524
6299        0.139145936982
6301        0.102759535655
6302        0.18992371476
6303        0.146001658375
6305        0.109207296849
6306        0.107217247098
6307        0.0949718076285
6308        0.14235655058
6309        0.100426202322
6310        0.0988059701493
6313        0.089087893864
6314        0.155323383085
6315        0.0641658374793
6317        0.161970149254
6319        0.159873963516
6320        0.197053067993
6322        0.151185737977
6325        0.0935505804312
6326        0.0872951907131
6327        0.199338308458
6331        0.112714759536
6332        0.143572139303
6334        0.153970149254
6335        0.10556384743
6342        0.0315704809287
6345        0.241706467662
6347        0.31784079602
6348        0.0779618573798
6349        0.114683250415
6350        0.166225538972
6351        0.121533996683
6352        0.238827529022
6354        0.196583747927
6355        0.142615257048
6357        0.0722520729685
6358        0.0898606965174
6359        0.173245439469
6362        0.113195688226
6364        0.112452736318
6365        0.153406301824
6367        0.0814228855721
6368        0.0959386401327
6369        0.0815870646766
6371        0.205155887231
6372        0.162772802653
6373        0.121945273632
6375        0.0792106135987
6376        0.164769485904
6377        0.0323814262023
6379        0.149061359867
6380        0.135708126036
6381        0.155303482587
6382        0.172688225539
6383        0.125754560531
6384        0.153668325041
6385        0.163011608624
6386        0.142915422886
6387        0.140587064677
8396        0.0633499170813
6390        0.0872852404643
6391        0.216613598673
6392        0.0863001658375
6394        0.209192371476
6395        0.132384742952
6396        0.0882172470978
6400        0.151402985075
6401        0.0954228855721
6402        0.130844112769
6404        0.0940298507463
6405        0.161532338308
6406        0.0995323383085
6407        0.0456301824212
6409        0.108394693201
6410        0.0910845771144
6411        0.0772918739635
6412        0.139379767828
6413        0.0909585406302
6419        0.166577114428
6423        0.164192371476
6425        0.0835754560531
6427        0.202600331675
6428        0.167827529022
6429        0.0967446102819
6430        0.103646766169
6431        0.145815920398
6432        0.166154228856
6433        0.10468159204
6434        0.161830845771
6435        0.108827529022
6437        0.147490878939
6441        0.100631840796
6448        0.164747927032
6449        0.103414593698
6450        0.0922769485904
6451        0.164490878939
6453        0.331175787728
6455        0.137810945274
6456        0.193456053068
6458        0.208338308458
6459        0.142499170813
6460        0.138641791045
6461        0.33372305141
6462        0.0923018242123
6463        0.17768159204
6465        0.0799784411277
6467        0.322384742952
6468        0.211097844113
6469        0.233179104478
6470        0.142897180763
6471        0.038912106136
6472        0.153293532338
6473        0.0875273631841
6474        0.156666666667
6476        0.0948092868988
6477        0.0970845771144
6478        0.308306799337
6480        0.16612106136
6481        0.129820895522
6482        0.145963515755
6484        0.107505804312
6487        0.0890812603648
6488        0.0539187396352
6494        0.0388540630182
6495        0.0409170812604
6496        0.0836252072968
6498        0.083767827529
6499        0.165812603648
6501        0.0794759535655
6502        0.196865671642
6503        0.134092868988
6505        0.245749585406
6507        0.0852487562189
6508        0.0620630182421
6512        0.0971542288557
6515        0.0841028192371
6517        0.155437810945
6521        0.178703150912
6525        0.171713101161
6527        0.128829187396
6534        0.103514096186
6535        0.103774461028
6536        0.0869850746269
6537        0.0546567164179
6539        0.106305140962
6540        0.163343283582
6541        0.145608623549
6542        0.0896815920398
6543        0.0561956882255
6545        0.171726368159
6547        0.0756948590381
6549        0.0902305140962
6551        0.0873432835821
6552        0.0747529021559
6553        0.299948590381
6554        0.127628524046
6555        0.168966832504
6561        0.201691542289
6562        0.149509121061
6563        0.204592039801
6565        0.0855555555556
6566        0.206427860697
6567        0.0321807628524
6568        0.113789386401
6569        0.0962056384743
6570        0.0837844112769
6571        0.137422885572
6575        0.169930348259
6576        0.19728026534
6577        0.160691542289
6580        0.155888888889
6582        0.205145936982
6583        0.197822553897
6584        0.0940746268657
6586        0.0945505804312
6587        0.164091210614
6588        0.159525704809
6589        0.0814776119403
6590        0.0428142620232
6591        0.0818706467662
6592        0.0861608623549
6593        0.102147595357
6595        0.0456849087894
6597        0.231137645108
6600        0.0940049751244
6601        0.162058043118
6603        0.0982703150912
6604        0.165832504146
6606        0.168054726368
6607        0.0737346600332
6614        0.0834859038143
6618        0.15984079602
6619        0.132577114428
6620        0.151688225539
6621        0.0838905472637
6623        0.156691542289
6629        0.130927031509
6630        0.0991194029851
6633        0.0255406301824
6635        0.0801708126036
6637        0.0874195688226
6638        0.0814295190713
6639        0.0888059701493
6640        0.127721393035
6641        0.154470978441
6644        0.108995024876
6646        0.079903814262
6648        0.0957147595357
6650        0.142580431177
6653        0.0992039800995
6654        0.10067827529
6656        0.144595356551
6658        0.0561956882255
6659        0.157771144279
6660        0.304341625207
6661        0.15023880597
6662        0.0505008291874
6663        0.0691210613599
6664        0.222031509121
6665        0.124651741294
6666        0.105792703151
6667        0.0206616915423
6668        0.0690016583748
6669        0.087223880597
6670        0.149583747927
6671        0.00744776119403
6673        0.039096185738
6675        0.103124378109
6677        0.0987628524046
6678        0.0679502487562
6679        0.211262023217
6680        0.211144278607
6681        0.0640232172471
6682        0.129164179104
6683        0.235822553897
6684        0.121466003317
6685        0.230515754561
6686        0.121194029851
6687        0.13808291874
6688        0.0920049751244
6689        0.105613598673
6690        0.0768888888889
6691        0.0291956882255
6694        0.0887114427861
6695        0.0979784411277
6696        0.156507462687
6697        0.122192371476
6702        0.0273250414594
6703        0.0307595356551
6705        0.140922056385
6706        0.100844112769
6707        0.0666019900498
6708        0.0910132669983
6709        0.0286749585406
6711        0.0142885572139
6713        0.11943615257
6714        0.0408325041459
6715        0.0291608623549
6716        0.205432835821
6717        0.0870630182421
6718        0.110416252073
6719        0.186240464345
6720        0.059087893864
6721        0.10491708126
6722        0.0373963515755
6723        0.025535655058
6726        0.0581724709784
6727        0.182641791045
6728        0.150245439469
6729        0.0543731343284
6730        0.195684908789
6731        0.0492852404643
6732        0.0966036484245
6733        0.0820033167496
6734        0.123140961857
6735        0.0975190713101
6737        0.102364842454
6738        0.0701625207297
6739        0.0746169154229
6740        0.0310182421227
6741        0.0789303482587
6742        0.293898839138
6743        0.0804344941957
6744        0.0460149253731
6745        0.258650082919
6746        0.0543067993367
6747        0.0623432835821
6750        0.0188656716418
6751        0.0773366500829
6752        0.125258706468
6753        0.140646766169
6754        0.202502487562
6755        0.162504145937
6756        0.0402388059701
6757        0.137915422886
6758        0.126421227197
6760        0.0845887230514
6761        0.109028192371
6762        0.230572139303
6763        0.0791542288557
6764        0.0491525704809
6765        0.28235986733
6769        0.0626152570481
6770        0.117235489221
6771        0.0791260364842
6772        0.119830845771
6773        0.0455306799337
6774        0.189928689884
6776        0.115099502488
6778        0.103562189055
6779        0.203885572139
6782        0.0310945273632
6783        0.165308457711
6784        0.026943615257
6785        0.0437927031509
6787        0.0653051409619
6790        0.0877960199005
6792        0.296230514096
6793        0.0945456053068
6795        0.0744278606965
6796        0.0155854063018
6798        0.0356268656716
6799        0.0902752902156
6800        0.0390132669983
6802        0.127179104478
6803        0.0640016583748
6804        0.0697810945274
6805        0.174452736318
6806        0.167087893864
6807        0.0189900497512
6809        0.0360232172471
6810        0.0207247097844
6812        0.0256334991708
6813        0.18295854063
6819        0.027263681592
6820        0.0185456053068
2502        0.139174129353
6822        0.0106102819237
6825        0.103429519071
6826        0.0830165837479
6827        0.147873963516
6829        0.147258706468
6830        0.20044278607
10696        0.164943615257
6834        0.0389718076285
6835        0.0916135986733
6837        0.0968673300166
6840        0.0206185737977
6841        0.269965174129
6844        0.106973466003
6845        0.04507960199
6846        0.126487562189
6847        0.0627645107794
6848        0.0609303482587
6849        0.110817578773
6850        0.117580431177
6851        0.0206699834163
6852        0.104777777778
6853        0.0528772802653
6855        0.167220563847
6856        0.0591940298507
6858        0.0441674958541
6859        0.206650082919
6863        0.13935655058
6864        0.0591077943615
6865        0.042368159204
6866        0.157285240464
6867        0.0358673300166
6868        0.02092039801
6870        0.175086235489
6871        0.0506849087894
6873        0.179444444444
6875        0.0186633499171
6876        0.041311774461
6878        0.0610762852405
6879        0.0937296849088
6880        0.00210779436153
6881        0.092328358209
6882        0.064368159204
6883        0.0961044776119
6884        0.0274660033167
6886        0.0157744610282
6887        0.0323631840796
6888        0.0585074626866
6893        0.082175787728
6894        0.0886998341625
6896        0.0306467661692
6897        0.109310116086
10707        0.0874908789386
6900        0.197167495854
6901        0.0322752902156
6902        0.149548922056
6903        0.0572421227197
6904        0.0805107794362
6905        0.196104477612
6906        0.107530679934
6912        0.08428026534
6913        0.109310116086
6916        0.116257048093
6922        0.0786252072968
6924        0.0663565505804
6925        0.152587064677
6931        0.118262023217
6932        0.134912106136
6933        0.0847462686567
6936        0.0736832504146
6938        0.206729684909
6939        0.268291873964
6941        0.141338308458
6942        0.137625207297
6944        0.215071310116
6946        0.103316749585
6947        0.142434494196
6948        0.103018242123
6949        0.155374792703
6950        0.0818573797678
6954        0.104474295191
6955        0.206185737977
6957        0.0359452736318
6967        0.174815920398
6969        0.150902155887
6971        0.087008291874
6973        0.226827529022
6975        0.0924543946932
6979        0.0944444444444
6981        0.137404643449
6983        0.152742951907
6984        0.0664394693201
6986        0.119555555556
6989        0.157915422886
6990        0.0734809286899
6991        0.0954311774461
6992        0.16284079602
6993        0.236890547264
6994        0.102233830846
6995        0.0794112769486
6996        0.0742404643449
6997        0.135885572139
6998        0.0836235489221
7003        0.0560580431177
7006        0.06564013267
7014        0.0987827529022
7015        0.215892205638
7016        0.121
7017        0.202573797678
7018        0.268583747927
7019        0.244147595357
7020        0.0258109452736
7021        0.0660381426202
7022        0.0819535655058
7023        0.200875621891
7026        0.188207296849
7029        0.0870033167496
7033        0.0792338308458
7035        0.158834162521
7037        0.188960199005
7038        0.0412752902156
7040        0.106074626866
7041        0.0799270315091
7042        0.0673565505804
7043        0.107646766169
7044        0.0988142620232
7046        0.102190713101
7047        0.07928026534
7050        0.0204361525705
7051        0.18867827529
7052        0.0733665008292
7053        0.0892089552239
7054        0.0940215588723
7055        0.0960646766169
7057        0.137912106136
7058        0.162941956882
7061        0.105993366501
7062        0.108354892206
7064        0.0960182421227
7065        0.22611774461
7066        0.111111111111
7068        0.156016583748
7070        0.149044776119
7071        0.0907495854063
7078        0.187305140962
7079        0.164558872305
7080        0.0444759535655
7087        0.032144278607
7089        0.0948291873964
7091        0.0644941956882
7092        0.160951907131
7095        0.149172470978
7096        0.152746268657
7098        0.165875621891
7101        0.0917545605307
7105        0.157658374793
7106        0.134457711443
7107        0.112673300166
7113        0.168713101161
7115        0.203701492537
7120        0.020864013267
7122        0.0874129353234
7124        0.095824212272
7125        0.0456252072968
7127        0.140524046434
7128        0.0945538971808
7132        0.0866965174129
7133        0.147704809287
7137        0.0738922056385
7138        0.110887230514
7139        0.165666666667
7140        0.148142620232
7143        0.0966268656716
7144        0.148970149254
7147        0.169233830846
7148        0.125862354892
7151        0.175577114428
7152        0.154709784411
7153        0.100815920398
7157        0.0751525704809
7160        0.158016583748
7163        0.0698888888889
7168        0.12464013267
7169        0.154537313433
7170        0.256296849088
7174        0.148540630182
7176        0.159570480929
7177        0.0770116086235
7178        0.0796467661692
7179        0.151210613599
7180        0.141457711443
7181        0.145368159204
7183        0.0975572139303
7188        0.108184079602
7189        0.20324212272
7192        0.0693731343284
7193        0.0955953565506
7194        0.153922056385
7195        0.0606948590381
7199        0.0704809286899
7200        0.123645107794
7201        0.210263681592
7203        0.141160862355
7206        0.185271973466
7207        0.127615257048
7208        0.107419568823
7212        0.0915737976783
7217        0.0836069651741
7219        0.200525704809
7220        0.0635190713101
7222        0.0823018242123
7223        0.128533996683
7224        0.194394693201
7226        0.150855721393
7227        0.147409618574
7228        0.145371475954
7229        0.169691542289
7234        0.112726368159
7235        0.157195688226
7239        0.0873648424544
7250        0.174895522388
7252        0.0593615257048
7253        0.0905505804312
7254        0.134393034826
7255        0.109058043118
7256        0.0822172470978
7257        0.0988673300166
7258        0.199688225539
7260        0.200394693201
7261        0.109024875622
7263        0.139893864013
7264        0.0925754560531
7265        0.0642852404643
7267        0.117683250415
7268        0.111633499171
7269        0.154275290216
7271        0.129737976783
7275        0.0927860696517
7276        0.0693648424544
7277        0.057328358209
7279        0.0904726368159
7281        0.0854892205638
7282        0.161875621891
7283        0.151388059701
7284        0.169507462687
7288        0.087127694859
7289        0.088824212272
7290        0.0921492537313
7291        0.0879651741294
7292        0.0926467661692
7293        0.0961774461028
7294        0.0831044776119
7296        0.157205638474
7298        0.0547213930348
7300        0.166734660033
7301        0.0433101160862
7303        0.236361525705
7304        0.0891990049751
7306        0.0260812603648
7307        0.0458208955224
7308        0.0890033167496
7312        0.0971674958541
7313        0.0104742951907
7314        0.183167495854
7315        0.0959767827529
7317        0.0984427860697
7318        0.0720447761194
7319        0.103190713101
7321        0.133447761194
7322        0.141273631841
7323        0.0985422885572
7325        0.101718076285
7326        0.0223880597015
7332        0.105124378109
7333        0.10592371476
7334        0.0733565505804
7336        0.0828142620232
7337        0.162351575456
7338        0.171243781095
7340        0.0663665008292
7341        0.154142620232
7342        0.077504145937
7343        0.170469320066
7344        0.0898126036484
7345        0.102855721393
7346        0.0219303482587
7349        0.106424543947
7351        0.0456152570481
7353        0.103308457711
7354        0.206351575456
7358        0.169842454395
7359        0.125759535655
7360        0.086039800995
7361        0.0909618573798
7362        0.139185737977
7363        0.143970149254
7365        0.134270315091
7366        0.0899734660033
7367        0.0945422885572
7368        0.0975986733002
7369        0.147855721393
7370        0.0269237147595
7372        0.144056384743
7374        0.258119402985
7377        0.105633499171
7382        0.104240464345
7385        0.210824212272
7386        0.140031509121
7391        0.0826268656716
7393        0.0491558872305
7396        0.0443316749585
7397        0.0555373134328
7398        0.0646434494196
7410        0.0878922056385
7414        0.0643349917081
7416        0.0866384742952
7417        0.078056384743
7420        0.080368159204
7424        0.11224212272
7425        0.10560199005
7426        0.162626865672
7427        0.105955223881
7430        0.159565505804
7431        0.0872122719735
7432        0.104693200663
7433        0.101570480929
7434        0.129504145937
7435        0.095552238806
7438        0.114532338308
7439        0.127366500829
7441        0.100592039801
7442        0.153059701493
7443        0.0262553897181
7445        0.0966517412935
7452        0.140791044776
7459        0.0819253731343
7460        0.0664245439469
7462        0.0874411276949
7466        0.0959800995025
7470        0.155232172471
7473        0.196610281924
7474        0.18828358209
7475        0.0547131011609
7476        0.0503847429519
7477        0.0577827529022
7479        0.140736318408
7480        0.117081260365
7482        0.132187396352
7483        0.0954726368159
7485        0.0475787728027
7486        0.0445190713101
7489        0.0632603648425
7490        0.0859137645108
7491        0.092631840796
7496        0.0510829187396
7497        0.0890298507463
7498        0.0258291873964
7499        0.0507993366501
7500        0.187739635158
7501        0.248273631841
7502        0.13068159204
7503        0.0835489220564
7506        0.0684344941957
7511        0.102674958541
7512        0.10292371476
7514        0.0457164179104
7515        0.15516252073
7518        0.141014925373
7521        0.101036484245
7525        0.13592371476
7527        0.0956252072968
7544        0.104875621891
7545        0.110288557214
7556        0.0792122719735
7557        0.116520729685
7558        0.102031509121
7559        0.104514096186
7561        0.0983084577114
7562        0.0610646766169
7563        0.0453665008292
7564        0.0140116086235
7565        0.0862868988391
7567        0.0831940298507
7569        0.0519452736318
7570        0.0492056384743
7571        0.0627213930348
7572        0.0570298507463
7573        0.0507247097844
7574        0.0474842454395
7577        0.0609336650083
7578        0.0647479270315
7579        0.0291376451078
7580        0.0175190713101
7581        0.0910928689884
7582        0.074631840796
7585        0.0911575456053
7586        0.108606965174
7589        0.0741260364842
7590        0.141023217247
7594        0.189943615257
7604        0.0191243781095
7605        0.0640779436153
7613        0.0540464344942
7616        0.111248756219
7621        0.0606849087894
7631        0.0347147595357
7632        0.0629834162521
7633        0.124623548922
7637        0.0501509121061
7644        0.061504145937
7646        0.0817993366501
7687        0.0890149253731
7724        0.154844112769
7725        0.193520729685
7726        0.107641791045
7731        0.163872305141
7734        0.154540630182
7736        0.0805074626866
7737        0.141927031509
7739        0.0809419568823
7742        0.159379767828
7748        0.153648424544
7750        0.0889734660033
7751        0.0947097844113
7754        0.143011608624
7756        0.13591708126
7757        0.142447761194
7760        0.146334991708
7765        0.0788325041459
7767        0.129250414594
7769        0.139152570481
7770        0.242781094527
7772        0.160650082919
7775        0.0955505804312
7776        0.0931625207297
7777        0.10064013267
7778        0.183469320066
7781        0.0354759535655
7782        0.110747927032
7784        0.0831973466003
7785        0.0793101160862
7786        0.0725970149254
7787        0.0678855721393
7788        0.145081260365
7790        0.108018242123
7792        0.13611774461
7795        0.0951409618574
7800        0.117877280265
7806        0.117258706468
7810        0.0984361525705
7811        0.0719718076285
7814        0.091776119403
7816        0.0455754560531
7820        0.175762852405
7823        0.126610281924
7825        0.092600331675
7829        0.0654145936982
7832        0.157271973466
7833        0.119182421227
7835        0.0803847429519
7836        0.161900497512
7837        0.0867412935323
7838        0.114034825871
7839        0.165247097844
7849        0.15451907131
7850        0.102086235489
7851        0.162615257048
7855        0.0800812603648
7856        0.0921044776119
7859        0.152625207297
7862        0.108028192371
7864        0.0472835820896
7865        0.0323582089552
7868        0.136175787728
7873        0.0557545605307
7876        0.148703150912
7877        0.102154228856
7878        0.0576069651741
7881        0.150552238806
7882        0.0897960199005
7884        0.162504145937
7886        0.154092868988
7888        0.117175787728
7891        0.175955223881
7892        0.154149253731
7893        0.164756218905
7894        0.131912106136
7895        0.159825870647
7900        0.0739635157546
7902        0.0625008291874
7903        0.0769817578773
7908        0.0767744610282
7910        0.0669718076285
7913        0.145583747927
7914        0.0939867330017
7915        0.090679933665
7918        0.102893864013
7920        0.0885621890547
7922        0.270976782753
7923        0.0791857379768
7927        0.118784411277
7928        0.106102819237
7929        0.15771641791
7933        0.0715588723051
7934        0.0597860696517
7938        0.13284079602
7941        0.151572139303
7943        0.0871426202322
7946        0.0684577114428
7949        0.107432835821
7951        0.0759966832504
7954        0.0942487562189
7958        0.122018242123
7959        0.0817844112769
7960        0.166927031509
7962        0.0938971807629
7964        0.0849286898839
7965        0.052600331675
7966        0.142897180763
7973        0.0831791044776
7976        0.0539203980099
7977        0.144537313433
7979        0.0925854063018
7981        0.0839336650083
7982        0.124825870647
7984        0.10331840796
7985        0.0955721393035
7992        0.0404295190713
7993        0.0903101160862
7996        0.0680762852405
7997        0.101862354892
8000        0.0908706467662
8001        0.233422885572
8005        0.149771144279
8007        0.0412371475954
8008        0.0786285240464
8009        0.173829187396
8010        0.0754195688226
8011        0.0958109452736
8012        0.157859038143
8013        0.10268159204
8015        0.132562189055
8016        0.0877164179104
8017        0.0848490878939
8018        0.0593101160862
8021        0.153049751244
8022        0.177922056385
8023        0.0744411276949
8024        0.0138905472637
8028        0.179850746269
8036        0.0677794361526
8037        0.075767827529
8038        0.0670829187396
8039        0.152466003317
8041        0.109066334992
8043        0.257293532338
8046        0.0873764510779
8048        0.130608623549
8051        0.0743134328358
8052        0.148320066335
8056        0.0872338308458
8057        0.111308457711
8058        0.156718076285
8059        0.108184079602
8060        0.0893747927032
8061        0.146431177446
8062        0.169207296849
8063        0.172666666667
8066        0.0748789386401
8068        0.205605306799
8069        0.0658888888889
8070        0.0885091210614
8077        0.163983416252
8078        0.0890066334992
8079        0.128426202322
8080        0.171898839138
8081        0.160437810945
8082        0.0793980099502
8083        0.0925572139303
8085        0.171822553897
8087        0.0906351575456
8088        0.102144278607
8090        0.135265339967
8091        0.136792703151
8093        0.0944278606965
8094        0.0397661691542
8095        0.151399668325
8097        0.172101160862
8098        0.0985306799337
8100        0.0936633499171
8101        0.0905721393035
8105        0.0848922056385
8111        0.059671641791
8114        0.0873432835821
8115        0.0822852404643
8117        0.0802587064677
8118        0.145535655058
8119        0.0889867330017
8120        0.147709784411
8121        0.0698938640133
8123        0.088407960199
8125        0.116908789386
8130        0.10068159204
8133        0.150228855721
8134        0.164330016584
8135        0.0774759535655
8137        0.159782752902
8138        0.140859038143
8140        0.055416252073
8142        0.0592139303483
8143        0.166434494196
8145        0.0223101160862
8146        0.149250414594
8148        0.0394875621891
8151        0.028583747927
8152        0.103893864013
8153        0.11060199005
8154        0.0972023217247
8156        0.157631840796
6821        0.151620232172
8160        0.00708291873964
8161        0.150976782753
8166        0.161845771144
8168        0.165877280265
8169        0.0388474295191
8170        0.160986733002
8174        0.100918739635
8175        0.0911509121061
8179        0.0821210613599
8180        0.163351575456
8185        0.09092039801
8187        0.0676766169154
8188        0.164701492537
