8192        0.0119286898839
1        0.281565505804
8194        0.0132354892206
3        0.0610729684909
8196        0.107145936982
6        0.0635422885572
7        0.08092039801
8200        0.0104145936982
9        0.0145854063018
13        0.0917611940299
8206        0.0120066334992
8207        0.0189883913765
16        0.0561409618574
17        0.0939718076285
8210        0.16307628524
8195        0.0420995024876
8212        0.0156351575456
8213        0.0567446102819
22        0.0867247097844
5465        0.0598341625207
8216        0.0345953565506
25        0.0215953565506
26        0.0354709784411
27        0.0775024875622
8220        0.146787728027
8221        0.0625986733002
31        0.045736318408
32        0.0633698175788
33        0.200084577114
34        0.109127694859
35        0.021776119403
8228        0.116734660033
8198        0.108830845771
38        0.0888225538972
8231        0.0290895522388
8232        0.0276567164179
41        0.0617263681592
43        0.077728026534
45        0.0745306799337
46        0.120635157546
8239        0.0286567164179
48        0.118902155887
49        0.0701011608624
50        0.0648955223881
8243        0.0566699834163
52        0.079184079602
8245        0.0737628524046
8246        0.0329751243781
55        0.00607131011609
8248        0.0637910447761
8249        0.00905472636816
8250        0.0804726368159
8251        0.0578524046434
8253        0.024232172471
8255        0.0530862354892
8257        0.0389137645108
8258        0.0271608623549
8259        0.150749585406
68        0.0703001658375
70        0.057903814262
71        0.210887230514
72        0.0271674958541
73        0.0634046434494
74        0.0341028192371
8267        0.0468888888889
77        0.114131011609
8270        0.0174792703151
8205        0.0934378109453
80        0.025456053068
81        0.137343283582
8274        0.0390049751244
83        0.107195688226
8277        0.111009950249
8278        0.0171774461028
87        0.0540033167496
88        0.081
90        0.137001658375
8284        0.0727578772803
93        0.141822553897
97        0.143686567164
8291        0.00639137645108
8292        0.015824212272
8293        0.0131907131012
8294        0.0373233830846
103        0.0578391376451
8296        0.0746733001658
8297        0.094943615257
8298        0.0591061359867
8299        0.020495854063
8300        0.0480199004975
109        0.17103814262
111        0.0753980099502
8304        0.0400895522388
114        0.14791708126
8307        0.0641857379768
8309        0.142152570481
8310        0.0458772802653
8312        0.0617827529022
8313        0.0370530679934
8314        0.0651890547264
125        0.0663466003317
127        0.0928126036484
8321        0.0296915422886
131        0.122290215589
132        0.104928689884
8327        0.0749419568823
8328        0.0205257048093
137        0.0785688225539
8330        0.0148905472637
8331        0.0203067993367
140        0.132862354892
8333        0.0527429519071
8334        0.0117412935323
144        0.121739635158
145        0.123910447761
146        0.0102968490879
8339        0.121029850746
8340        0.0196733001658
8342        0.117698175788
8217        0.0358988391376
8346        0.0765091210614
8347        0.0645323383085
157        0.12271973466
159        0.0128623548922
160        0.078320066335
8354        0.0511674958541
163        0.0742968490879
8358        0.0161708126036
8359        0.0622918739635
8361        0.0532951907131
8362        0.0613266998342
8363        0.0200066334992
174        0.280144278607
175        0.0632255389718
8368        0.0538656716418
8370        0.00757711442786
8371        0.0379004975124
8374        0.0261210613599
8375        0.0174411276949
8376        0.0956583747927
8379        0.108220563847
8382        0.0247943615257
8383        0.0664925373134
8385        0.09292039801
194        0.115106135987
195        0.0693897180763
196        0.105053067993
8390        0.119389718076
199        0.0373980099502
8392        0.0934046434494
8394        0.0579320066335
8395        0.021232172471
204        0.0170116086235
8397        0.0791774461028
8398        0.000714759535655
8399        0.0973731343284
209        0.0383067993367
210        0.0684875621891
8227        0.0159170812604
8405        0.0131260364842
8406        0.0504361525705
8407        0.0509469320066
8408        0.0597529021559
217        0.0366019900498
8410        0.0131791044776
8411        0.00355555555556
8412        0.0763731343284
8413        0.0939320066335
8229        0.0088192371476
224        0.0589154228856
225        0.0794875621891
226        0.174669983416
8419        0.0229469320066
8422        0.0418888888889
8423        0.02564013267
8424        0.00739469320066
8425        0.0215273631841
234        0.0118623548922
237        0.0959137645108
239        0.00724709784411
8433        0.0706832504146
8434        0.0667147595357
8440        0.0281608623549
8441        0.0369137645108
8442        0.0371641791045
8445        0.07635986733
8447        0.107150912106
8448        0.0531973466003
8450        0.0360149253731
8451        0.0699651741294
8452        0.0384212271973
8454        0.0897412935323
8455        0.0627744610282
8456        0.00901824212272
8457        0.0426368159204
266        0.0789734660033
268        0.0667495854063
270        0.0719867330017
271        0.0336434494196
8464        0.00742786069652
8465        0.097951907131
8468        0.0482769485904
8469        0.0353764510779
278        0.114285240464
8472        0.0346567164179
8475        0.00349419568823
8476        0.0428955223881
286        0.279741293532
288        0.0837943615257
8240        0.0130762852405
290        0.0579751243781
291        0.0616533996683
292        0.0508872305141
293        0.262248756219
8487        0.0502271973466
297        0.273233830846
299        0.027192371476
8496        0.0102819237148
8498        0.0274378109453
8499        0.0269419568823
8506        0.00208623548922
8510        0.00341293532338
8511        0.0185174129353
8512        0.0150613598673
8513        0.0384892205638
8515        0.0218059701493
8516        0.0512139303483
8517        0.0933631840796
8528        0.114059701493
376        0.012872305141
377        0.079311774461
378        0.00610945273632
400        0.0706650082919
8260        0.00775124378109
419        0.00796351575456
8262        0.0821243781095
423        0.0409966832504
8263        0.0523548922056
8264        0.0371028192371
8265        0.072263681592
450        0.0374029850746
454        0.0289784411277
456        0.0299933665008
8269        0.0725157545605
466        0.0334792703151
8199        0.0822902155887
8271        0.0746650082919
8272        0.156119402985
8273        0.0702553897181
488        0.0355936981758
489        0.0266484245439
8275        0.0301907131012
509        0.0252951907131
513        0.0947097844113
517        0.212122719735
8280        0.0581426202322
8201        0.0309452736318
544        0.0131160862355
549        0.0415107794362
552        0.03964013267
555        0.0647131011609
557        0.122147595357
559        0.0457479270315
561        0.0737048092869
565        0.0101260364842
568        0.254991708126
577        0.143139303483
591        0.0354759535655
600        0.0870132669983
611        0.00456053067993
613        0.10756384743
8295        0.0316567164179
625        0.0751044776119
636        0.0314660033167
655        0.0244361525705
8303        0.0653714759536
668        0.265864013267
679        0.064583747927
681        0.0269303482587
683        0.144615257048
684        0.028583747927
685        0.219933665008
686        0.0187860696517
687        0.0696218905473
689        0.077912106136
691        0.0344510779436
693        0.0528009950249
701        0.280691542289
702        0.281955223881
703        0.204273631841
705        0.0849303482587
714        0.0891310116086
715        0.124067993367
719        0.0622371475954
721        0.0706849087894
724        0.0739883913765
8208        0.0439950248756
744        0.034815920398
745        0.0831343283582
8317        0.0603847429519
760        0.020320066335
762        0.0315323383085
763        0.0636202321725
764        0.0473432835821
766        0.0988606965174
6388        0.132452736318
8209        0.0389817578773
786        0.238245439469
789        0.0173482587065
790        0.0757810945274
800        0.0374361525705
802        0.00605472636816
803        0.0347479270315
808        0.0116766169154
812        0.0752404643449
813        0.0278905472637
814        0.102089552239
815        0.062864013267
816        0.129543946932
817        0.0157512437811
826        0.0161509121061
831        0.0317313432836
8211        0.0454859038143
834        0.0301127694859
838        0.0399635157546
839        0.024328358209
852        0.0724676616915
854        0.0232819237148
855        0.0462089552239
8336        0.00201492537313
8485        0.00658706467662
8349        0.0103134328358
8215        0.0619767827529
8352        0.0681393034826
8355        0.119789386401
8218        0.190661691542
8366        0.0950713101161
1103        0.178139303483
1104        0.0550281923715
1113        0.0246981757877
1114        0.0176533996683
1117        0.0246252072968
1119        0.0307263681592
1129        0.0609004975124
1133        0.0511641791045
1136        0.1274013267
1137        0.0398474295191
1138        0.0874262023217
1140        0.116674958541
8386        0.0157213930348
8387        0.0118706467662
8223        0.0595505804312
8391        0.0535754560531
1198        0.101805970149
1200        0.109250414594
1201        0.0156898839138
1205        0.0246019900498
1206        0.0141393034826
1213        0.147263681592
1220        0.0786152570481
1221        0.1828026534
8224        0.0937247097844
1224        0.0653747927032
1225        0.185875621891
1226        0.0738490878939
1227        0.00875456053068
1236        0.127769485904
1237        0.125056384743
1238        0.0557694859038
1239        0.280905472637
1241        0.119452736318
1248        0.0206666666667
1251        0.0711542288557
8225        0.035736318408
1254        0.0662786069652
1257        0.192487562189
8402        0.0386169154229
1263        0.06092039801
1267        0.142444444444
1270        0.160384742952
1273        0.233434494196
1275        0.114701492537
1276        0.0624941956882
1280        0.274235489221
8226        0.0679585406302
1290        0.212419568823
1292        0.0276218905473
1299        0.235185737977
8409        0.00341293532338
1312        0.0117048092869
1321        0.0988192371476
1322        0.0730995024876
1323        0.178590381426
1324        0.0999502487562
1325        0.130066334992
1326        0.0894029850746
1327        0.0904809286899
1328        0.093175787728
1329        0.0593184079602
1330        0.0441028192371
1331        0.0575240464345
1332        0.106885572139
1333        0.0457131011609
1334        0.114091210614
1335        0.112328358209
1341        0.075943615257
1342        0.0628590381426
1347        0.0883084577114
8417        0.0232122719735
10686        0.0596616915423
8431        0.019864013267
1461        0.0216368159204
1556        0.0389253731343
1559        0.0214776119403
1562        0.0354742951907
1564        0.0342968490879
1565        0.0269021558872
1568        0.0324908789386
1569        0.0300547263682
1570        0.0352703150912
1573        0.0064096185738
1589        0.0417711442786
1591        0.0215621890547
1601        0.0204344941957
8460        0.0281144278607
8237        0.0528673300166
8463        0.0431492537313
1653        0.141955223881
1657        0.0226533996683
1659        0.0682404643449
1660        0.037
1661        0.0738922056385
1662        0.0719485903814
1664        0.0770829187396
1667        0.104932006633
1668        0.0662089552239
8470        0.066960199005
1670        0.0834941956882
1672        0.0652072968491
1673        0.268648424544
1674        0.0582172470978
1675        0.0638839137645
1677        0.0611028192371
1678        0.0310414593698
1679        0.0231990049751
1680        0.104260364842
1681        0.0576152570481
1682        0.0645140961857
1683        0.0500464344942
1686        0.0632985074627
1687        0.0692553897181
1689        0.0289701492537
1691        0.141751243781
1693        0.0751293532338
1694        0.0644892205638
1695        0.0759784411277
1697        0.0132504145937
1698        0.011728026534
1706        0.0461409618574
1717        0.0386533996683
1732        0.0487827529022
1739        0.0190149253731
1740        0.280330016584
1741        0.0909137645108
1742        0.0485903814262
1744        0.0524145936982
1746        0.241873963516
1747        0.0284825870647
1749        0.0578258706468
1754        0.0173814262023
1755        0.280809286899
1757        0.0255737976783
1759        0.229494195688
1760        0.12516252073
1761        0.0635339966833
1767        0.10191708126
1776        0.0511177446103
1778        0.0564295190713
8489        0.0439336650083
1784        0.118562189055
1785        0.168152570481
1789        0.0633266998342
1797        0.0644709784411
1798        0.0858739635158
1800        0.275499170813
1808        0.0824742951907
1830        0.127626865672
1831        0.0132072968491
1833        0.139955223881
1835        0.051535655058
1836        0.0739021558872
1839        0.054592039801
1840        0.00469983416252
1842        0.111835820896
1849        0.279441127695
1850        0.0999883913765
1852        0.0907081260365
1853        0.0894427860697
1879        0.118955223881
1880        0.104288557214
1882        0.0172421227197
1883        0.0296766169154
1887        0.179464344942
1888        0.0846500829187
1890        0.209728026534
1891        0.0680514096186
1897        0.0713051409619
1899        0.0604859038143
1901        0.0764709784411
1902        0.0723747927032
1906        0.0733001658375
1908        0.0680912106136
1909        0.024592039801
1913        0.130169154229
1914        0.0787595356551
1916        0.0611160862355
1922        0.0158739635158
1930        0.149364842454
1932        0.0629502487562
1955        0.027960199005
1957        0.0519701492537
1967        0.125533996683
1970        0.0216285240464
1975        0.0485223880597
1978        0.0303051409619
1982        0.178152570481
1984        0.0415538971808
1986        0.0257943615257
1991        0.0327860696517
1998        0.0398805970149
2003        0.0510447761194
2007        0.0415190713101
2008        0.034175787728
2011        0.0688971807629
2012        0.0108507462687
2015        0.11095854063
2018        0.0158805970149
2019        0.0300978441128
2024        0.126809286899
2027        0.0498507462687
2028        0.0927545605307
2033        0.0681956882255
2036        0.0229983416252
2041        0.281391376451
2042        0.157388059701
2044        0.108023217247
10240        0.120679933665
10241        0.0765406301824
10243        0.0188739635158
2052        0.0511724709784
2056        0.0937097844113
10249        0.116263681592
10250        0.0593449419569
10252        0.106306799337
10256        0.112077943615
10257        0.0667379767828
10258        0.104578772803
10259        0.0860729684909
10260        0.0772653399668
10261        0.0328656716418
10263        0.107102819237
10264        0.0408507462687
10265        0.11803814262
10266        0.1081973466
10267        0.117941956882
10268        0.0656484245439
10269        0.056872305141
10270        0.0214145936982
10271        0.0624046434494
10275        0.0633349917081
10278        0.114265339967
10279        0.0121708126036
10289        0.0535671641791
10292        0.0588043117745
10295        0.0760414593698
10297        0.197255389718
2107        0.0334825870647
2108        0.0773731343284
2109        0.0171227197347
10302        0.104263681592
10303        0.187510779436
10304        0.119091210614
10305        0.101940298507
10306        0.0156633499171
2116        0.09028026534
2117        0.0397711442786
2118        0.118419568823
10311        0.116339966833
2120        0.0386235489221
10314        0.0665737976783
10316        0.0720182421227
10317        0.0973532338308
10318        0.0103134328358
10319        0.0854610281924
2128        0.0329701492537
10322        0.0103747927032
2131        0.00596683250415
10325        0.0620812603648
10326        0.117308457711
2135        0.0355787728027
10330        0.0998441127695
10331        0.0259154228856
2140        0.0902437810945
10333        0.0693714759536
10334        0.116915422886
10335        0.0203383084577
10337        0.157762852405
2146        0.0746185737977
10339        0.0652620232172
2148        0.00321558872305
2150        0.137437810945
10345        0.0895737976783
10347        0.113019900498
10348        0.0472388059701
10349        0.0297131011609
10352        0.0684096185738
10354        0.0629635157546
10355        0.103621890547
10357        0.0189154228856
10358        0.108990049751
10359        0.131485903814
10361        0.0971807628524
10363        0.0674096185738
10366        0.0804427860697
10367        0.0567578772803
10368        0.0832902155887
10377        0.0636484245439
10380        0.078135986733
10382        0.0781542288557
10383        0.0715538971808
10384        0.0842835820896
10385        0.0253300165837
10387        0.14324212272
10389        0.0663250414594
10390        0.0646815920398
10392        0.0714975124378
10393        0.0576417910448
10395        0.119417910448
10396        0.118257048093
10397        0.11372305141
10399        0.138247097844
10400        0.0673864013267
10409        0.104199004975
10412        0.0329618573798
10413        0.0552520729685
10414        0.108661691542
10416        0.122014925373
10417        0.0213150912106
10419        0.06735986733
10422        0.0566268656716
10424        0.109976782753
10430        0.113650082919
10431        0.0676981757877
10435        0.114266998342
10436        0.020127694859
10440        0.131386401327
10442        0.0572570480929
10444        0.113910447761
10447        0.0573515754561
10448        0.0113416252073
10450        0.0686567164179
10454        0.0518706467662
10460        0.0776600331675
10465        0.120024875622
10466        0.0174063018242
10467        0.067960199005
10468        0.0878822553897
2277        0.0556650082919
10471        0.115660033167
10473        0.0966633499171
10475        0.0618341625207
10477        0.107039800995
10478        0.0660646766169
10479        0.0131608623549
10481        0.0448507462687
10482        0.0387694859038
10484        0.0621393034826
10485        0.0735671641791
10487        0.0441210613599
10496        0.0678855721393
10501        0.0327728026534
10504        0.0673830845771
10505        0.0240978441128
10507        0.0641475953566
10512        0.10992039801
10513        0.129462686567
10514        0.0144378109453
10515        0.0820199004975
10516        0.121986733002
10518        0.0771094527363
10519        0.0216467661692
10520        0.0515323383085
10533        0.028192371476
10534        0.114112769486
10535        0.105943615257
10536        0.059631840796
10537        0.119301824212
10545        0.0185240464345
10549        0.0705638474295
10552        0.0554427860697
10553        0.121411276949
10559        0.146724709784
10561        0.0645389718076
10562        0.0876434494196
10563        0.0735605306799
10570        0.0355638474295
2379        0.0681475953566
2380        0.0433067993367
2381        0.072728026534
10577        0.121650082919
10581        0.0569701492537
10584        0.110114427861
10585        0.017184079602
10601        0.0511144278607
10603        0.0741492537313
10604        0.0732819237148
10605        0.0473018242123
10606        0.0487213930348
10609        0.0676334991708
10614        0.0817611940299
10621        0.117810945274
10622        0.0740713101161
10633        0.106782752902
10636        0.0562006633499
10641        0.119059701493
10665        0.118404643449
10671        0.0498026533997
10672        0.112142620232
10673        0.0608192371476
10680        0.0586252072968
2490        0.0406351575456
2493        0.15207628524
2494        0.00615422885572
2495        0.0309834162521
2497        0.28108291874
2498        0.0993913764511
2500        0.200253731343
2501        0.113608623549
10694        0.0721708126036
2503        0.0891990049751
2504        0.0813830845771
2505        0.0779585406302
2506        0.0906567164179
2508        0.0905024875622
2510        0.145578772803
2511        0.129646766169
2512        0.0422205638474
2513        0.23284079602
2514        0.182487562189
2515        0.0649635157546
2516        0.269786069652
2517        0.115995024876
2518        0.153215588723
2519        0.107641791045
2520        0.0902951907131
2521        0.212893864013
2522        0.0435688225539
2523        0.0235107794362
2524        0.110532338308
2525        0.0764096185738
2526        0.0521691542289
2527        0.139334991708
2528        0.0554361525705
2529        0.210011608624
2532        0.0540414593698
2544        0.0212006633499
2546        0.0245290215589
2547        0.0135373134328
2548        0.281986733002
2549        0.0263051409619
2551        0.265266998342
2553        0.017583747927
2554        0.165024875622
2561        0.0676334991708
2563        0.0571061359867
2568        0.120311774461
2571        0.128222222222
2572        0.0620497512438
2573        0.0314013266998
64600        0.0609237147595
2578        0.109928689884
2581        0.0645688225539
64601        0.0591061359867
2587        0.00900829187396
2588        0.050087893864
2592        0.0842056384743
2593        0.0342852404643
2598        0.0527860696517
2602        0.0524660033167
2603        0.210524046434
2605        0.0172404643449
2607        0.0450812603648
2609        0.0902504145937
2610        0.0625538971808
2611        0.119384742952
2614        0.0317346600332
2629        0.0312752902156
2631        0.0172703150912
2632        0.0289900497512
2637        0.0591044776119
2638        0.011688225539
2640        0.0967081260365
2643        0.00480099502488
2647        0.0781791044776
2648        0.114152570481
2651        0.0146965174129
2652        0.0586368159204
2653        0.0160862354892
2654        0.0399817578773
2655        0.0133830845771
2659        0.0146981757877
2683        0.0228839137645
2685        0.271711442786
2686        0.165223880597
2687        0.12984079602
2688        0.0582155887231
2697        0.0764295190713
2698        0.0381658374793
2702        0.100552238806
2704        0.0360762852405
2706        0.101285240464
2707        0.0541525704809
2711        0.0722006633499
2713        0.0902421227197
2714        0.0676484245439
2715        0.05928026534
2744        0.0316699834163
2752        0.0375737976783
2764        0.0770447761194
2766        0.0974510779436
2772        0.0163913764511
2819        0.0625588723051
2820        0.0935223880597
2822        0.0468275290216
2828        0.257674958541
2831        0.00752404643449
2832        0.0341194029851
2833        0.00452570480929
2834        0.0263449419569
2836        0.0386285240464
2837        0.00749751243781
2840        0.0373466003317
2841        0.00894859038143
2843        0.0471061359867
2845        0.0101807628524
2847        0.0523449419569
2848        0.0334593698176
2852        0.0975406301824
2853        0.091912106136
2854        0.134903814262
2855        0.109018242123
2856        0.248237147595
2860        0.0485489220564
2861        0.0452487562189
2865        0.0115157545605
2871        0.157985074627
2874        0.17392039801
2875        0.0202172470978
2876        0.0578507462687
2895        0.0663897180763
2899        0.108081260365
2900        0.169888888889
2901        0.0940746268657
2902        0.0675389718076
2905        0.111303482587
2907        0.203777777778
2911        0.0984693200663
2914        0.280971807629
2915        0.193225538972
2917        0.198797678275
2918        0.158026533997
2933        0.190293532338
2941        0.0901326699834
2966        0.0815970149254
3053        0.0212835820896
8285        0.0128524046434
3056        0.066263681592
3058        0.0425091210614
3064        0.111915422886
3066        0.0621177446103
3079        0.0674129353234
3080        0.0437529021559
3081        0.0582089552239
3104        0.102432835821
3110        0.109839137645
3111        0.106620232172
3112        0.0253018242123
3113        0.079039800995
3128        0.031192371476
3130        0.0538673300166
3132        0.11560199005
3134        0.0608391376451
3136        0.0116086235489
3142        0.0158192371476
3144        0.0678706467662
3148        0.020192371476
3149        0.0815953565506
3150        0.106218905473
3152        0.0773018242123
3208        0.0653631840796
3215        0.183245439469
3216        0.114301824212
3218        0.0626102819237
3219        0.00906135986733
3220        0.121990049751
3221        0.0115854063018
3225        0.0487578772803
3227        0.0346285240464
3228        0.143411276949
3230        0.000451077943615
3233        0.0634029850746
3235        0.0176766169154
3238        0.0483980099502
3239        0.0215621890547
3240        0.015912106136
3242        0.0727993366501
3243        0.148147595357
3244        0.0840099502488
3245        0.0516351575456
3246        0.141817578773
3248        0.0887330016584
3249        0.0672686567164
3251        0.0341890547264
3252        0.0419850746269
3253        0.0205953565506
3254        0.0668739635158
3255        0.0533930348259
3256        0.0939817578773
3257        0.271273631841
3258        0.0509170812604
3259        0.181620232172
3260        0.0213830845771
3261        0.0346467661692
3262        0.0992421227197
3264        0.072991708126
3265        0.0513913764511
3267        0.0134394693201
3268        0.0924925373134
3269        0.0458540630182
3273        0.033144278607
3274        0.0485323383085
3277        0.0510862354892
3278        0.0694510779436
3286        0.168930348259
3291        0.106270315091
3292        0.102286898839
3300        0.265056384743
3301        0.0503266998342
3302        0.194975124378
3303        0.203553897181
3304        0.10732172471
3305        0.165260364842
3306        0.118955223881
3307        0.0822056384743
3308        0.0696202321725
3313        0.0682288557214
3314        0.00490547263682
3315        0.0433930348259
3316        0.0437993366501
3319        0.018736318408
3320        0.261348258706
3323        0.017855721393
3324        0.0811625207297
3325        0.017535655058
3327        0.0636815920398
3328        0.177656716418
3329        0.0523266998342
3330        0.0818739635158
3332        0.010232172471
3333        0.216427860697
3334        0.0580165837479
3335        0.00637810945274
3336        0.191900497512
3338        0.0103349917081
3339        0.0373532338308
3340        0.0940630182421
3342        0.109404643449
3343        0.0482885572139
3344        0.143726368159
3346        0.0121807628524
3350        0.0226301824212
3352        0.124344941957
3353        0.100739635158
3354        0.0868126036484
3356        0.266786069652
3358        0.0159452736318
3359        0.0173150912106
3360        0.0130265339967
3361        0.151492537313
3362        0.0855257048093
3363        0.040855721393
3364        0.0186998341625
3365        0.108266998342
3366        0.102985074627
3368        0.12232172471
3378        0.0679154228856
3379        0.117437810945
3380        0.0719469320066
3381        0.0261393034826
3384        0.170661691542
3386        0.113102819237
3388        0.024192371476
3389        0.00894859038143
3390        0.0198258706468
3392        0.111194029851
3393        0.107114427861
3394        0.0817860696517
3402        0.137056384743
3403        0.0646782752902
3404        0.158399668325
3405        0.056048092869
3407        0.248122719735
3409        0.0132885572139
3421        0.0443565505804
3424        0.0146053067993
3428        0.0907545605307
3429        0.0734411276949
3431        0.0611011608624
3447        0.146514096186
3448        0.101081260365
3449        0.0227164179104
3450        0.129849087894
3451        0.0659237147595
3452        0.0613515754561
3454        0.0666434494196
3458        0.0791409618574
3460        0.0103532338308
3462        0.10627694859
3463        0.164157545605
3464        0.1274013267
3472        0.0037943615257
3479        0.113588723051
3480        0.0246285240464
3484        0.00624543946932
3488        0.125467661692
3491        0.274749585406
3492        0.12967827529
3493        0.0669419568823
3502        0.0870995024876
3505        0.115290215589
3506        0.0864825870647
3508        0.151888888889
3510        0.0438325041459
3512        0.0507976782753
3513        0.0913698175788
3527        0.0577562189055
8301        0.0851708126036
3541        0.0341558872305
3548        0.0319237147595
3549        0.247970149254
3550        0.0372056384743
3554        0.18395854063
3555        0.0724063018242
3557        0.184001658375
3559        0.147927031509
3561        0.280230514096
3563        0.177985074627
3564        0.152945273632
3566        0.084855721393
3567        0.113641791045
3571        0.0675290215589
3575        0.0340514096186
3576        0.0472504145937
3577        0.0176417910448
3578        0.0832852404643
3581        0.0733747927032
3582        0.0731011608624
3586        0.0623499170813
3588        0.0690613598673
3591        0.0607860696517
3593        0.0981492537313
3594        0.0665339966833
3596        0.037543946932
3597        0.0667081260365
3599        0.0519552238806
3602        0.137558872305
3603        0.0116981757877
3605        0.0161625207297
3608        0.110696517413
3614        0.151970149254
3615        0.0246268656716
3616        0.0744311774461
3628        0.0413864013267
3632        0.0311210613599
3640        0.0202072968491
3661        0.0288341625207
3662        0.093600331675
3663        0.103890547264
3669        0.0863565505804
3670        0.0312868988391
3671        0.0636699834163
3672        0.0641608623549
3674        0.169056384743
3676        0.0611160862355
3677        0.0480447761194
4709        0.0720232172471
3680        0.0653051409619
8306        0.0423416252073
3700        0.110772802653
3701        0.132290215589
3703        0.140220563847
3705        0.0716583747927
3708        0.0579021558872
3718        0.0548441127695
3720        0.206512437811
3722        0.0718291873964
3725        0.0215472636816
3727        0.0537545605307
3728        0.125208955224
6083        0.0329170812604
3733        0.113741293532
3734        0.139671641791
3735        0.109399668325
3737        0.0403399668325
3739        0.149991708126
3741        0.104227197347
3742        0.129326699834
3743        0.0815804311774
3746        0.0660978441128
3748        0.00321227197347
3749        0.115792703151
3751        0.114794361526
3753        0.0712620232172
3757        0.0270746268657
3758        0.153988391376
3761        0.0717164179104
3763        0.207091210614
3764        0.0835422885572
3766        0.0226517412935
3768        0.135902155887
3770        0.0813532338308
3776        0.0314875621891
3782        0.00897844112769
3783        0.006
3784        0.00741293532338
3786        0.16231840796
3789        0.177883913765
3790        0.126592039801
3791        0.11371973466
3796        0.107505804312
3799        0.107026533997
3801        0.130973466003
3803        0.163422885572
3804        0.041184079602
3807        0.0622985074627
3812        0.0311160862355
3813        0.0255638474295
3814        0.0684792703151
3815        0.0654013266998
3817        0.0520978441128
3819        0.0421990049751
3820        0.0826550580431
3824        0.11888225539
3830        0.0742139303483
3831        0.146575456053
3833        0.10671641791
3836        0.0352388059701
3838        0.121114427861
3839        0.0372222222222
3844        0.0553814262023
3845        0.0506185737977
3846        0.0748955223881
3847        0.280943615257
3850        0.0674510779436
3851        0.0620199004975
3855        0.0698374792703
3856        0.0851028192371
3857        0.165479270315
3859        0.0239220563847
3861        0.039096185738
3862        0.0345489220564
3863        0.0270116086235
3864        0.0401575456053
3865        0.0266301824212
3866        0.0270348258706
3867        0.0304577114428
3868        0.032447761194
3869        0.019135986733
3870        0.0302155887231
3871        0.0359585406302
3872        0.0357446102819
3873        0.0403416252073
3874        0.0433184079602
3875        0.0420364842454
3876        0.0362155887231
3878        0.0312553897181
3879        0.0312587064677
3880        0.0311194029851
3881        0.03192039801
3882        0.0344726368159
3883        0.0385406301824
3884        0.023039800995
3885        0.0320729684909
3886        0.0286218905473
3887        0.041535655058
3888        0.030096185738
3889        0.0297048092869
3890        0.0237827529022
3891        0.0288573797678
3892        0.0216965174129
3893        0.0283880597015
3894        0.0330315091211
3895        0.0374543946932
3899        0.0568424543947
3900        0.0868822553897
3903        0.0258805970149
3904        0.0683250414594
3905        0.0595704809287
3909        0.132081260365
3911        0.0763482587065
3912        0.170568822554
3914        0.240575456053
3915        0.25215920398
3925        0.093960199005
3931        0.0630149253731
3932        0.22516252073
3937        0.106177446103
3940        0.118482587065
3950        0.0672918739635
3951        0.25235655058
3956        0.014495854063
3957        0.0762786069652
3962        0.0564726368159
3963        0.0530364842454
3964        0.0189402985075
3967        0.25520066335
3970        0.0602868988391
3976        0.143527363184
3994        0.0720149253731
3996        0.0667578772803
3999        0.0496102819237
4000        0.281774461028
4001        0.122759535655
4003        0.244014925373
4004        0.236980099502
4005        0.21584079602
4006        0.251956882255
4010        0.0892338308458
4015        0.0723432835821
4017        0.0346832504146
4039        0.124747927032
4040        0.0259751243781
4043        0.0726368159204
4045        0.0713167495854
4052        0.109149253731
4057        0.0689154228856
4058        0.138844112769
4060        0.0363499170813
8319        0.0444908789386
2048        0.0187346600332
4109        0.0199485903814
4125        0.0226600331675
4128        0.060671641791
4129        0.152537313433
4130        0.0144941956882
4133        0.0804941956882
4134        0.194774461028
4136        0.155492537313
4137        0.0723266998342
4140        0.0657346600332
4143        0.0330464344942
4148        0.037600331675
4150        0.12367827529
4151        0.0761608623549
4158        0.0203018242123
4167        0.109527363184
4178        0.0216053067993
4181        0.11835986733
4183        0.246192371476
4184        0.0535174129353
4187        0.0695787728027
4193        0.0581774461028
4195        0.0579253731343
4197        0.123635157546
4198        0.105951907131
4200        0.28120066335
4201        0.0270215588723
4203        0.086320066335
4205        0.0693963515755
4208        0.177165837479
4213        0.108368159204
4214        0.0382703150912
4215        0.0449087893864
4216        0.0370497512438
4217        0.0430912106136
4219        0.0300663349917
4221        0.0376368159204
4222        0.0799701492537
4223        0.0663300165837
4230        0.186286898839
4231        0.166653399668
4232        0.0887064676617
4239        0.0638573797678
4243        0.0683698175788
4247        0.0642985074627
4251        0.061263681592
4252        0.0201044776119
4257        0.0666185737977
4258        0.119213930348
4259        0.130217247098
4261        0.140361525705
4262        0.0709651741294
4269        0.112077943615
4270        0.0644510779436
4271        0.0632305140962
4272        0.0642686567164
4274        0.10203814262
4277        0.0562056384743
4278        0.10864013267
4279        0.0673466003317
4281        0.0661409618574
4283        0.0663963515755
4284        0.0563482587065
4285        0.0621475953566
4286        0.05792039801
4292        0.0618689883914
4293        0.0497213930348
4306        0.0767147595357
4309        0.159048092869
4310        0.0620845771144
4314        0.155235489221
4319        0.126031509121
4327        0.126122719735
4352        0.111903814262
4354        0.124033167496
4355        0.140213930348
4356        0.0719137645108
4358        0.0986517412935
4359        0.0706500829187
4364        0.116767827529
4366        0.0303499170813
4372        0.0633399668325
4373        0.12367827529
4374        0.164164179104
4376        0.0885290215589
4377        0.0731376451078
4387        0.0312122719735
4390        0.0893018242123
4393        0.0737330016584
4433        0.119006633499
4434        0.048495854063
4436        0.254746268657
4437        0.0649154228856
4444        0.0563333333333
4452        0.0987794361526
4454        0.0922537313433
4456        0.064824212272
4459        0.108298507463
4465        0.0825373134328
2110        0.0603300165837
4470        0.0401592039801
4472        0.117948590381
4475        0.0727827529022
4480        0.0248805970149
4481        0.0181409618574
4482        0.041543946932
4483        0.0301708126036
4484        0.041447761194
4485        0.0168739635158
4486        0.037263681592
4487        0.0269635157546
4488        0.0274610281924
4489        0.030328358209
4490        0.0353565505804
4492        0.100970149254
4493        0.00476285240464
4495        0.140965174129
4496        0.068232172471
4509        0.054592039801
4511        0.13779933665
4513        0.133174129353
4515        0.131194029851
4519        0.0662603648425
4521        0.061815920398
4527        0.183
4534        0.176502487562
4535        0.0707595356551
4538        0.062096185738
4539        0.0582968490879
4540        0.241008291874
4543        0.0637661691542
4544        0.233048092869
4546        0.0205771144279
4550        0.111018242123
4553        0.120558872305
4554        0.0354179104478
4565        0.262699834163
4568        0.0398739635158
4573        0.0702985074627
4574        0.0764295190713
4583        0.141354892206
4587        0.114179104478
4589        0.192865671642
4592        0.0729203980099
4595        0.00881426202322
4596        0.157353233831
4599        0.150427860697
4600        0.120424543947
4605        0.0261044776119
4608        0.0635555555556
4609        0.102325041459
4610        0.0432437810945
4611        0.044175787728
2134        0.0553532338308
4614        0.0827545605307
4616        0.0201608623549
4617        0.0246865671642
4618        0.0500066334992
4619        0.0203034825871
4621        0.0621741293532
4622        0.0316069651741
4623        0.0924461028192
4624        0.0313532338308
4627        0.0452421227197
4628        0.0524726368159
4630        0.0174610281924
4631        0.0411326699834
772        0.0213001658375
4634        0.0373665008292
4637        0.197220563847
4639        0.0289402985075
4641        0.0425008291874
4642        0.059144278607
4643        0.0598424543947
4644        0.0498175787728
4645        0.118674958541
4646        0.049232172471
4647        0.0362205638474
4648        0.138784411277
4650        0.00778938640133
4651        0.116893864013
4652        0.037263681592
4654        0.0431774461028
4655        0.040688225539
4656        0.0513432835821
4657        0.0239684908789
4658        0.0298059701493
4660        0.0265207296849
4662        0.0512587064677
4663        0.0161641791045
4665        0.0316053067993
4666        0.0873300165837
4668        0.0413067993367
4669        0.0848059701493
4670        0.076096185738
4672        0.0659021558872
4673        0.148767827529
4675        0.136353233831
4677        0.104406301824
4678        0.116257048093
4680        0.138094527363
4681        0.110482587065
4682        0.126232172471
4683        0.028736318408
4684        0.0426252072968
4685        0.116998341625
4686        0.111286898839
4688        0.0915903814262
4690        0.0592437810945
4691        0.127674958541
4692        0.0978756218905
4693        0.154504145937
4694        0.248472636816
4695        0.129605306799
4696        0.0443814262023
4698        0.123046434494
4700        0.0493532338308
4702        0.120215588723
4703        0.127900497512
4704        0.120369817579
4705        0.0662006633499
4706        0.0603167495854
4707        0.0436932006633
4708        0.0412172470978
10342        0.108661691542
4710        0.0949651741294
4711        0.0929054726368
4713        0.121187396352
4714        0.0444709784411
4716        0.10368159204
4719        0.040776119403
4720        0.0731990049751
4722        0.170903814262
4723        0.0708341625207
4724        0.0815538971808
4725        0.202257048093
4727        0.0648673300166
4728        0.108787728027
4729        0.0695505804312
4730        0.0499784411277
4732        0.110693200663
4733        0.0648590381426
4736        0.0820331674959
4738        0.0240514096186
4739        0.0517213930348
4740        0.0539087893864
4741        0.048671641791
4742        0.10996185738
4744        0.0272089552239
4745        0.088144278607
4746        0.033056384743
4747        0.0554262023217
4748        0.0398772802653
4749        0.0300995024876
4750        0.118800995025
4755        0.139119402985
4757        0.0313781094527
4759        0.0863300165837
4760        0.150580431177
4761        0.103135986733
4762        0.0414262023217
4763        0.0374742951907
4765        0.0983764510779
4766        0.0914626865672
4767        0.0271227197347
4768        0.115744610282
4773        0.0533001658375
4774        0.192887230514
4776        0.079
4777        0.115608623549
4778        0.113265339967
4780        0.153107794362
4783        0.0482587064677
4786        0.0909552238806
4787        0.105711442786
4788        0.106109452736
4790        0.0679850746269
4791        0.0690199004975
4792        0.0703747927032
4793        0.0582703150912
4794        0.0482039800995
4795        0.0184195688226
4797        0.0413615257048
4798        0.0662786069652
4799        0.0990431177446
4800        0.0202139303483
4801        0.0469651741294
4803        0.0807346600332
4804        0.037943615257
4805        0.105149253731
4807        0.0106500829187
4808        0.0427114427861
4853        0.0412437810945
4854        0.0810945273632
4855        0.0216185737977
4857        0.0516583747927
4860        0.0572736318408
4861        0.0722255389718
4908        0.0698291873964
4911        0.101558872305
4912        0.0723034825871
4913        0.0634378109453
4922        0.0574809286899
4923        0.0791111111111
4926        0.204872305141
4927        0.0368092868988
4940        0.156213930348
4946        0.0565058043118
4947        0.0674311774461
4952        0.0773980099502
4958        0.0950281923715
4959        0.145495854063
4963        0.126565505804
4966        0.073552238806
4967        0.0658275290216
4968        0.150351575456
4969        0.257834162521
4979        0.0809270315091
4982        0.0355887230514
4983        0.124230514096
4984        0.104469320066
4989        0.0557976782753
4993        0.0437462686567
4996        0.0660364842454
4999        0.060600331675
5000        0.251616915423
5002        0.104844112769
5003        0.122718076285
5004        0.058543946932
5006        0.162940298507
5009        0.128426202322
5011        0.0418490878939
5024        0.106787728027
5033        0.121930348259
5041        0.108872305141
5046        0.107300165837
5048        0.128948590381
5049        0.111426202322
5050        0.0775091210614
5051        0.0571674958541
5053        0.0760663349917
5056        0.102358208955
5058        0.0118374792703
5071        0.0542819237148
5072        0.101555555556
5074        0.049872305141
5075        0.037223880597
5076        0.158791044776
5078        0.0617545605307
5081        0.0750381426202
5085        0.0288689883914
5086        0.0541144278607
5088        0.115618573798
5089        0.196804311774
5097        0.119587064677
5099        0.017175787728
5101        0.101530679934
5105        0.0764543946932
5106        0.0593864013267
5107        0.0635306799337
5109        0.0956583747927
5119        0.0594776119403
5188        0.0225704809287
5200        0.0241177446103
5202        0.0285605306799
5203        0.0105887230514
5205        0.0303582089552
5206        0.0259850746269
5207        0.0288938640133
5208        0.0218325041459
5209        0.0386998341625
5210        0.0338208955224
5211        0.024671641791
5212        0.0227728026534
5213        0.0347164179104
5214        0.0328126036484
5215        0.0386384742952
5217        0.0376998341625
5218        0.0442736318408
5220        0.0275323383085
5232        0.0273466003317
5234        0.0276019900498
5235        0.0256832504146
5240        0.028368159204
5241        0.035456053068
5248        0.0328308457711
5251        0.0361708126036
5256        0.0343333333333
5303        0.0485787728027
5309        0.0321525704809
5323        0.0199983416252
5324        0.0480182421227
5339        0.0660978441128
5377        0.166776119403
5378        0.279419568823
5379        0.0562106135987
5380        0.020447761194
5381        0.0174626865672
5382        0.0586500829187
5384        0.0944759535655
5385        0.0722736318408
5387        0.00191044776119
5388        0.264099502488
5389        0.0780762852405
5390        0.239805970149
5391        0.0762371475954
5392        0.0338258706468
5393        0.018824212272
5394        0.0425870646766
5395        0.0386202321725
5396        0.0418573797678
5397        0.0324527363184
5398        0.0799303482587
5399        0.0355936981758
5400        0.245708126036
5401        0.114137645108
5402        0.00905140961857
5403        0.103167495854
5405        0.0588772802653
5407        0.104417910448
5408        0.0629021558872
5409        0.204127694859
5410        0.145907131012
5412        0.11471641791
5413        0.281343283582
5414        0.0533532338308
5415        0.0728872305141
5416        0.112767827529
5417        0.177905472637
5418        0.208839137645
5421        0.0101525704809
5422        0.126865671642
5423        0.0334046434494
5424        0.0594179104478
5425        0.0465174129353
5426        0.0650696517413
5427        0.13335986733
5428        0.0216583747927
5429        0.0411061359867
5430        0.12283747927
5431        0.0162421227197
5432        0.0383582089552
5433        0.0159419568823
5434        0.0986981757877
5435        0.0675339966833
5436        0.064456053068
5441        0.0245489220564
5442        0.00304311774461
5443        0.018960199005
5444        0.0105140961857
5445        0.0162388059701
5446        0.0034543946932
5447        0.0091824212272
5448        0.0290033167496
5449        0.00189054726368
5450        0.00458706467662
5451        0.0046368159204
2274        0.0116036484245
5455        0.0216533996683
5456        0.00324378109453
5457        0.00754726368159
5459        0.281149253731
5462        0.243331674959
5463        0.0375472636816
2276        0.127366500829
5466        0.11563681592
5467        0.00473631840796
5468        0.00507462686567
5469        0.0500779436153
5470        0.0147960199005
5471        0.00757877280265
5474        0.0748872305141
5479        0.0371708126036
5480        0.0118839137645
5481        0.102006633499
5482        0.106756218905
5483        0.109985074627
5484        0.0921641791045
5486        0.121220563847
5490        0.125006633499
5491        0.155913764511
5492        0.0311509121061
5494        0.0716417910448
5495        0.0134742951907
5496        0.167265339967
5498        0.0160597014925
5499        0.0387330016584
5500        0.0921807628524
5501        0.0665953565506
5503        0.104547263682
5505        0.0325572139303
5506        0.0536550580431
5507        0.0313864013267
5509        0.0947412935323
5510        0.118026533997
5511        0.136199004975
5512        0.0337446102819
5513        0.0341575456053
5516        0.0144527363184
5517        0.0851509121061
5518        0.0395091210614
5519        0.168147595357
5520        0.0225273631841
5521        0.0559021558872
5522        0.123825870647
5532        0.0453067993367
5533        0.0819734660033
5535        0.0400464344942
5536        0.0754726368159
5537        0.030144278607
5539        0.113857379768
5540        0.117922056385
5543        0.035600331675
5547        0.0374344941957
5548        0.0262603648425
5549        0.131895522388
5551        0.181537313433
5553        0.00782421227197
5554        0.0227064676617
5556        0.194830845771
5557        0.158361525705
5558        0.0229137645108
5559        0.16687893864
5560        0.0608905472637
5561        0.0765986733002
5563        0.0314013266998
5564        0.126792703151
5565        0.0509834162521
5567        0.0107429519071
5568        0.0170978441128
5569        0.00615422885572
5571        0.158470978441
5572        0.00315588723051
5573        0.00464676616915
5577        0.100416252073
5578        0.0413698175788
5580        0.0854096185738
5582        0.0603582089552
5583        0.11155721393
5586        0.0758142620232
5587        0.108220563847
5588        0.0477313432836
5589        0.0673830845771
5590        0.121616915423
5592        0.0360514096186
5594        0.0957794361526
5595        0.120955223881
5596        0.0246650082919
5597        0.0282769485904
5598        0.0117562189055
5599        0.0809850746269
5600        0.0455953565506
5603        0.0638391376451
5604        0.100985074627
5606        0.0691194029851
5607        0.160688225539
5609        0.0344444444444
5610        0.108495854063
5611        0.0855721393035
5612        0.0188474295191
5615        0.0798490878939
5617        0.109126036484
5618        0.072263681592
5619        0.0130779436153
5620        0.0457097844113
5621        0.154865671642
5622        0.0806533996683
5623        0.1172039801
5625        0.038407960199
5627        0.0259950248756
5628        0.0899386401327
5629        0.0522786069652
5630        0.0970845771144
5631        0.123313432836
5632        0.19292371476
5639        0.0714660033167
5641        0.0930746268657
5645        0.113600331675
5646        0.275651741294
5648        0.0696152570481
5650        0.237232172471
5651        0.133714759536
5652        0.115698175788
5653        0.0246766169154
5655        0.080056384743
5656        0.113565505804
5661        0.0777562189055
5662        0.136330016584
5666        0.0957877280265
5668        0.0744527363184
5669        0.238827529022
5671        0.163963515755
5672        0.134484245439
5673        0.103230514096
5674        0.0538855721393
5675        0.0554212271973
5676        0.101388059701
5677        0.0697545605307
5678        0.0564145936982
5679        0.0510514096186
5680        0.0814577114428
5681        0.0634262023217
5682        0.0854660033167
5683        0.267033167496
5684        0.12391708126
5687        0.0739502487562
5688        0.0589850746269
5689        0.0563399668325
5691        0.0749054726368
5692        0.0510729684909
5693        0.114028192371
5696        0.277625207297
5698        0.10848092869
5700        0.0673731343284
5702        0.0622686567164
5703        0.0688059701493
5704        0.0524228855721
5705        0.15299668325
5706        0.0577446102819
5710        0.062728026534
5712        0.0984975124378
5713        0.103001658375
5714        0.0901343283582
5719        0.0272537313433
5723        0.0698059701493
5726        0.149240464345
5727        0.225175787728
5730        0.0428888888889
5731        0.0631127694859
5736        0.0913565505804
5737        0.103990049751
5738        0.141527363184
5739        0.0183946932007
5742        0.0594295190713
5743        0.0600116086235
5745        0.00325704809287
5746        0.0525688225539
5749        0.0580149253731
5750        0.0676932006633
5754        0.062679933665
5755        0.029903814262
5756        0.141718076285
5760        0.107704809287
5761        0.154479270315
5762        0.0549651741294
5763        0.0877213930348
5765        0.0669950248756
5767        0.0611227197347
5768        0.106616915423
5769        0.0621807628524
5771        0.128777777778
5772        0.0980829187396
5773        0.123126036484
5774        0.0609419568823
5778        0.105963515755
5779        0.153731343284
5784        0.213832504146
5786        0.0496069651741
5788        0.0592305140962
5789        0.0747230514096
5790        0.0565704809287
5792        0.0738275290216
5794        0.0693698175788
5798        0.112708126036
5836        0.0276550580431
5839        0.0318457711443
5846        0.0274742951907
5855        0.0201774461028
5856        0.0983449419569
5872        0.0643864013267
5881        0.0258391376451
5922        0.0144344941957
5927        0.0564063018242
5952        0.0640132669983
6057        0.0722255389718
6059        0.066671641791
6061        0.159008291874
6062        0.115106135987
6063        0.0710414593698
6064        0.0750464344942
6065        0.111873963516
6066        0.214248756219
6067        0.101114427861
6068        0.0327943615257
6070        0.126170812604
6071        0.0653333333333
6072        0.0717081260365
6073        0.111809286899
6076        0.110726368159
6077        0.102288557214
6078        0.141908789386
6079        0.181320066335
6080        0.114019900498
6081        0.143940298507
6082        0.223646766169
10571        0.124354892206
6086        0.101490878939
6088        0.0160265339967
6089        0.0309237147595
6091        0.0888971807629
6095        0.154464344942
6097        0.0623217247098
6104        0.116474295191
6106        0.0297728026534
6107        0.0409950248756
6108        0.0451940298507
6109        0.0642222222222
6112        0.0688208955224
6113        0.280247097844
6114        0.0486666666667
6115        0.0875157545605
6116        0.063008291874
6121        0.00334991708126
6122        0.0847860696517
6123        0.186330016584
6127        0.0594577114428
6128        0.139857379768
6129        0.107839137645
6130        0.113527363184
6136        0.122835820896
6137        0.110253731343
6138        0.0919966832504
6139        0.0664825870647
6140        0.153593698176
6142        0.0502155887231
6143        0.0714096185738
6144        0.0576733001658
6147        0.146930348259
6159        0.0562553897181
6161        0.0638225538972
6163        0.0658175787728
6164        0.115857379768
6165        0.128223880597
6166        0.0704063018242
6167        0.104044776119
6171        0.0228905472637
6172        0.25155721393
6174        0.0778756218905
6178        0.0916749585406
6179        0.069535655058
6180        0.0464543946932
6181        0.11828026534
6185        0.0556119402985
6187        0.0682454394693
6188        0.157814262023
6192        0.0176185737977
6194        0.153978441128
6195        0.112547263682
6196        0.265932006633
6197        0.0925323383085
6198        0.121605306799
6199        0.101213930348
6200        0.069192371476
6201        0.135087893864
6202        0.124404643449
6203        0.152562189055
6205        0.155910447761
6210        0.0753266998342
6213        0.0650646766169
6214        0.0703631840796
6217        0.0620381426202
6218        0.203218905473
6220        0.0595273631841
6223        0.063328358209
6225        0.125515754561
6226        0.0534179104478
6227        0.102943615257
6228        0.0647180762852
6233        0.0582752902156
6234        0.112364842454
6235        0.25484079602
6239        0.0243714759536
6241        0.0250132669983
6242        0.0665489220564
6243        0.119273631841
6245        0.20083747927
6248        0.186819237148
6249        0.0553416252073
6250        0.0881741293532
6254        0.0701293532338
6255        0.107004975124
6258        0.0664941956882
6259        0.20372305141
6260        0.041184079602
6261        0.152520729685
6263        0.0635339966833
6266        0.107966832504
6269        0.0485422885572
6283        0.115257048093
6285        0.0591127694859
6287        0.103253731343
6289        0.0762271973466
6292        0.100099502488
6294        0.102195688226
6295        0.135912106136
6296        0.0724626865672
6297        0.0914908789386
6299        0.145167495854
6301        0.0620713101161
6302        0.165114427861
6303        0.120807628524
6305        0.0552587064677
6306        0.0620895522388
6307        0.0725986733002
6308        0.0933300165837
6309        0.0677213930348
6310        0.0721824212272
6313        0.053864013267
6314        0.132965174129
6315        0.0605804311774
6317        0.093263681592
6319        0.115384742952
6320        0.141482587065
6322        0.102512437811
6325        0.067631840796
6326        0.0602271973466
6327        0.12563681592
6331        0.083
6332        0.0948855721393
6334        0.108348258706
6335        0.0778142620232
6342        0.0234494195688
6345        0.169925373134
6347        0.245963515755
6348        0.0635024875622
6349        0.0661127694859
6350        0.130422885572
6351        0.0689867330017
6352        0.194973466003
6354        0.146814262023
6355        0.0983532338308
6357        0.0644029850746
6358        0.0725389718076
6359        0.105709784411
6362        0.0635207296849
6364        0.0591426202322
6365        0.113550580431
6367        0.0736169154229
6368        0.0647164179104
6369        0.0720547263682
6371        0.144500829187
6372        0.114437810945
6373        0.0832039800995
6375        0.0620315091211
6376        0.107709784411
6377        0.0214975124378
6379        0.144752902156
6380        0.109301824212
6381        0.100492537313
6382        0.103139303483
6383        0.0701077943615
6384        0.114880597015
6385        0.123278606965
6386        0.125495854063
6387        0.111199004975
8396        0.05764013267
6390        0.0731807628524
6391        0.159091210614
6392        0.0761674958541
6394        0.156358208955
6395        0.11479933665
6396        0.0784195688226
6400        0.0933383084577
6401        0.0591890547264
6402        0.0905688225539
6404        0.0759784411277
6405        0.117399668325
6406        0.056991708126
6407        0.0388059701493
6409        0.0607330016584
6410        0.0708590381426
6411        0.0830066334992
6412        0.0929336650083
6413        0.0494693200663
6419        0.091552238806
6423        0.108986733002
6425        0.0770099502488
6427        0.154754560531
6428        0.103855721393
6429        0.0707479270315
6430        0.0463714759536
6431        0.10804145937
6432        0.114150912106
6433        0.100514096186
6434        0.116807628524
6435        0.0768043117745
6437        0.0935887230514
6441        0.0758092868988
6448        0.10744278607
6449        0.0598142620232
6450        0.074960199005
6451        0.109222222222
6453        0.264970149254
6455        0.11592371476
6456        0.15383747927
6458        0.137053067993
6459        0.123031509121
6460        0.111842454395
6461        0.26892371476
6462        0.0786086235489
6463        0.113941956882
6465        0.0497927031509
6467        0.244676616915
6468        0.166102819237
6469        0.2002039801
6470        0.108257048093
6471        0.04464013267
6472        0.101558872305
6473        0.059368159204
6474        0.110212271973
6476        0.0858026533997
6477        0.0782437810945
6478        0.254701492537
6480        0.127650082919
6481        0.0816235489221
6482        0.110461028192
6484        0.101437810945
6487        0.0646948590381
6488        0.039767827529
6494        0.0200696517413
6495        0.0161011608624
6496        0.0598358208955
6498        0.0634427860697
6499        0.123124378109
6501        0.0757578772803
6502        0.132101160862
6503        0.105139303483
6505        0.158250414594
6507        0.0597379767828
6508        0.031960199005
6512        0.0595472636816
6515        0.0682752902156
6517        0.104245439469
6521        0.141325041459
6525        0.143210613599
6527        0.103568822554
6534        0.0678772802653
6535        0.0622686567164
6536        0.0646053067993
6537        0.0257927031509
6539        0.0616583747927
6540        0.101208955224
6541        0.12183747927
6542        0.0747429519071
6543        0.0369469320066
6545        0.101573797678
6547        0.0486169154229
6549        0.0763582089552
6551        0.0591044776119
6552        0.0596500829187
6553        0.23007628524
6554        0.105179104478
6555        0.103845771144
6561        0.143447761194
6562        0.0913830845771
6563        0.164487562189
6565        0.0671791044776
6566        0.150736318408
6567        0.012807628524
6568        0.0902039800995
6569        0.0686169154229
6570        0.0685472636816
6571        0.124157545605
6575        0.110237147595
6576        0.108805970149
6577        0.112645107794
6580        0.114641791045
6582        0.13655721393
6583        0.141815920398
6584        0.0714311774461
6586        0.0692653399668
6587        0.116905472637
6588        0.110431177446
6589        0.0668872305141
6590        0.0317247097844
6591        0.0605986733002
6592        0.0651293532338
6593        0.0621890547264
6595        0.0311691542289
6597        0.165150912106
6600        0.0625505804312
6601        0.117600331675
6603        0.0551658374793
6604        0.119414593698
6606        0.119945273632
6607        0.0646749585406
6614        0.0610248756219
6618        0.121331674959
6619        0.0944842454395
6620        0.11184079602
6621        0.0612271973466
6623        0.125842454395
6629        0.0739187396352
6630        0.0451011608624
6633        0.0158225538972
6635        0.0648175787728
6637        0.066232172471
6638        0.0494809286899
6639        0.0652189054726
6640        0.0789684908789
6641        0.109565505804
6644        0.0620613598673
6646        0.0733349917081
6648        0.0618606965174
6650        0.117845771144
6653        0.0805721393035
6654        0.0713001658375
6656        0.0823880597015
6658        0.0411310116086
6659        0.103666666667
6660        0.222529021559
6661        0.108900497512
6662        0.0274626865672
6663        0.0417064676617
6664        0.157053067993
6665        0.0933051409619
6666        0.0778606965174
6667        0.0147330016584
6668        0.0285572139303
6669        0.0694776119403
6670        0.089943615257
6671        0.00626533996683
6673        0.0130116086235
6675        0.0856451077944
6677        0.0671691542289
6678        0.0325124378109
6679        0.137883913765
6680        0.15623880597
6681        0.0490099502488
6682        0.0800978441128
6683        0.139665008292
6684        0.0801575456053
6685        0.188437810945
6686        0.0784510779436
6687        0.0958739635158
6688        0.0636616915423
6689        0.0735787728027
6690        0.0523714759536
6691        0.0258590381426
6694        0.039135986733
6695        0.0568457711443
6696        0.0967064676617
6697        0.0712338308458
6702        0.00761857379768
6703        0.0131724709784
6705        0.104129353234
6706        0.0723449419569
6707        0.056456053068
6708        0.0751542288557
6709        0.0141127694859
6711        0.00898175787728
6713        0.0925953565506
6714        0.0337645107794
6715        0.0130713101161
6716        0.182330016584
6717        0.0518971807629
6718        0.0585456053068
6719        0.121913764511
6720        0.0429718076285
6721        0.073144278607
6722        0.044
6723        0.0133233830846
6726        0.0453980099502
6727        0.117656716418
6728        0.103466003317
6729        0.0328706467662
6730        0.12391708126
6731        0.0305339966833
6732        0.0718358208955
6733        0.0429054726368
6734        0.0892421227197
6735        0.0707827529022
6737        0.0808971807629
6738        0.0411011608624
6739        0.0247976782753
6740        0.0131475953566
6741        0.0633432835821
6742        0.212009950249
6743        0.0384278606965
6744        0.0103101160862
6745        0.181824212272
6746        0.0302106135987
6747        0.0652338308458
6750        0.00916086235489
6751        0.0694461028192
6752        0.06064013267
6753        0.105658374793
6754        0.141830845771
6755        0.110260364842
6756        0.0243648424544
6757        0.0751177446103
6758        0.0880829187396
6760        0.0666533996683
6761        0.064
6762        0.178192371476
6763        0.0365008291874
6764        0.0288341625207
6765        0.213295190713
6769        0.0346849087894
6770        0.0494527363184
6771        0.0664941956882
6772        0.0656086235489
6773        0.0299054726368
6774        0.15235986733
6776        0.0723880597015
6778        0.103517412935
6779        0.128797678275
6782        0.0118441127695
6783        0.116369817579
6784        0.0214660033167
6785        0.0345323383085
6787        0.0301376451078
6790        0.0727744610282
6792        0.227575456053
6793        0.0544295190713
6795        0.0534908789386
6796        0.0101608623549
6798        0.027056384743
6799        0.0637877280265
6800        0.0215804311774
6802        0.121854063018
6803        0.0490132669983
6804        0.0455472636816
6805        0.148714759536
6806        0.120825870647
6807        0.00599336650083
6809        0.0217860696517
6810        0.00877943615257
6812        0.0161873963516
6813        0.110472636816
6819        0.0201558872305
6820        0.0202868988391
2502        0.0839187396352
6822        0.013039800995
6825        0.0451044776119
6826        0.0564145936982
6827        0.106517412935
6829        0.0588407960199
6830        0.156106135987
10696        0.103187396352
6834        0.026320066335
6835        0.0573665008292
6837        0.0650679933665
6840        0.0102918739635
6841        0.190676616915
6844        0.0540414593698
6845        0.0519718076285
6846        0.0738689883914
6847        0.0423233830846
6848        0.0413532338308
6849        0.0661077943615
6850        0.0709900497512
6851        0.0122271973466
6852        0.0639568822554
6853        0.0370978441128
6855        0.129606965174
6856        0.0342338308458
6858        0.0230215588723
6859        0.124751243781
6863        0.0939154228856
6864        0.0357114427861
6865        0.0186981757877
6866        0.105873963516
6867        0.0148009950249
6868        0.00760364842454
6870        0.108845771144
6871        0.0271028192371
6873        0.113311774461
6875        0.00745605306799
6876        0.0285107794362
6878        0.031679933665
6879        0.0597562189055
6880        0.00341956882255
6881        0.0494145936982
6882        0.0396782752902
6883        0.060583747927
6884        0.0216069651741
6886        0.00195854063018
6887        0.0144693200663
6888        0.0270729684909
6893        0.046912106136
6894        0.0669535655058
6896        0.0167827529022
6897        0.0679320066335
10707        0.0567512437811
6900        0.152726368159
6901        0.0329734660033
6902        0.115592039801
6903        0.038728026534
6904        0.0521326699834
6905        0.144739635158
6906        0.0677860696517
6912        0.0750812603648
6913        0.0616417910448
6916        0.0718059701493
6922        0.0481210613599
6924        0.0464112769486
6925        0.106971807629
6931        0.070447761194
6932        0.0916102819237
6933        0.0566185737977
6936        0.0413466003317
6938        0.142368159204
6939        0.187444444444
6941        0.110233830846
6942        0.0648855721393
6944        0.156686567164
6946        0.0689154228856
6947        0.115956882255
6948        0.0709933665008
6949        0.123431177446
6950        0.0718756218905
6954        0.0791509121061
6955        0.15476119403
6957        0.0273266998342
6967        0.107268656716
6969        0.130638474295
6971        0.0648955223881
6973        0.159630182421
6975        0.0577330016584
6979        0.0663946932007
6981        0.124461028192
6983        0.113630182421
6984        0.0595820895522
6986        0.0535638474295
6989        0.122529021559
6990        0.0494792703151
6991        0.0769054726368
6992        0.116306799337
6993        0.158265339967
6994        0.0672868988391
6995        0.0707114427861
6996        0.0654709784411
6997        0.0890580431177
6998        0.0641210613599
7003        0.0410165837479
7006        0.0512736318408
7014        0.0568374792703
7015        0.139558872305
7016        0.0762404643449
7017        0.154189054726
7018        0.203072968491
7019        0.182293532338
7020        0.0213847429519
7021        0.070903814262
7022        0.0732437810945
7023        0.16095854063
7026        0.121048092869
7029        0.0575323383085
7033        0.0592354892206
7035        0.118714759536
7037        0.127147595357
7038        0.0228524046434
7040        0.0631160862355
7041        0.0664925373134
7042        0.0406268656716
7043        0.0698043117745
7044        0.056056384743
7046        0.0490298507463
7047        0.0672819237148
7050        0.0171592039801
7051        0.112084577114
7052        0.0760812603648
7053        0.0592023217247
7054        0.0735157545605
7055        0.0633067993366
7057        0.116447761194
7058        0.123922056385
7061        0.0718756218905
7062        0.0530779436153
7064        0.0731973466003
7065        0.157845771144
7066        0.0853250414594
7068        0.110733001658
7070        0.109548922056
7071        0.0706135986733
7078        0.155792703151
7079        0.118315091211
7080        0.0338872305141
7087        0.0203847429519
7089        0.0662553897181
7091        0.0481890547264
7092        0.107097844113
7095        0.0960530679934
7096        0.0969585406302
7098        0.115709784411
7101        0.060328358209
7105        0.0914494195688
7106        0.0898971807629
7107        0.0634262023217
7113        0.102711442786
7115        0.151089552239
7120        0.0244626865672
7122        0.0649386401327
7124        0.0597976782753
7125        0.0271625207297
7127        0.117051409619
7128        0.0742023217247
7132        0.0830945273632
7133        0.130532338308
7137        0.0538441127695
7138        0.0692703150912
7139        0.100013266998
7140        0.119587064677
7143        0.0550530679934
7144        0.115794361526
7147        0.110187396352
7148        0.10579933665
7151        0.108109452736
7152        0.105285240464
7153        0.0838606965174
7157        0.06792039801
7160        0.104694859038
7163        0.0641393034826
7168        0.091552238806
7169        0.113815920398
7170        0.193205638474
7174        0.0933184079602
7176        0.123731343284
7177        0.0628971807629
7178        0.0593150912106
7179        0.12372305141
7180        0.122429519071
7181        0.0933250414594
7183        0.0548623548922
7188        0.0798474295191
7189        0.138653399668
7192        0.0659767827529
7193        0.0469684908789
7194        0.125902155887
7195        0.034552238806
7199        0.0438673300166
7200        0.0738772802653
7201        0.139635157546
7203        0.109895522388
7206        0.130111111111
7207        0.097552238806
7208        0.0735074626866
7212        0.073447761194
7217        0.0646600331675
7219        0.154459369818
7220        0.0679502487562
7222        0.0682736318408
7223        0.0962520729685
7224        0.124981757877
7226        0.111721393035
7227        0.114122719735
7228        0.112336650083
7229        0.119948590381
7234        0.07728026534
7235        0.0985489220564
7239        0.0825074626866
7250        0.136908789386
7252        0.0538374792703
7253        0.0552106135987
7254        0.127358208955
7255        0.0621127694859
7256        0.0623416252073
7257        0.0782338308458
7258        0.164281923715
7260        0.140325041459
7261        0.0636815920398
7263        0.0958092868988
7264        0.0587131011609
7265        0.0588474295191
7267        0.0478291873964
7268        0.0835771144279
7269        0.10392371476
7271        0.074864013267
7275        0.0677014925373
7276        0.0598988391376
7277        0.0204759535655
7279        0.0634742951907
7281        0.0629237147595
7282        0.11911774461
7283        0.111248756219
7284        0.129031509121
7288        0.058991708126
7289        0.0619320066335
7290        0.0705688225539
7291        0.0711044776119
7292        0.0548225538972
7293        0.0448258706468
7294        0.0658739635158
7296        0.110744610282
7298        0.0322487562189
7300        0.115414593698
7301        0.0239618573798
7303        0.152112769486
7304        0.0625820895522
7306        0.017504145937
7307        0.0302587064677
7308        0.0724610281924
7312        0.0568009950249
7313        0.0147263681592
7314        0.133278606965
7315        0.066447761194
7317        0.0732023217247
7318        0.062495854063
7319        0.070495854063
7321        0.0797794361526
7322        0.0804660033167
7323        0.0588922056385
7325        0.0547429519071
7326        0.0116019900498
7332        0.0536235489221
7333        0.0809386401327
7334        0.0677014925373
7336        0.0773764510779
7337        0.103092868988
7338        0.109004975124
7340        0.0557810945274
7341        0.114611940299
7342        0.0560464344942
7343        0.126424543947
7344        0.0715903814262
7345        0.0565140961857
7346        0.0131492537313
7349        0.0564527363184
7351        0.0254593698176
7353        0.056039800995
7354        0.142713101161
7358        0.131711442786
7359        0.100024875622
7360        0.0607844112769
7361        0.0601260364842
7362        0.0992023217247
7363        0.108378109453
7365        0.0872653399668
7366        0.0482122719735
7367        0.051320066335
7368        0.0648606965174
7369        0.102975124378
7370        0.0117711442786
7372        0.0880696517413
7374        0.189411276949
7377        0.0777578772803
7382        0.0651077943615
7385        0.146713101161
7386        0.109266998342
7391        0.0727396351575
7393        0.0243399668325
7396        0.0295505804312
7397        0.0309187396352
7398        0.0446550580431
7410        0.0656616915423
7414        0.0374742951907
7416        0.0550066334992
7417        0.0364179104478
7420        0.0677180762852
7424        0.0861326699834
7425        0.0732454394693
7426        0.103124378109
7427        0.0573101160862
7430        0.120925373134
7431        0.0572835820896
7432        0.0496517412935
7433        0.0652288557214
7434        0.108946932007
7435        0.0690447761194
7438        0.0886169154229
7439        0.0717097844113
7441        0.0747728026534
7442        0.108212271973
7443        0.00755555555556
7445        0.0500729684909
7452        0.124187396352
7459        0.0596235489221
7460        0.0455373134328
7462        0.0591227197347
7466        0.0734427860697
7470        0.0860149253731
7473        0.122746268657
7474        0.130819237148
7475        0.0507611940299
7476        0.0297495854063
7477        0.0317877280265
7479        0.0949369817579
7480        0.0736683250415
7482        0.0877810945274
7483        0.069864013267
7485        0.0311061359867
7486        0.0368789386401
7489        0.0329502487562
7490        0.0819237147595
7491        0.0691475953566
7496        0.0390348258706
7497        0.0556384742952
7498        0.0119718076285
7499        0.0360381426202
7500        0.146371475954
7501        0.161953565506
7502        0.0727694859038
7503        0.0711077943615
7506        0.0356235489221
7511        0.0660281923715
7512        0.0885655058043
7514        0.0364145936982
7515        0.106190713101
7518        0.0885406301824
7521        0.0607545605307
7525        0.0792421227197
7527        0.0653432835821
7544        0.0606932006633
7545        0.0627263681592
7556        0.0406185737977
7557        0.0816832504146
7558        0.0705804311774
7559        0.0640812603648
7561        0.0554444444444
7562        0.0369635157546
7563        0.0241575456053
7564        0.000520729684909
7565        0.0722852404643
7567        0.0543847429519
7569        0.0375538971808
7570        0.0342752902156
7571        0.0418573797678
7572        0.0416019900498
7573        0.0349966832504
7574        0.0242570480929
7577        0.0298391376451
7578        0.0428026533997
7579        0.0234461028192
7580        0.016271973466
7581        0.0516019900498
7582        0.0512786069652
7585        0.047912106136
7586        0.0517694859038
7589        0.0551061359867
7590        0.0857396351575
7594        0.151353233831
7604        0.00619568822554
7605        0.0317728026534
7613        0.0384228855721
7616        0.0872819237148
7621        0.0296832504146
7631        0.0120762852405
7632        0.0387512437811
7633        0.0946550580431
7637        0.0323184079602
7644        0.0443946932007
7646        0.0508341625207
7687        0.069416252073
7724        0.11891708126
7725        0.137044776119
7726        0.0579386401327
7731        0.117495854063
7734        0.109850746269
7736        0.0754759535655
7737        0.111094527363
7739        0.053679933665
7742        0.110975124378
7748        0.114809286899
7750        0.0580066334992
7751        0.0593532338308
7754        0.112482587065
7756        0.105094527363
7757        0.0891558872305
7760        0.101568822554
7765        0.0688955223881
7767        0.113630182421
7769        0.103877280265
7770        0.181419568823
7772        0.115252072968
7775        0.0473466003317
7776        0.0702371475954
7777        0.0455970149254
7778        0.121623548922
7781        0.0259751243781
7782        0.0625986733002
7784        0.049096185738
7785        0.066399668325
7786        0.0732421227197
7787        0.0524228855721
7788        0.0568109452736
7790        0.0815688225539
7792        0.0782985074627
7795        0.0662155887231
7800        0.105371475954
7806        0.0904842454395
7810        0.065096185738
7811        0.061776119403
7814        0.0665870646766
7816        0.0595820895522
7820        0.138615257048
7823        0.121389718076
7825        0.0609718076285
7829        0.0299452736318
7832        0.143935323383
7833        0.100660033167
7835        0.0537512437811
7836        0.115152570481
7837        0.0638971807629
7838        0.0675820895522
7839        0.112406301824
7849        0.129862354892
7850        0.0752354892206
7851        0.103417910448
7855        0.0451658374793
7856        0.0577943615257
7859        0.116660033167
7862        0.0749485903814
7864        0.0366285240464
7865        0.0144809286899
7868        0.0898573797678
7873        0.0314825870647
7876        0.117114427861
7877        0.0502885572139
7878        0.0370215588723
7881        0.117809286899
7882        0.0619867330017
7884        0.111364842454
7886        0.121247097844
7888        0.0615406301824
7891        0.110086235489
7892        0.108081260365
7893        0.102631840796
7894        0.119499170813
7895        0.101466003317
7900        0.0620049751244
7902        0.0597777777778
7903        0.0574693200663
7908        0.0261343283582
7910        0.0403018242123
7913        0.105696517413
7914        0.0700729684909
7915        0.0779286898839
7918        0.0615174129353
7920        0.056087893864
7922        0.197422885572
7923        0.0749535655058
7927        0.0606948590381
7928        0.0662006633499
7929        0.138142620232
7933        0.0716915422886
7934        0.0373731343284
7938        0.0966766169154
7941        0.114028192371
7943        0.061583747927
7946        0.056456053068
7949        0.101834162521
7951        0.054271973466
7954        0.0623913764511
7958        0.108449419569
7959        0.0746069651741
7960        0.134570480929
7962        0.0658590381426
7964        0.0542968490879
7965        0.0256152570481
7966        0.0930132669983
7973        0.0497578772803
7976        0.0328225538972
7977        0.123965174129
7979        0.0600679933665
7981        0.0786998341625
7982        0.0925754560531
7984        0.0543930348259
7985        0.0541426202322
7992        0.027600331675
7993        0.0576069651741
7996        0.0438109452736
7997        0.0721774461028
8000        0.057815920398
8001        0.176180762852
8005        0.119868988391
8007        0.0202089552239
8008        0.0568938640133
8009        0.106194029851
8010        0.0702504145937
8011        0.070960199005
8012        0.115988391376
8013        0.0606915422886
8015        0.0955024875622
8016        0.0592852404643
8017        0.0617031509121
8018        0.0324212271973
8021        0.110194029851
8022        0.109771144279
8023        0.0853001658375
8024        0.00469320066335
8028        0.10156053068
8036        0.0453366500829
8037        0.0751044776119
8038        0.0722951907131
8039        0.105570480929
8041        0.0766135986733
8043        0.193185737977
8046        0.055951907131
8048        0.0803366500829
8051        0.031320066335
8052        0.120892205638
8056        0.078855721393
8057        0.0643184079602
8058        0.113189054726
8059        0.0849386401327
8060        0.0537330016584
8061        0.125616915423
8062        0.114540630182
8063        0.131819237148
8066        0.0466169154229
8068        0.14992371476
8069        0.0355456053068
8070        0.0726616915423
8077        0.118459369818
8078        0.0546815920398
8079        0.107558872305
8080        0.0971890547264
8081        0.123691542289
8082        0.0632835820896
8083        0.0738623548922
8085        0.111464344942
8087        0.055223880597
8088        0.0620945273632
8090        0.0893399668325
8091        0.100190713101
8093        0.0561111111111
8094        0.0187330016584
8095        0.0998739635158
8097        0.111691542289
8098        0.0650530679934
8100        0.0744693200663
8101        0.0563300165837
8105        0.0682736318408
8111        0.0264593698176
8114        0.0522852404643
8115        0.0694543946932
8117        0.0614577114428
8118        0.120777777778
8119        0.0789154228856
8120        0.119615257048
8121        0.0510829187396
8123        0.0520928689884
8125        0.0788573797678
8130        0.079399668325
8133        0.121623548922
8134        0.13332172471
8135        0.0447860696517
8137        0.109525704809
8138        0.0931260364842
8140        0.0244228855721
8142        0.0288291873964
8143        0.099192371476
8145        0.0146351575456
8146        0.114507462687
8148        0.0172371475954
8151        0.0316517412935
8152        0.0774311774461
8153        0.0578026533997
8154        0.0806252072968
8156        0.122585406302
6821        0.119026533997
8160        0.00605970149254
8161        0.118504145937
8166        0.103535655058
8168        0.123512437811
8169        0.0297661691542
8170        0.102470978441
8174        0.0707777777778
8175        0.0602371475954
8179        0.0719353233831
8180        0.104170812604
8185        0.0683747927032
8187        0.0270779436153
8188        0.10812106136
