8192        0.00626202321725
1        0.238742951907
8194        0.00767827529022
3        0.0439933665008
8196        0.0565737976783
6        0.0505737976783
7        0.0756152570481
8200        0.00903814262023
9        0.00413764510779
13        0.080552238806
8206        0.00538805970149
8207        0.0113349917081
16        0.0432388059701
17        0.0655870646766
8210        0.119718076285
8195        0.0276434494196
8212        0.00525373134328
8213        0.0456500829187
22        0.0693731343284
5465        0.0399635157546
8216        0.0308192371476
25        0.0173184079602
26        0.018399668325
27        0.043872305141
8220        0.104600331675
8221        0.0330597014925
31        0.0318308457711
32        0.047592039801
33        0.164177446103
34        0.0757330016584
35        0.0158922056385
8228        0.0874991708126
8198        0.0829104477612
38        0.0667694859038
8231        0.0209950248756
8232        0.0224709784411
41        0.0518839137645
43        0.0638275290216
45        0.0545373134328
46        0.0962388059701
8239        0.0138192371476
48        0.0867545605307
49        0.0409585406302
50        0.0375207296849
8243        0.0410447761194
52        0.0533349917081
8245        0.038855721393
8246        0.0198457711443
55        0.00150746268657
8248        0.0375456053068
8249        0.00274461028192
8250        0.0505887230514
8251        0.0434461028192
8253        0.00789718076285
8255        0.043776119403
8257        0.023039800995
8258        0.0233897180763
8259        0.12143946932
68        0.0362504145937
70        0.0438606965174
71        0.158021558872
72        0.0243747927032
73        0.038223880597
74        0.0223084577114
8267        0.0290099502488
77        0.0947711442786
8270        0.0208291873964
8205        0.0688922056385
80        0.0224145936982
81        0.123708126036
8274        0.0295903814262
83        0.0663499170813
8277        0.0796417910448
8278        0.0102868988391
87        0.0278524046434
88        0.0600978441128
90        0.123985074627
8284        0.0621227197347
93        0.0904013266998
97        0.103074626866
8291        0.00412603648425
8292        0.00872470978441
8293        0.00767495854063
8294        0.0199303482587
103        0.0432686567164
8296        0.06592039801
8297        0.0782056384743
8298        0.0558142620232
8299        0.0139850746269
8300        0.0326699834163
109        0.112202321725
111        0.0477346600332
8304        0.0198225538972
114        0.122573797678
8307        0.0376998341625
8309        0.0828673300166
8310        0.042328358209
8312        0.0402968490879
8313        0.0229402985075
8314        0.050320066335
125        0.0589087893864
127        0.0691741293532
8321        0.0161708126036
131        0.110578772803
132        0.0633980099502
8327        0.0492570480929
8328        0.00871973466003
137        0.0588441127695
8330        0.0148474295191
8331        0.0220912106136
140        0.0908009950249
8333        0.0463615257048
8334        0.00641956882255
144        0.0850613598673
145        0.0962072968491
146        0.00163515754561
8339        0.077671641791
8340        0.00937147595357
8342        0.0978026533997
8217        0.012552238806
8346        0.0496334991708
8347        0.0468208955224
157        0.104593698176
159        0.0134809286899
160        0.0476467661692
8354        0.038464344942
163        0.0434709784411
8358        0.020872305141
8359        0.0329867330017
8361        0.0344344941957
8362        0.0449303482587
8363        0.0139386401327
174        0.240265339967
175        0.0449618573798
8368        0.0447048092869
8370        0.00282752902156
8371        0.032184079602
8374        0.0269087893864
8375        0.0258805970149
8376        0.0554311774461
8379        0.0666567164179
8382        0.0223333333333
8383        0.0389701492537
8385        0.058943615257
194        0.0678457711443
195        0.0490215588723
196        0.0604991708126
8390        0.0843184079602
199        0.0557263681592
8392        0.0533980099502
8394        0.0471857379768
8395        0.0124709784411
204        0.0112985074627
8397        0.0564626865672
8398        0.00421393034826
8399        0.0799203980099
209        0.0294991708126
210        0.0365257048093
8227        0.0137296849088
8405        0.0127131011609
8406        0.0307976782753
8407        0.0370331674959
8408        0.023135986733
217        0.0247164179104
8410        0.0101127694859
8411        0.0018407960199
8412        0.0492155887231
8413        0.0696169154229
8229        0.0148358208955
224        0.0345008291874
225        0.0601127694859
226        0.120573797678
8419        0.0088192371476
8422        0.0320199004975
8423        0.0198988391376
8424        0.00380762852405
8425        0.0187512437811
234        0.0113333333333
237        0.080767827529
239        0.000409618573798
8433        0.0378490878939
8434        0.0493383084577
8440        0.0197645107794
8441        0.0160729684909
8442        0.0197164179104
8445        0.0533349917081
8447        0.0704892205638
8448        0.0271741293532
8450        0.0336368159204
8451        0.0556102819237
8452        0.0242835820896
8454        0.064127694859
8455        0.0399253731343
8456        0.00748092868988
8457        0.0289734660033
266        0.0572288557214
268        0.0603963515755
270        0.0204742951907
271        0.0195140961857
8464        0.00397346600332
8465        0.0474311774461
8468        0.025407960199
8469        0.0170679933665
278        0.0965953565506
8472        0.0210016583748
8475        0.00317247097844
8476        0.0160497512438
286        0.239373134328
288        0.0722338308458
8240        0.00889552238806
290        0.0458888888889
291        0.0484344941957
292        0.0443333333333
293        0.218903814262
8487        0.0343814262023
297        0.224865671642
299        0.0186749585406
8496        0.00529187396352
8498        0.0234046434494
8499        0.0172039800995
8506        0.000648424543947
8510        0.0018872305141
8511        0.0173167495854
8512        0.00784245439469
8513        0.0280215588723
8515        0.00904311774461
8516        0.0294925373134
8517        0.0591061359867
8528        0.085583747927
376        0.00775456053068
377        0.04535986733
378        0.00523880597015
400        0.0451625207297
8260        0.00155887230514
419        0.00297180762852
8262        0.057960199005
423        0.0234510779436
8263        0.0459087893864
8264        0.0245024875622
8265        0.0367048092869
450        0.0201907131012
454        0.0160646766169
456        0.0325787728027
8269        0.0545339966833
466        0.0171028192371
8199        0.0709734660033
8271        0.0448789386401
8272        0.107572139303
8273        0.0545339966833
488        0.0180630182421
489        0.0198590381426
8275        0.0183665008292
509        0.0139568822554
513        0.052592039801
517        0.158023217247
8280        0.0340033167496
8201        0.0186467661692
544        0.0135854063018
549        0.0176650082919
552        0.0223167495854
555        0.0614228855721
557        0.08692039801
559        0.0270331674959
561        0.0470746268657
565        0.00915422885572
568        0.213140961857
577        0.0840182421227
591        0.0185638474295
600        0.0661807628524
611        0.00168822553897
613        0.0819552238806
8295        0.0109237147595
625        0.0484859038143
636        0.0211044776119
655        0.0188888888889
8303        0.0352255389718
668        0.212618573798
679        0.0403781094527
681        0.0174676616915
683        0.0999635157546
684        0.0210248756219
685        0.169880597015
686        0.0174792703151
687        0.0304593698176
689        0.0472039800995
691        0.0184510779436
693        0.042399668325
701        0.239971807629
702        0.235524046434
703        0.120515754561
705        0.0482437810945
714        0.0772006633499
715        0.0863880597015
719        0.0315422885572
721        0.040399668325
724        0.0546782752902
8208        0.0265472636816
744        0.0159767827529
745        0.0523316749585
8317        0.0343217247098
760        0.0128009950249
762        0.0170315091211
763        0.0435555555556
764        0.0216235489221
766        0.0527446102819
6388        0.0920945273632
8209        0.011271973466
786        0.170968490879
789        0.0163565505804
790        0.0526898839138
800        0.01592039801
802        0.00783250414594
803        0.0245422885572
808        0.00531343283582
812        0.0712437810945
813        0.0177462686567
814        0.0917844112769
815        0.0352918739635
816        0.0812255389718
817        0.00792039800995
826        0.00516417910448
831        0.0238059701493
8211        0.0230713101161
834        0.0255389718076
838        0.0199004975124
839        0.0201127694859
852        0.0542470978441
854        0.0141575456053
855        0.0185107794362
8336        0.00421890547264
8485        0.000713101160862
8349        0.00878275290216
8215        0.0363830845771
8352        0.0457296849088
8355        0.0771774461028
8218        0.131650082919
8366        0.0597031509121
1103        0.139414593698
1104        0.0208988391376
1113        0.0127844112769
1114        0.0223499170813
1117        0.013807628524
1119        0.0199237147595
1129        0.046447761194
1133        0.0403615257048
1136        0.0934577114428
1137        0.0176119402985
1138        0.0625024875622
1140        0.0797462686567
8386        0.0157131011609
8387        0.0124610281924
8223        0.0417064676617
8391        0.0316334991708
1198        0.0672835820896
1200        0.0508009950249
1201        0.010048092869
1205        0.0114842454395
1206        0.0115389718076
1213        0.103026533997
1220        0.0660464344942
1221        0.13007960199
8224        0.0616301824212
1224        0.0498689883914
1225        0.148752902156
1226        0.0506533996683
1227        0.00637147595357
1236        0.0937247097844
1237        0.0730099502488
1238        0.0581194029851
1239        0.239754560531
1241        0.0987744610282
1248        0.00769817578773
1251        0.0366102819237
8225        0.0229087893864
1254        0.0425124378109
1257        0.162273631841
8402        0.0352404643449
1263        0.0470315091211
1267        0.116888888889
1270        0.109051409619
1273        0.171311774461
1275        0.0741409618574
1276        0.0614610281924
1280        0.214834162521
8226        0.0540431177446
1290        0.148862354892
1292        0.0100613598673
1299        0.203971807629
8409        0.00299170812604
1312        0.00872968490879
1321        0.0639784411277
1322        0.0391326699834
1323        0.123646766169
1324        0.0652305140962
1325        0.0811260364842
1326        0.0532603648425
1327        0.0672404643449
1328        0.0633217247098
1329        0.0375820895522
1330        0.0458839137645
1331        0.0319419568823
1332        0.0789867330017
1333        0.0438358208955
1334        0.0778441127695
1335        0.0581310116086
1341        0.0360995024876
1342        0.0374925373134
1347        0.0426384742952
8417        0.0198325041459
10686        0.0518490878939
8431        0.0232968490879
1461        0.0188490878939
1556        0.0271791044776
1559        0.0173897180763
1562        0.0200928689884
1564        0.0289651741294
1565        0.0171791044776
1568        0.0218291873964
1569        0.0242487562189
1570        0.0260049751244
1573        0.00326865671642
1589        0.0187810945274
1591        0.0219668325041
1601        0.00632835820896
8460        0.0146865671642
8237        0.0308938640133
8463        0.0271691542289
1653        0.119086235489
1657        0.010056384743
1659        0.0447429519071
1660        0.0196135986733
1661        0.0492570480929
1662        0.0415538971808
1664        0.0463864013267
1667        0.0706036484245
1668        0.0506932006633
8470        0.0486135986733
1670        0.0342868988391
1672        0.0425555555556
1673        0.22528358209
1674        0.0484875621891
1675        0.0746533996683
1677        0.0472388059701
1678        0.0196782752902
1679        0.0134444444444
1680        0.0659718076285
1681        0.036903814262
1682        0.0470149253731
1683        0.0481509121061
1686        0.0568474295191
1687        0.0374427860697
1689        0.0124096185738
1691        0.0829950248756
1693        0.0339535655058
1694        0.0438325041459
1695        0.0472852404643
1697        0.00738308457711
1698        0.00755223880597
1706        0.0539402985075
1717        0.0221376451078
1732        0.0330945273632
1739        0.0115936981758
1740        0.239786069652
1741        0.0619187396352
1742        0.0220132669983
1744        0.0434344941957
1746        0.192910447761
1747        0.00761194029851
1749        0.0417479270315
1754        0.0209353233831
1755        0.239341625207
1757        0.0211061359867
1759        0.17364013267
1760        0.0948888888889
1761        0.047824212272
1767        0.0911459369818
1776        0.0329734660033
1778        0.0485737976783
8489        0.0295074626866
1784        0.0736252072968
1785        0.10567827529
1789        0.0447877280265
1797        0.0622155887231
1798        0.0568474295191
1800        0.229545605307
1808        0.0398590381426
1830        0.0935290215589
1831        0.0126384742952
1833        0.117986733002
1835        0.0378126036484
1836        0.038671641791
1839        0.0471260364842
1840        0.004
1842        0.0841724709784
1849        0.237616915423
1850        0.0661509121061
1852        0.0510066334992
1853        0.0738689883914
1879        0.0926517412935
1880        0.0775074626866
1882        0.0199684908789
1883        0.0115538971808
1887        0.126281923715
1888        0.0495422885572
1890        0.153457711443
1891        0.0421111111111
1897        0.0568872305141
1899        0.0509983416252
1901        0.0437230514096
1902        0.0563134328358
1906        0.0484842454395
1908        0.0315655058043
1909        0.0186484245439
1913        0.0978026533997
1914        0.0564908789386
1916        0.0521724709784
1922        0.0115472636816
1930        0.112464344942
1932        0.0391293532338
1955        0.0259187396352
1957        0.049056384743
1967        0.0782139303483
1970        0.0174212271973
1975        0.0252852404643
1978        0.0237744610282
1982        0.132663349917
1984        0.0148689883914
1986        0.0194577114428
1991        0.0274278606965
1998        0.028416252073
2003        0.0355671641791
2007        0.0436600331675
2008        0.0418424543947
2011        0.0436384742952
2012        0.012855721393
2015        0.0784344941957
2018        0.0138126036484
2019        0.00519402985075
2024        0.0727927031509
2027        0.0546368159204
2028        0.0773714759536
2033        0.0591326699834
2036        0.0137611940299
2041        0.233648424544
2042        0.114266998342
2044        0.0850116086235
10240        0.0887462686567
10241        0.0459485903814
10243        0.00271144278607
2052        0.0223416252073
2056        0.0519369817579
10249        0.0842139303483
10250        0.0445058043118
10252        0.076864013267
10256        0.0919701492537
10257        0.062679933665
10258        0.0802023217247
10259        0.046184079602
10260        0.0277694859038
10261        0.0250945273632
10263        0.0800597014925
10264        0.026855721393
10265        0.0680165837479
10266        0.083495854063
10267        0.0773615257048
10268        0.0361724709784
10269        0.033592039801
10270        0.0162470978441
10271        0.046399668325
10275        0.0447645107794
10278        0.0846053067993
10279        0.00764013266998
10289        0.030456053068
10292        0.0561674958541
10295        0.0552852404643
10297        0.143371475954
2107        0.0181293532338
2108        0.0602023217247
2109        0.0209485903814
10302        0.0851111111111
10303        0.150063018242
10304        0.077407960199
10305        0.0624394693201
10306        0.00774626865672
2116        0.0612338308458
2117        0.0255505804312
2118        0.0932819237148
10311        0.0874527363184
2120        0.0375737976783
10314        0.0498441127695
10316        0.0445704809287
10317        0.0875820895522
10318        0.00660364842454
10319        0.0973383084577
2128        0.0196898839138
10322        0.00881094527363
2131        0.00292868988391
10325        0.0471326699834
10326        0.0906384742952
2135        0.00994195688226
10330        0.0986086235489
10331        0.00628192371476
2140        0.0535472636816
10333        0.0426500829187
10334        0.0930132669983
10335        0.0171973466003
10337        0.122615257048
2146        0.0409552238806
10339        0.0507545605307
2148        0.0088855721393
2150        0.10096185738
10345        0.0700149253731
10347        0.0689950248756
10348        0.0439087893864
10349        0.0161658374793
10352        0.0486517412935
10354        0.0418689883914
10355        0.0832902155887
10357        0.0171608623549
10358        0.0818540630182
10359        0.0770099502488
10361        0.0846616915423
10363        0.0434328358209
10366        0.0511592039801
10367        0.0497147595357
10368        0.0889635157546
10377        0.0535323383085
10380        0.0378673300166
10382        0.05071973466
10383        0.0422205638474
10384        0.0727645107794
10385        0.00973466003317
10387        0.10991708126
10389        0.0514527363184
10390        0.0462951907131
10392        0.0610812603648
10393        0.0316434494196
10395        0.0998059701493
10396        0.0629170812604
10397        0.0841509121061
10399        0.105742951907
10400        0.0298673300166
10409        0.0815174129353
10412        0.0126633499171
10413        0.0551608623549
10414        0.0744543946932
10416        0.0709469320066
10417        0.0137993366501
10419        0.039552238806
10422        0.0408822553897
10424        0.0828291873964
10430        0.0807479270315
10431        0.0437910447761
10435        0.0856733001658
10436        0.0149170812604
10440        0.094464344942
10442        0.0484809286899
10444        0.0725389718076
10447        0.042552238806
10448        0.0113449419569
10450        0.0599817578773
10454        0.0280597014925
10460        0.0541592039801
10465        0.083271973466
10466        0.0148805970149
10467        0.0443383084577
10468        0.0482371475954
2277        0.0510033167496
10471        0.101810945274
10473        0.0998888888889
10475        0.0422421227197
10477        0.0806616915423
10478        0.0386135986733
10479        0.0200547263682
10481        0.0281177446103
10482        0.0282769485904
10484        0.0444825870647
10485        0.0506932006633
10487        0.0244411276949
10496        0.0377446102819
10501        0.0183963515755
10504        0.0461028192371
10505        0.0102354892206
10507        0.049263681592
10512        0.0812653399668
10513        0.0829950248756
10514        0.013872305141
10515        0.0505306799337
10516        0.10515920398
10518        0.0428955223881
10519        0.0234278606965
10520        0.0359718076285
10533        0.0122155887231
10534        0.0854295190713
10535        0.100461028192
10536        0.0500331674959
10537        0.0771475953566
10545        0.0102139303483
10549        0.0448573797678
10552        0.0456583747927
10553        0.0924444444444
10559        0.0918258706468
10561        0.0614941956882
10562        0.0660580431177
10563        0.0577545605307
10570        0.0175389718076
2379        0.0507379767828
2380        0.0357512437811
2381        0.0436434494196
10577        0.100548922056
10581        0.0445058043118
10584        0.0860912106136
10585        0.0186119402985
10601        0.034127694859
10603        0.0520414593698
10604        0.0457081260365
10605        0.0353399668325
10606        0.0304676616915
10609        0.0614212271973
10614        0.0536550580431
10621        0.0894709784411
10622        0.0377661691542
10633        0.0797462686567
10636        0.0479054726368
10641        0.0875870646766
10665        0.0682222222222
10671        0.0246749585406
10672        0.0769966832504
10673        0.0434908789386
10680        0.046903814262
2490        0.0279734660033
2493        0.128165837479
2494        0.00166500829187
2495        0.0232752902156
2497        0.238665008292
2498        0.0788772802653
2500        0.155487562189
2501        0.08607960199
10694        0.0426948590381
2503        0.0575655058043
2504        0.0655008291874
2505        0.0453648424544
2506        0.0474427860697
2508        0.0703150912106
2510        0.121228855721
2511        0.0951011608624
2512        0.030464344942
2513        0.15544278607
2514        0.130613598673
2515        0.0421608623549
2516        0.213756218905
2517        0.0679419568823
2518        0.112247097844
2519        0.0893432835821
2520        0.0592255389718
2521        0.15411774461
2522        0.038504145937
2523        0.0159087893864
2524        0.0782769485904
2525        0.0519535655058
2526        0.0583416252073
2527        0.0847048092869
2528        0.0414262023217
2529        0.17856053068
2532        0.0279684908789
2544        0.0100895522388
2546        0.0101260364842
2547        0.0102470978441
2548        0.240172470978
2549        0.0153233830846
2551        0.22328358209
2553        0.0157545605307
2554        0.120096185738
2561        0.0520713101161
2563        0.0338988391376
2568        0.056728026534
2571        0.0883548922056
2572        0.0610265339967
2573        0.0196169154229
64600        0.0418888888889
2578        0.0506981757877
2581        0.0463631840796
64601        0.0496169154229
2587        0.00771641791045
2588        0.0307346600332
2592        0.0644228855721
2593        0.0241658374793
2598        0.0231724709784
2602        0.0356235489221
2603        0.177213930348
2605        0.00621558872305
2607        0.0521807628524
2609        0.0582305140962
2610        0.0428971807629
2611        0.0861044776119
2614        0.0210414593698
2629        0.027864013267
2631        0.0138756218905
2632        0.019087893864
2637        0.0626152570481
2638        0.00641459369818
2640        0.0588524046434
2643        0.00534494195688
2647        0.0408673300166
2648        0.0754179104478
2651        0.0129635157546
2652        0.0350812603648
2653        0.0102703150912
2654        0.0224825870647
2655        0.00676616915423
2659        0.00283416252073
2683        0.0248175787728
2685        0.226545605307
2686        0.121320066335
2687        0.0884311774461
2688        0.0393466003317
2697        0.0671940298507
2698        0.0244510779436
2702        0.0576533996683
2704        0.0241674958541
2706        0.0742255389718
2707        0.0323101160862
2711        0.0411857379768
2713        0.0503913764511
2714        0.0473134328358
2715        0.042416252073
2744        0.0210597014925
2752        0.0232835820896
2764        0.0579635157546
2766        0.0550232172471
2772        0.00635986733002
2819        0.0624776119403
2820        0.0547611940299
2822        0.0457562189055
2828        0.211351575456
2831        0.00511940298507
2832        0.025807628524
2833        0.0138026533997
2834        0.0220149253731
2836        0.0269966832504
2837        0.00402653399668
2840        0.0174875621891
2841        0.0040912106136
2843        0.0135555555556
2845        0.00520729684909
2847        0.0294759535655
2848        0.0199170812604
2852        0.0514842454395
2853        0.0486567164179
2854        0.111611940299
2855        0.0604411276949
2856        0.20792371476
2860        0.0478756218905
2861        0.0352752902156
2865        0.0158971807629
2871        0.127
2874        0.136290215589
2875        0.0185588723051
2876        0.0400431177446
2895        0.0436417910448
2899        0.101631840796
2900        0.112562189055
2901        0.0499469320066
2902        0.0498689883914
2905        0.0921260364842
2907        0.147825870647
2911        0.0751907131012
2914        0.239772802653
2915        0.137868988391
2917        0.138507462687
2918        0.10528358209
2933        0.148714759536
2941        0.0552686567164
2966        0.0431542288557
3053        0.0148291873964
8285        0.00636484245439
3056        0.0471674958541
3058        0.028232172471
3064        0.0916600331675
3066        0.0423150912106
3079        0.0462752902156
3080        0.0467877280265
3081        0.0574875621891
3104        0.090407960199
3110        0.0830746268657
3111        0.0829718076285
3112        0.0171857379768
3113        0.0495787728027
3128        0.0208988391376
3130        0.0433830845771
3132        0.0801608623549
3134        0.055456053068
3136        0.0111890547264
3142        0.00528524046434
3144        0.0485505804312
3148        0.0133548922056
3149        0.0639137645108
3150        0.0759983416252
3152        0.0443582089552
3208        0.0546268656716
3215        0.123641791045
3216        0.0613034825871
3218        0.0581575456053
3219        0.00540298507463
3220        0.0925621890547
3221        0.0112736318408
3225        0.0435472636816
3227        0.0159469320066
3228        0.105608623549
3230        0.000389718076285
3233        0.0485074626866
3235        0.0114295190713
3238        0.0351990049751
3239        0.0195804311774
3240        0.0124063018242
3242        0.0557562189055
3243        0.10763681592
3244        0.0686218905473
3245        0.0494046434494
3246        0.0939137645108
3248        0.0469585406302
3249        0.0402155887231
3251        0.0169668325041
3252        0.0327628524046
3253        0.0210597014925
3254        0.0188109452736
3255        0.0363349917081
3256        0.056903814262
3257        0.220150912106
3258        0.0254875621891
3259        0.101756218905
3260        0.0103349917081
3261        0.0231160862355
3262        0.0825688225539
3264        0.0523864013267
3265        0.0449054726368
3267        0.00887396351575
3268        0.0593001658375
3269        0.0296069651741
3273        0.0328142620232
3274        0.0326965174129
3277        0.0402537313433
3278        0.0529004975124
3286        0.110014925373
3291        0.0791243781095
3292        0.0744742951907
3300        0.206255389718
3301        0.0393233830846
3302        0.144520729685
3303        0.171373134328
3304        0.0882305140962
3305        0.108232172471
3306        0.0737943615257
3307        0.0367827529022
3308        0.0511293532338
3313        0.0436550580431
3314        0.0103548922056
3315        0.0173897180763
3316        0.0200132669983
3319        0.0125373134328
3320        0.207631840796
3323        0.0171724709784
3324        0.0619419568823
3325        0.0123897180763
3327        0.0495058043118
3328        0.129064676617
3329        0.0344344941957
3330        0.0613963515755
3332        0.00411940298507
3333        0.155839137645
3334        0.0206567164179
3335        0.000577114427861
3336        0.146844112769
3338        0.00554726368159
3339        0.0200464344942
3340        0.0465936981758
3342        0.0870348258706
3343        0.0293001658375
3344        0.0900132669983
3346        0.00670149253731
3350        0.0137064676617
3352        0.0803233830846
3353        0.0597014925373
3354        0.071592039801
3356        0.210721393035
3358        0.0162189054726
3359        0.00646268656716
3360        0.00883747927032
3361        0.12392371476
3362        0.056679933665
3363        0.0361343283582
3364        0.0175505804312
3365        0.0955721393035
3366        0.0772006633499
3368        0.0955190713101
3378        0.0431907131012
3379        0.0729220563847
3380        0.0692935323383
3381        0.0248291873964
3384        0.122069651741
3386        0.0880845771144
3388        0.017456053068
3389        0.00185406301824
3390        0.00999336650083
3392        0.0901028192371
3393        0.0977330016584
3394        0.0569502487562
3402        0.134237147595
3403        0.0406102819237
3404        0.122485903814
3405        0.0521111111111
3407        0.198407960199
3409        0.00285406301824
3421        0.0258291873964
3424        0.00869154228856
3428        0.0576733001658
3429        0.0724742951907
3431        0.0576683250415
3447        0.09871973466
3448        0.0895820895522
3449        0.012728026534
3450        0.0952089552239
3451        0.0493134328358
3452        0.0431426202322
3454        0.0412620232172
3458        0.049271973466
3460        0.00402985074627
3462        0.067679933665
3463        0.129587064677
3464        0.0797014925373
3472        0.00301326699834
3479        0.0722255389718
3480        0.0164278606965
3484        0.001728026534
3488        0.0642603648425
3491        0.236587064677
3492        0.0867512437811
3493        0.0456268656716
3502        0.0893814262023
3505        0.0888358208955
3506        0.0461393034826
3508        0.143402985075
3510        0.0362006633499
3512        0.0459220563847
3513        0.0627562189055
3527        0.0531077943615
8301        0.052144278607
3541        0.0210597014925
3548        0.0149021558872
3549        0.196048092869
3550        0.0322255389718
3554        0.121235489221
3555        0.056
3557        0.144703150912
3559        0.0921194029851
3561        0.2397960199
3563        0.136011608624
3564        0.123565505804
3566        0.0676185737977
3567        0.0800248756219
3571        0.0397379767828
3575        0.0218441127695
3576        0.0272421227197
3577        0.0127993366501
3578        0.0754726368159
3581        0.0523797678275
3582        0.0566932006633
3586        0.0388888888889
3588        0.0815422885572
3591        0.0495124378109
3593        0.0744361525705
3594        0.0523084577114
3596        0.0290331674959
3597        0.0337097844113
3599        0.0401127694859
3602        0.079631840796
3603        0.00638142620232
3605        0.0136733001658
3608        0.0823814262023
3614        0.118834162521
3615        0.011096185738
3616        0.0610995024876
3628        0.026815920398
3632        0.0175953565506
3640        0.0112653399668
3661        0.0185804311774
3662        0.0548424543947
3663        0.0661177446103
3669        0.0533548922056
3670        0.0206600331675
3671        0.037736318408
3672        0.0320995024876
3674        0.125449419569
3676        0.0390663349917
3677        0.0427744610282
4709        0.0541990049751
3680        0.046991708126
8306        0.0266965174129
3700        0.0757694859038
3701        0.0952951907131
3703        0.114744610282
3705        0.0485737976783
3708        0.0574063018242
3718        0.0508258706468
3720        0.17272305141
3722        0.0457147595357
3725        0.0128175787728
3727        0.0410945273632
3728        0.0956484245439
6083        0.0231791044776
3733        0.0870630182421
3734        0.0900348258706
3735        0.104379767828
3737        0.0316069651741
3739        0.115912106136
3741        0.0536202321725
3742        0.103849087894
3743        0.0528109452736
3746        0.0445124378109
3748        0.00402985074627
3749        0.0981791044776
3751        0.09364013267
3753        0.0404328358209
3757        0.0229618573798
3758        0.101019900498
3761        0.0525024875622
3763        0.148953565506
3764        0.0485787728027
3766        0.0135107794362
3768        0.0868872305141
3770        0.0505091210614
3776        0.0233731343284
3782        0.00783416252073
3783        0.00274792703151
3784        0.00410281923715
3786        0.104545605307
3789        0.132507462687
3790        0.0894063018242
3791        0.0877379767828
3796        0.0735406301824
3799        0.0849502487562
3801        0.0830414593698
3803        0.104940298507
3804        0.0245588723051
3807        0.0315124378109
3812        0.0208457711443
3813        0.0262437810945
3814        0.0385489220564
3815        0.0391144278607
3817        0.0294975124378
3819        0.0350928689884
3820        0.0576583747927
3824        0.0988258706468
3830        0.051008291874
3831        0.112001658375
3833        0.0992951907131
3836        0.0233515754561
3838        0.0948043117745
3839        0.0234593698176
3844        0.0443565505804
3845        0.0581127694859
3846        0.0454975124378
3847        0.240116086235
3850        0.0541542288557
3851        0.0504892205638
3855        0.0488391376451
3856        0.0657014925373
3857        0.130116086235
3859        0.0233399668325
3861        0.0220215588723
3862        0.014056384743
3863        0.0200928689884
3864        0.0160447761194
3865        0.016368159204
3866        0.0172354892206
3867        0.0182470978441
3868        0.0268623548922
3869        0.0229684908789
3870        0.0110663349917
3871        0.0132902155887
3872        0.0273084577114
3873        0.0252587064677
3874        0.026855721393
3875        0.0162902155887
3876        0.013399668325
3878        0.0222072968491
3879        0.0199900497512
3880        0.0200464344942
3881        0.0109253731343
3882        0.0175422885572
3883        0.0207462686567
3884        0.0194610281924
3885        0.0150762852405
3886        0.0194776119403
3887        0.0246417910448
3888        0.0196948590381
3889        0.0234394693201
3890        0.0174195688226
3891        0.0174228855721
3892        0.0220829187396
3893        0.013631840796
3894        0.0225157545605
3895        0.0217446102819
3899        0.0367943615257
3900        0.0724013266998
3903        0.0114892205638
3904        0.0639021558872
3905        0.0329071310116
3909        0.088815920398
3911        0.0441674958541
3912        0.127182421227
3914        0.214446102819
3915        0.200834162521
3925        0.0919253731343
3931        0.0585339966833
3932        0.185908789386
3937        0.0778258706468
3940        0.0840232172471
3950        0.0425472636816
3951        0.210985074627
3956        0.00728192371476
3957        0.0592039800995
3962        0.0452653399668
3963        0.0276749585406
3964        0.0224461028192
3967        0.208419568823
3970        0.0321492537313
3976        0.116991708126
3994        0.0345240464345
3996        0.0510514096186
3999        0.0350779436153
4000        0.23947761194
4001        0.0951890547264
4003        0.176515754561
4004        0.18199668325
4005        0.167741293532
4006        0.193446102819
4010        0.0628855721393
4015        0.0626500829187
4017        0.0258507462687
4039        0.0869303482587
4040        0.0188424543947
4043        0.038192371476
4045        0.0465074626866
4052        0.0803250414594
4057        0.0441625207297
4058        0.111747927032
4060        0.0140248756219
8319        0.0395688225539
2048        0.0161044776119
4109        0.0111592039801
4125        0.0191409618574
4128        0.0456384742952
4129        0.105461028192
4130        0.0114610281924
4133        0.0544394693201
4134        0.133107794362
4136        0.101018242123
4137        0.0447247097844
4140        0.055688225539
4143        0.0199900497512
4148        0.0255373134328
4150        0.0813714759536
4151        0.0708706467662
4158        0.015767827529
4167        0.0699850746269
4178        0.00786733001658
4181        0.0922072968491
4183        0.189827529022
4184        0.0674875621891
4187        0.0444195688226
4193        0.0422404643449
4195        0.0497611940299
4197        0.0843482587065
4198        0.0884527363184
4200        0.238172470978
4201        0.0173051409619
4203        0.0656782752902
4205        0.0531691542289
4208        0.135701492537
4213        0.0567976782753
4214        0.029223880597
4215        0.0236782752902
4216        0.0175323383085
4217        0.0198573797678
4219        0.0197164179104
4221        0.0224394693201
4222        0.0528043117745
4223        0.0413018242123
4230        0.132399668325
4231        0.118368159204
4232        0.0639950248756
4239        0.0517213930348
4243        0.0449253731343
4247        0.0456583747927
4251        0.0410630182421
4252        0.0123565505804
4257        0.0503466003317
4258        0.0949104477612
4259        0.120316749585
4261        0.0948258706468
4262        0.0453515754561
4269        0.0920762852405
4270        0.0487611940299
4271        0.0549419568823
4272        0.042504145937
4274        0.0708839137645
4277        0.0605572139303
4278        0.0757147595357
4279        0.0480845771144
4281        0.0449552238806
4283        0.0475140961857
4284        0.0469684908789
4285        0.0512056384743
4286        0.0486467661692
4292        0.050504145937
4293        0.0494593698176
4306        0.0591658374793
4309        0.104109452736
4310        0.0516766169154
4314        0.109354892206
4319        0.0868026533997
4327        0.0862603648425
4352        0.0879469320066
4354        0.0884112769486
4355        0.108326699834
4356        0.0483913764511
4358        0.0773781094527
4359        0.0555140961857
4364        0.0829137645108
4366        0.0126550580431
4372        0.0586932006633
4373        0.0803184079602
4374        0.118213930348
4376        0.084824212272
4377        0.0566351575456
4387        0.0267728026534
4390        0.068144278607
4393        0.0539834162521
4433        0.0843582089552
4434        0.0379933665008
4436        0.209585406302
4437        0.0497031509121
4444        0.0497131011609
4452        0.0836832504146
4454        0.0735621890547
4456        0.0425688225539
4459        0.0854179104478
4465        0.0408855721393
2110        0.0485704809287
4470        0.030592039801
4472        0.0886434494196
4475        0.0527694859038
4480        0.0162354892206
4481        0.025184079602
4482        0.0171111111111
4483        0.0175621890547
4484        0.0265472636816
4485        0.0179502487562
4486        0.0111194029851
4487        0.0174328358209
4488        0.0174096185738
4489        0.0208524046434
4490        0.0180713101161
4492        0.0872553897181
4493        0.000457711442786
4495        0.082736318408
4496        0.0544394693201
4509        0.0370116086235
4511        0.115529021559
4513        0.0832172470978
4515        0.108275290216
4519        0.0464245439469
4521        0.0369701492537
4527        0.14535655058
4534        0.15992371476
4535        0.0602487562189
4538        0.0476932006633
4539        0.0498507462687
4540        0.184484245439
4543        0.0291028192371
4544        0.19244278607
4546        0.0113184079602
4550        0.101295190713
4553        0.0867412935323
4554        0.0211194029851
4565        0.223258706468
4568        0.0269618573798
4573        0.0447164179104
4574        0.050056384743
4583        0.089271973466
4587        0.0870464344942
4589        0.154044776119
4592        0.0432006633499
4595        0.0125058043118
4596        0.12520066335
4599        0.111633499171
4600        0.0892404643449
4605        0.0112835820896
4608        0.0518905472637
4609        0.0842951907131
4610        0.0344046434494
4611        0.0285854063018
2134        0.0370895522388
4614        0.0585721393035
4616        0.0138009950249
4617        0.00650414593698
4618        0.0497446102819
4619        0.0182587064677
4621        0.0504461028192
4622        0.0101343283582
4623        0.0782786069652
4624        0.0149485903814
4627        0.0386368159204
4628        0.0441608623549
4630        0.0100215588723
4631        0.0381376451078
772        0.0217578772803
4634        0.0201724709784
4637        0.16108291874
4639        0.0186102819237
4641        0.0246334991708
4642        0.0317860696517
4643        0.0511310116086
4644        0.0284212271973
4645        0.0978474295191
4646        0.0245107794362
4647        0.0245538971808
4648        0.102295190713
4650        0.00286898839138
4651        0.100529021559
4652        0.0258739635158
4654        0.0376434494196
4655        0.018671641791
4656        0.0302222222222
4657        0.010320066335
4658        0.0254610281924
4660        0.00998009950249
4662        0.040855721393
4663        0.00766666666667
4665        0.0230265339967
4666        0.0680779436153
4668        0.0295223880597
4669        0.0612388059701
4670        0.0470580431177
4672        0.040127694859
4673        0.13284079602
4675        0.0836102819237
4677        0.0657976782753
4678        0.0879419568823
4680        0.0951044776119
4681        0.0805588723051
4682        0.0760646766169
4683        0.0134626865672
4684        0.0323466003317
4685        0.0741094527363
4686        0.0777810945274
4688        0.0791243781095
4690        0.0317645107794
4691        0.101170812604
4692        0.0780165837479
4693        0.0987512437811
4694        0.187543946932
4695        0.0870447761194
4696        0.0254112769486
4698        0.0813416252073
4700        0.0269850746269
4702        0.0929950248756
4703        0.0873781094527
4704        0.10647761194
4705        0.0549966832504
4706        0.0426169154229
4707        0.0257230514096
4708        0.0279966832504
10342        0.0878308457711
4710        0.0696036484245
4711        0.0916417910448
4713        0.0804311774461
4714        0.0304013266998
4716        0.0591475953566
4719        0.0255290215589
4720        0.0504577114428
4722        0.147139303483
4723        0.0517114427861
4724        0.068328358209
4725        0.153081260365
4727        0.0534792703151
4728        0.0860679933665
4729        0.0361824212272
4730        0.028087893864
4732        0.110213930348
4733        0.0628126036484
4736        0.0469286898839
4738        0.0134892205638
4739        0.0299867330017
4740        0.0209469320066
4741        0.0531061359867
4742        0.0726169154229
4744        0.0224610281924
4745        0.0678374792703
4746        0.0233548922056
4747        0.0415704809287
4748        0.0221990049751
4749        0.0172835820896
4750        0.0847993366501
4755        0.106315091211
4757        0.0186252072968
4759        0.0661227197347
4760        0.112192371476
4761        0.0696467661692
4762        0.024495854063
4763        0.02492039801
4765        0.0768888888889
4766        0.056495854063
4767        0.0181824212272
4768        0.0789585406302
4773        0.0176550580431
4774        0.154474295191
4776        0.0471094527363
4777        0.0885373134328
4778        0.0853665008292
4780        0.110860696517
4783        0.0505737976783
4786        0.0735323383085
4787        0.0803300165837
4788        0.0838391376451
4790        0.0437512437811
4791        0.0474411276949
4792        0.0437014925373
4793        0.045127694859
4794        0.0224842454395
4795        0.0137943615257
4797        0.0152885572139
4798        0.046583747927
4799        0.0712089552239
4800        0.0163316749585
4801        0.0306650082919
4803        0.0488374792703
4804        0.0317993366501
4805        0.074671641791
4807        0.00926036484245
4808        0.0294179104478
4853        0.0305257048093
4854        0.0603980099502
4855        0.0124991708126
4857        0.0267014925373
4860        0.0340729684909
4861        0.0526268656716
4908        0.0533150912106
4911        0.0871674958541
4912        0.0444278606965
4913        0.0410464344942
4922        0.0501459369818
4923        0.0626733001658
4926        0.146912106136
4927        0.0224427860697
4940        0.128154228856
4946        0.0425422885572
4947        0.0376218905473
4952        0.0450431177446
4958        0.0980630182421
4959        0.107396351575
4963        0.100938640133
4966        0.0410464344942
4967        0.0623665008292
4968        0.130006633499
4969        0.205305140962
4979        0.0421873963516
4982        0.0297744610282
4983        0.0910829187396
4984        0.0696965174129
4989        0.0438291873964
4993        0.0529336650083
4996        0.0572122719735
4999        0.0546202321725
5000        0.200223880597
5002        0.0790215588723
5003        0.0701907131012
5004        0.0560248756219
5006        0.110734660033
5009        0.082008291874
5011        0.0177495854063
5024        0.0939668325041
5033        0.102383084577
5041        0.0916815920398
5046        0.0853731343284
5048        0.0934975124378
5049        0.096495854063
5050        0.0529237147595
5051        0.0554776119403
5053        0.0570862354892
5056        0.0896500829187
5058        0.0111907131012
5071        0.0518192371476
5072        0.0624809286899
5074        0.0386086235489
5075        0.0269718076285
5076        0.108791044776
5078        0.0538275290216
5081        0.0513366500829
5085        0.015671641791
5086        0.0522255389718
5088        0.0811873963516
5089        0.153056384743
5097        0.109500829187
5099        0.0110746268657
5101        0.0974759535655
5105        0.0497960199005
5106        0.047320066335
5107        0.0515588723051
5109        0.0611243781095
5119        0.0448888888889
5188        0.0295887230514
5200        0.0183499170813
5202        0.0177728026534
5203        0.00422388059701
5205        0.0145970149254
5206        0.019535655058
5207        0.0220630182421
5208        0.024872305141
5209        0.0183980099502
5210        0.0211409618574
5211        0.0253946932007
5212        0.00895854063018
5213        0.0184096185738
5214        0.0207810945274
5215        0.0198573797678
5217        0.0242454394693
5218        0.0195771144279
5220        0.00983913764511
5232        0.0196119402985
5234        0.026807628524
5235        0.0219867330017
5240        0.0175306799337
5241        0.0245058043118
5248        0.0245323383085
5251        0.0282686567164
5256        0.0246948590381
5303        0.0151774461028
5309        0.0173781094527
5323        0.0258656716418
5324        0.0221990049751
5339        0.0514494195688
5377        0.113426202322
5378        0.227747927032
5379        0.0501044776119
5380        0.00865505804312
5381        0.0112305140962
5382        0.031
5384        0.0780348258706
5385        0.0454660033167
5387        0.00159701492537
5388        0.21655721393
5389        0.0505854063018
5390        0.196157545605
5391        0.0562868988391
5392        0.0245555555556
5393        0.0175190713101
5394        0.0188872305141
5395        0.0211028192371
5396        0.0386600331675
5397        0.0321542288557
5398        0.0559552238806
5399        0.0148490878939
5400        0.190230514096
5401        0.0753084577114
5402        0.00424709784411
5403        0.066368159204
5405        0.0527230514096
5407        0.0681343283582
5408        0.0538706467662
5409        0.170192371476
5410        0.104429519071
5412        0.0681525704809
5413        0.240257048093
5414        0.0341592039801
5415        0.0609303482587
5416        0.089096185738
5417        0.113119402985
5418        0.158641791045
5421        0.00766832504146
5422        0.078263681592
5423        0.0183366500829
5424        0.043087893864
5425        0.0417545605307
5426        0.053175787728
5427        0.0884825870647
5428        0.00635655058043
5429        0.0148756218905
5430        0.0945323383085
5431        0.00293864013267
5432        0.0234527363184
5433        0.00180597014925
5434        0.0505323383085
5435        0.0396749585406
5436        0.0270182421227
5441        0.0115389718076
5442        0.000457711442786
5443        0.0115721393035
5444        0.00646268656716
5445        0.00555887230514
5446        0.00544776119403
5447        0.000494195688226
5448        0.0125107794362
5449        0.00164510779436
5450        0.00170315091211
5451        0.00286898839138
2274        0.00767993366501
5455        0.0171857379768
5456        0.00410116086235
5457        0.000442786069652
5459        0.237694859038
5462        0.195538971808
5463        0.0194726368159
2276        0.0823648424544
5466        0.0726965174129
5467        0.00287562189055
5468        0.000601990049751
5469        0.0317346600332
5470        0.00935986733002
5471        0.00802819237148
5474        0.0366119402985
5479        0.025583747927
5480        0.00653233830846
5481        0.0844892205638
5482        0.0609320066335
5483        0.083960199005
5484        0.0580281923715
5486        0.0804013266998
5490        0.098943615257
5491        0.119965174129
5492        0.0186550580431
5494        0.0457180762852
5495        0.00408789386401
5496        0.132227197347
5498        0.00520232172471
5499        0.0268424543947
5500        0.059767827529
5501        0.0302404643449
5503        0.081311774461
5505        0.0281641791045
5506        0.0290149253731
5507        0.0222553897181
5509        0.0789137645108
5510        0.079592039801
5511        0.0942487562189
5512        0.0233316749585
5513        0.0186185737977
5516        0.017535655058
5517        0.0709336650083
5518        0.0453150912106
5519        0.142872305141
5520        0.0149320066335
5521        0.0414278606965
5522        0.0788043117745
5532        0.0235572139303
5533        0.0477048092869
5535        0.0244295190713
5536        0.0452122719735
5537        0.0230779436153
5539        0.0798673300166
5540        0.0876069651741
5543        0.0195422885572
5547        0.0231127694859
5548        0.0124925373134
5549        0.100388059701
5551        0.130567164179
5553        0.0040447761194
5554        0.0176600331675
5556        0.156915422886
5557        0.109500829187
5558        0.0112189054726
5559        0.129167495854
5560        0.0331741293532
5561        0.0521094527363
5563        0.0199270315091
5564        0.108167495854
5565        0.0347877280265
5567        0.00915754560531
5568        0.00875953565506
5569        0.00526699834163
5571        0.110102819237
5572        0.00288888888889
5573        0.00166334991708
5577        0.0876782752902
5578        0.0172222222222
5580        0.0505605306799
5582        0.0489320066335
5583        0.0811177446103
5586        0.0505804311774
5587        0.063600331675
5588        0.0472553897181
5589        0.0420364842454
5590        0.0933399668325
5592        0.0162587064677
5594        0.0614776119403
5595        0.0891807628524
5596        0.00783747927032
5597        0.0176998341625
5598        0.0125107794362
5599        0.0577694859038
5600        0.0294129353234
5603        0.0474179104478
5604        0.0914577114428
5606        0.0410580431177
5607        0.122897180763
5609        0.0194991708126
5610        0.086903814262
5611        0.0638988391376
5612        0.0173167495854
5615        0.0463499170813
5617        0.0932122719735
5618        0.0435671641791
5619        0.0115472636816
5620        0.0244842454395
5621        0.0940381426202
5622        0.0733217247098
5623        0.0799668325041
5625        0.023447761194
5627        0.0146550580431
5628        0.0588855721393
5629        0.0499767827529
5630        0.0754660033167
5631        0.117157545605
5632        0.135419568823
5639        0.0420812603648
5641        0.0441310116086
5645        0.0698822553897
5646        0.225842454395
5648        0.0417048092869
5650        0.169968490879
5651        0.0828043117745
5652        0.0772437810945
5653        0.0110829187396
5655        0.0747479270315
5656        0.0879021558872
5661        0.056144278607
5662        0.112046434494
5666        0.0791674958541
5668        0.0449071310116
5669        0.192152570481
5671        0.124669983416
5672        0.07692039801
5673        0.0742537313433
5674        0.0377877280265
5675        0.0406898839138
5676        0.0710729684909
5677        0.0507131011609
5678        0.0515058043118
5679        0.0375140961857
5680        0.0614676616915
5681        0.0422023217247
5682        0.0456998341625
5683        0.227693200663
5684        0.0821326699834
5687        0.037855721393
5688        0.0324709784411
5689        0.0593167495854
5691        0.0582023217247
5692        0.026600331675
5693        0.0840215588723
5696        0.231300165837
5698        0.080728026534
5700        0.044855721393
5702        0.0425223880597
5703        0.0468175787728
5704        0.0548872305141
5705        0.115948590381
5706        0.0529303482587
5710        0.0446102819237
5712        0.074552238806
5713        0.0682935323383
5714        0.10171973466
5719        0.0317081260365
5723        0.0527479270315
5726        0.100414593698
5727        0.162081260365
5730        0.0291293532338
5731        0.0416185737977
5736        0.0412470978441
5737        0.0853665008292
5738        0.118364842454
5739        0.0183383084577
5742        0.05764013267
5743        0.0553250414594
5745        0.00409618573798
5746        0.0539701492537
5749        0.0514527363184
5750        0.0646550580431
5754        0.0341890547264
5755        0.0252819237148
5756        0.109538971808
5760        0.0855572139303
5761        0.114502487562
5762        0.0485771144279
5763        0.0748258706468
5765        0.0358225538972
5767        0.0541973466003
5768        0.0928490878939
5769        0.046223880597
5771        0.101472636816
5772        0.0722537313433
5773        0.0867048092869
5774        0.0512786069652
5778        0.0854693200663
5779        0.103774461028
5784        0.175769485904
5786        0.0316782752902
5788        0.0548358208955
5789        0.0506384742952
5790        0.0545605306799
5792        0.044776119403
5794        0.0490331674959
5798        0.0810762852405
5836        0.0176467661692
5839        0.0216119402985
5846        0.020728026534
5855        0.0124096185738
5856        0.0792603648425
5872        0.0449684908789
5881        0.0162520729685
5922        0.00414427860697
5927        0.050631840796
5952        0.0533930348259
6057        0.0508441127695
6059        0.0446152570481
6061        0.134517412935
6062        0.0914925373134
6063        0.050807628524
6064        0.0578839137645
6065        0.0903946932007
6066        0.175028192371
6067        0.0839867330017
6068        0.0210364842454
6070        0.0715008291874
6071        0.0501625207297
6072        0.059855721393
6073        0.0791857379768
6076        0.0870447761194
6077        0.0865505804312
6078        0.103426202322
6079        0.135174129353
6080        0.083184079602
6081        0.119611940299
6082        0.163834162521
10571        0.0753980099502
6086        0.089399668325
6088        0.0160281923715
6089        0.0137412935323
6091        0.0484145936982
6095        0.109059701493
6097        0.0567462686567
6104        0.0805787728027
6106        0.0157844112769
6107        0.0304709784411
6108        0.0233781094527
6109        0.053815920398
6112        0.057271973466
6113        0.231540630182
6114        0.0304411276949
6115        0.060535655058
6116        0.0600199004975
6121        0.000426202321725
6122        0.0514941956882
6123        0.145021558872
6127        0.0481641791045
6128        0.121333333333
6129        0.102456053068
6130        0.104053067993
6136        0.0859933665008
6137        0.0936932006633
6138        0.0513349917081
6139        0.0508026533997
6140        0.114532338308
6142        0.0410414593698
6143        0.0479104477612
6144        0.0390182421227
6147        0.116883913765
6159        0.0435737976783
6161        0.0283233830846
6163        0.0576252072968
6164        0.0703648424544
6165        0.0867064676617
6166        0.0568126036484
6167        0.0775820895522
6171        0.00296517412935
6172        0.202991708126
6174        0.0507330016584
6178        0.063583747927
6179        0.0503482587065
6180        0.0381459369818
6181        0.0814776119403
6185        0.0445704809287
6187        0.0533150912106
6188        0.120140961857
6192        0.0101641791045
6194        0.125734660033
6195        0.0755505804312
6196        0.221623548922
6197        0.0695107794362
6198        0.078872305141
6199        0.0736368159204
6200        0.0554709784411
6201        0.103053067993
6202        0.0923383084577
6203        0.126573797678
6205        0.126199004975
6210        0.0463233830846
6213        0.0471144278607
6214        0.0446268656716
6217        0.0471558872305
6218        0.141595356551
6220        0.0465588723051
6223        0.0573167495854
6225        0.0864444444444
6226        0.0525986733002
6227        0.0740530679934
6228        0.0525936981758
6233        0.0400116086235
6234        0.0899684908789
6235        0.193963515755
6239        0.0100679933665
6241        0.0237578772803
6242        0.0591326699834
6243        0.0971873963516
6245        0.151389718076
6248        0.129169154229
6249        0.0525953565506
6250        0.0743814262023
6254        0.0475555555556
6255        0.0889834162521
6258        0.0374991708126
6259        0.148432835821
6260        0.0492437810945
6261        0.131129353234
6263        0.0360862354892
6266        0.077456053068
6269        0.0212072968491
6283        0.0893233830846
6285        0.0468325041459
6287        0.073135986733
6289        0.032407960199
6292        0.0663963515755
6294        0.0696169154229
6295        0.106842454395
6296        0.0397180762852
6297        0.0556467661692
6299        0.0824527363184
6301        0.0373764510779
6302        0.114973466003
6303        0.0886832504146
6305        0.0648092868988
6306        0.0614842454395
6307        0.062087893864
6308        0.0663814262023
6309        0.0506550580431
6310        0.0459883913765
6313        0.0533167495854
6314        0.0780331674959
6315        0.0373034825871
6317        0.0899784411277
6319        0.0798971807629
6320        0.112592039801
6322        0.0768756218905
6325        0.0447810945274
6326        0.0516898839138
6327        0.0933499170813
6331        0.042223880597
6332        0.0658109452736
6334        0.0945157545605
6335        0.0458855721393
6342        0.0160862354892
6345        0.145888888889
6347        0.20588225539
6348        0.0326069651741
6349        0.0485489220564
6350        0.102998341625
6351        0.0580298507463
6352        0.145827529022
6354        0.113018242123
6355        0.0978955223881
6357        0.0561409618574
6358        0.0442089552239
6359        0.091263681592
6362        0.0525655058043
6364        0.0543051409619
6365        0.0939320066335
6367        0.0469320066335
6368        0.0519966832504
6369        0.040688225539
6371        0.104311774461
6372        0.0806135986733
6373        0.0650049751244
6375        0.0401144278607
6376        0.0726932006633
6377        0.011368159204
6379        0.10236318408
6380        0.0877562189055
6381        0.078456053068
6382        0.0915124378109
6383        0.0434212271973
6384        0.075728026534
6385        0.0917396351575
6386        0.0795456053068
6387        0.0962620232172
8396        0.0280016583748
6390        0.0612072968491
6391        0.13203814262
6392        0.044767827529
6394        0.10508291874
6395        0.0759452736318
6396        0.0537611940299
6400        0.0807661691542
6401        0.0236368159204
6402        0.0792371475954
6404        0.0526550580431
6405        0.107618573798
6406        0.0345638474295
6407        0.0283847429519
6409        0.0447097844113
6410        0.0510364842454
6411        0.0449253731343
6412        0.0643548922056
6413        0.0484361525705
6419        0.107684908789
6423        0.0602487562189
6425        0.0457728026534
6427        0.0942205638474
6428        0.0712106135987
6429        0.0479535655058
6430        0.0576434494196
6431        0.0918308457711
6432        0.092223880597
6433        0.0705339966833
6434        0.0856600331675
6435        0.0669004975124
6437        0.0753880597015
6441        0.05864013267
6448        0.0718192371476
6449        0.0587412935323
6450        0.0451542288557
6451        0.0892106135987
6453        0.223698175788
6455        0.0842868988391
6456        0.125626865672
6458        0.102462686567
6459        0.0761210613599
6460        0.0790182421227
6461        0.225976782753
6462        0.0629320066335
6463        0.0798490878939
6465        0.0654311774461
6467        0.208814262023
6468        0.113655058043
6469        0.149504145937
6470        0.082824212272
6471        0.0328689883914
6472        0.0849767827529
6473        0.0751558872305
6474        0.0793001658375
6476        0.0386616915423
6477        0.0540049751244
6478        0.208154228856
6480        0.083728026534
6481        0.0664610281924
6482        0.0888374792703
6484        0.0575389718076
6487        0.0436235489221
6488        0.0246351575456
6494        0.00634494195688
6495        0.0076583747927
6496        0.0373101160862
6498        0.0408789386401
6499        0.107150912106
6501        0.0529502487562
6502        0.107845771144
6503        0.0722222222222
6505        0.129394693201
6507        0.0568789386401
6508        0.0345257048093
6512        0.0294262023217
6515        0.052456053068
6517        0.101948590381
6521        0.111212271973
6525        0.0921990049751
6527        0.0794577114428
6534        0.0527910447761
6535        0.0498656716418
6536        0.0389386401327
6537        0.0319353233831
6539        0.0358872305141
6540        0.0776583747927
6541        0.101144278607
6542        0.066855721393
6543        0.0300381426202
6545        0.0724444444444
6547        0.030631840796
6549        0.0389817578773
6551        0.0437744610282
6552        0.0472520729685
6553        0.183830845771
6554        0.0819320066335
6555        0.0867728026534
6561        0.124165837479
6562        0.0715290215589
6563        0.118613598673
6565        0.0370696517413
6566        0.112860696517
6567        0.00984742951907
6568        0.054464344942
6569        0.047504145937
6570        0.0591625207297
6571        0.0736218905473
6575        0.0921940298507
6576        0.104288557214
6577        0.0656185737977
6580        0.0851691542289
6582        0.0913018242123
6583        0.125475953566
6584        0.051767827529
6586        0.0488855721393
6587        0.0881542288557
6588        0.0871293532338
6589        0.0423830845771
6590        0.0160497512438
6591        0.0540364842454
6592        0.0538905472637
6593        0.0501177446103
6595        0.0207661691542
6597        0.135155887231
6600        0.0348772802653
6601        0.0948175787728
6603        0.0389651741294
6604        0.0868855721393
6606        0.0908905472637
6607        0.0603466003317
6614        0.0325008291874
6618        0.0817694859038
6619        0.0612902155887
6620        0.0811907131012
6621        0.0472205638474
6623        0.0677844112769
6629        0.0620066334992
6630        0.0470895522388
6633        0.0169867330017
6635        0.0527595356551
6637        0.0428507462687
6638        0.0329668325041
6639        0.0374908789386
6640        0.0534411276949
6641        0.105606965174
6644        0.046592039801
6646        0.0494145936982
6648        0.041951907131
6650        0.0777578772803
6653        0.0452985074627
6654        0.0505157545605
6656        0.0568839137645
6658        0.0170779436153
6659        0.0744046434494
6660        0.188205638474
6661        0.0894842454395
6662        0.0238391376451
6663        0.0342868988391
6664        0.138169154229
6665        0.0660862354892
6666        0.0455489220564
6667        0.00518573797678
6668        0.0416782752902
6669        0.0354676616915
6670        0.0600182421227
6671        0.00302653399668
6673        0.015087893864
6675        0.0483300165837
6677        0.0486550580431
6678        0.0216235489221
6679        0.11535655058
6680        0.090912106136
6681        0.0221956882255
6682        0.0501061359867
6683        0.105527363184
6684        0.0545389718076
6685        0.114726368159
6686        0.0432354892206
6687        0.0599237147595
6688        0.0375953565506
6689        0.052912106136
6690        0.0268026533997
6691        0.0102454394693
6694        0.0225936981758
6695        0.0293333333333
6696        0.0812786069652
6697        0.053872305141
6702        0.0017048092869
6703        0.0123864013267
6705        0.0799220563847
6706        0.0512985074627
6707        0.0461475953566
6708        0.0510132669983
6709        0.00553731343284
6711        0.00283747927032
6713        0.0638689883914
6714        0.0244593698176
6715        0.0126749585406
6716        0.125502487562
6717        0.0545207296849
6718        0.0546202321725
6719        0.0840613598673
6720        0.0273797678275
6721        0.0614328358209
6722        0.0146102819237
6723        0.00166169154229
6726        0.0186915422886
6727        0.0841028192371
6728        0.0704262023217
6729        0.0157728026534
6730        0.0821674958541
6731        0.0176434494196
6732        0.0364046434494
6733        0.0383946932007
6734        0.0475107794362
6735        0.0510713101161
6737        0.0494394693201
6738        0.0338922056385
6739        0.0260679933665
6740        0.0161028192371
6741        0.043736318408
6742        0.155927031509
6743        0.0239137645108
6744        0.0125505804312
6745        0.142494195688
6746        0.0292122719735
6747        0.0375721393035
6750        0.00510281923715
6751        0.0502570480929
6752        0.044048092869
6753        0.075175787728
6754        0.104842454395
6755        0.0820414593698
6756        0.0146268656716
6757        0.070368159204
6758        0.0741260364842
6760        0.0391293532338
6761        0.0367744610282
6762        0.122910447761
6763        0.0256567164179
6764        0.0173018242123
6765        0.156943615257
6769        0.0137396351575
6770        0.0418507462687
6771        0.0439535655058
6772        0.0402122719735
6773        0.0422421227197
6774        0.111260364842
6776        0.0395091210614
6778        0.0564179104478
6779        0.108023217247
6782        0.00636815920398
6783        0.0866451077944
6784        0.0121575456053
6785        0.019688225539
6787        0.0247960199005
6790        0.0425737976783
6792        0.166575456053
6793        0.0472703150912
6795        0.0326417910448
6796        0.00391542288557
6798        0.0200364842454
6799        0.049855721393
6800        0.0138988391376
6802        0.0737860696517
6803        0.040688225539
6804        0.0290232172471
6805        0.105114427861
6806        0.0949618573798
6807        0.00541791044776
6809        0.0210530679934
6810        0.00415422885572
6812        0.00532172470978
6813        0.08928026534
6819        0.0124245439469
6820        0.00978606965174
2502        0.0582587064677
6822        0.0102653399668
6825        0.0322454394693
6826        0.0594427860697
6827        0.0834543946932
6829        0.0548756218905
6830        0.121154228856
10696        0.0639419568823
6834        0.0134179104478
6835        0.0338938640133
6837        0.0326252072968
6840        0.0054328358209
6841        0.139061359867
6844        0.0371641791045
6845        0.0143764510779
6846        0.0654693200663
6847        0.0316600331675
6848        0.0236666666667
6849        0.0581608623549
6850        0.0581061359867
6851        0.00778441127695
6852        0.0533101160862
6853        0.0159618573798
6855        0.0995970149254
6856        0.0216666666667
6858        0.0124577114428
6859        0.117913764511
6863        0.0766815920398
6864        0.0245389718076
6865        0.00975124378109
6866        0.0758009950249
6867        0.0149535655058
6868        0.0017960199005
6870        0.099320066335
6871        0.0205190713101
6873        0.0846583747927
6875        0.00163184079602
6876        0.0139469320066
6878        0.0230663349917
6879        0.0423930348259
6880        0.00167495854063
6881        0.0433515754561
6882        0.0297976782753
6883        0.0280746268657
6884        0.01992039801
6886        0.00162852404643
6887        0.0123001658375
6888        0.0285323383085
6893        0.0345290215589
6894        0.0471956882255
6896        0.00744444444444
6897        0.0438988391376
10707        0.0463366500829
6900        0.1164013267
6901        0.0108507462687
6902        0.0759668325041
6903        0.0202603648425
6904        0.0317794361526
6905        0.0923366500829
6906        0.0483814262023
6912        0.0484411276949
6913        0.0496169154229
6916        0.0529585406302
6922        0.0331774461028
6924        0.0244991708126
6925        0.0910928689884
6931        0.0425870646766
6932        0.0801625207297
6933        0.0624908789386
6936        0.0420779436153
6938        0.112709784411
6939        0.159626865672
6941        0.0848606965174
6942        0.0642703150912
6944        0.121414593698
6946        0.0446053067993
6947        0.0790331674959
6948        0.0497777777778
6949        0.0903217247098
6950        0.041416252073
6954        0.0513333333333
6955        0.124379767828
6957        0.0140049751244
6967        0.0922885572139
6969        0.0975058043118
6971        0.0385572139303
6973        0.12748092869
6975        0.0379635157546
6979        0.0471011608624
6981        0.08064013267
6983        0.0818407960199
6984        0.0390182421227
6986        0.0421940298507
6989        0.0900829187396
6990        0.0359834162521
6991        0.0505323383085
6992        0.0949220563847
6993        0.136829187396
6994        0.0543615257048
6995        0.0434709784411
6996        0.0394875621891
6997        0.0426218905473
6998        0.0426766169154
7003        0.0233482587065
7006        0.0324411276949
7014        0.0491907131012
7015        0.108298507463
7016        0.0635456053068
7017        0.106746268657
7018        0.153227197347
7019        0.151358208955
7020        0.0158424543947
7021        0.0425124378109
7022        0.0635870646766
7023        0.108134328358
7026        0.0735605306799
7029        0.0441293532338
7033        0.0470066334992
7035        0.0856733001658
7037        0.090600331675
7038        0.0114344941957
7040        0.0428524046434
7041        0.058807628524
7042        0.0266600331675
7043        0.0462786069652
7044        0.0432470978441
7046        0.0508689883914
7047        0.0471094527363
7050        0.0114593698176
7051        0.0816169154229
7052        0.0482006633499
7053        0.0462006633499
7054        0.0503582089552
7055        0.0472205638474
7057        0.0730514096186
7058        0.0783930348259
7061        0.045600331675
7062        0.0386417910448
7064        0.0602520729685
7065        0.100945273632
7066        0.0522388059701
7068        0.0686733001658
7070        0.0955854063018
7071        0.0411641791045
7078        0.117575456053
7079        0.0896666666667
7080        0.0159485903814
7087        0.0162603648425
7089        0.0446633499171
7091        0.0278739635158
7092        0.0845008291874
7095        0.0694461028192
7096        0.0682918739635
7098        0.0878308457711
7101        0.047416252073
7105        0.0934427860697
7106        0.0615854063018
7107        0.0431575456053
7113        0.0875804311774
7115        0.117140961857
7120        0.011175787728
7122        0.0447595356551
7124        0.0488225538972
7125        0.0168308457711
7127        0.0929867330017
7128        0.0422951907131
7132        0.0518673300166
7133        0.0790248756219
7137        0.0406616915423
7138        0.0486218905473
7139        0.0820978441128
7140        0.0746583747927
7143        0.060631840796
7144        0.0725903814262
7147        0.0778756218905
7148        0.090056384743
7151        0.0891641791045
7152        0.0836915422886
7153        0.0493698175788
7157        0.0362902155887
7160        0.0822006633499
7163        0.0384859038143
7168        0.0793880597015
7169        0.0866932006633
7170        0.163547263682
7174        0.0528772802653
7176        0.095631840796
7177        0.0352553897181
7178        0.0386152570481
7179        0.0900116086235
7180        0.102202321725
7181        0.0803482587065
7183        0.0437081260365
7188        0.0582487562189
7189        0.107165837479
7192        0.0483548922056
7193        0.0402089552239
7194        0.0696633499171
7195        0.0208905472637
7199        0.025912106136
7200        0.0518341625207
7201        0.105585406302
7203        0.0868374792703
7206        0.0884129353234
7207        0.0562786069652
7208        0.0408971807629
7212        0.0443366500829
7217        0.0493150912106
7219        0.127752902156
7220        0.0436633499171
7222        0.0380298507463
7223        0.0633366500829
7224        0.0982106135987
7226        0.0797230514096
7227        0.0979187396352
7228        0.090807628524
7229        0.0798275290216
7234        0.0504378109453
7235        0.085495854063
7239        0.0472587064677
7250        0.0820016583748
7252        0.0337595356551
7253        0.0457031509121
7254        0.0762603648425
7255        0.0459718076285
7256        0.048600331675
7257        0.0478308457711
7258        0.106447761194
7260        0.0850132669983
7261        0.0617081260365
7263        0.0586019900498
7264        0.0581227197347
7265        0.0314228855721
7267        0.0472620232172
7268        0.0540978441128
7269        0.0838457711443
7271        0.0515754560531
7275        0.0605489220564
7276        0.0225373134328
7277        0.0171475953566
7279        0.0401393034826
7281        0.0522023217247
7282        0.0821873963516
7283        0.0758524046434
7284        0.085320066335
7288        0.0463383084577
7289        0.0446517412935
7290        0.0446484245439
7291        0.03807960199
7292        0.0409585406302
7293        0.0386069651741
7294        0.0410713101161
7296        0.0832172470978
7298        0.0288772802653
7300        0.0773781094527
7301        0.018263681592
7303        0.098767827529
7304        0.0435771144279
7306        0.00667330016584
7307        0.0210364842454
7308        0.048
7312        0.0337263681592
7313        0.00276948590381
7314        0.0878192371476
7315        0.0556252072968
7317        0.0363764510779
7318        0.062688225539
7319        0.0526467661692
7321        0.0699585406302
7322        0.0676948590381
7323        0.0413482587065
7325        0.0375721393035
7326        0.00516252072968
7332        0.0446965174129
7333        0.0791044776119
7334        0.0451194029851
7336        0.0410199004975
7337        0.0770066334992
7338        0.0929734660033
7340        0.032192371476
7341        0.065600331675
7342        0.0430049751244
7343        0.0939552238806
7344        0.0491708126036
7345        0.0356235489221
7346        0.0066600331675
7349        0.0424709784411
7351        0.0157346600332
7353        0.050736318408
7354        0.0903349917081
7358        0.0842603648425
7359        0.0727562189055
7360        0.0553880597015
7361        0.0427976782753
7362        0.0801160862355
7363        0.0681459369818
7365        0.0583466003317
7366        0.0259883913765
7367        0.0469402985075
7368        0.0461807628524
7369        0.0743665008292
7370        0.00754228855721
7372        0.0715555555556
7374        0.137708126036
7377        0.0575273631841
7382        0.0506849087894
7385        0.100572139303
7386        0.0868358208955
7391        0.0459718076285
7393        0.0108673300166
7396        0.0248275290216
7397        0.0267247097844
7398        0.0221890547264
7410        0.0516865671642
7414        0.0315389718076
7416        0.0255456053068
7417        0.0319237147595
7420        0.0472354892206
7424        0.0546500829187
7425        0.0513217247098
7426        0.0892603648425
7427        0.0530646766169
7430        0.0797877280265
7431        0.0398888888889
7432        0.0508059701493
7433        0.0447595356551
7434        0.0782354892206
7435        0.0399751243781
7438        0.061671641791
7439        0.0706086235489
7441        0.0379469320066
7442        0.0859784411277
7443        0.00763349917081
7445        0.0237578772803
7452        0.100414593698
7459        0.0428805970149
7460        0.0211144278607
7462        0.0471873963516
7466        0.0458789386401
7470        0.0522437810945
7473        0.101585406302
7474        0.093960199005
7475        0.0258905472637
7476        0.0279087893864
7477        0.0284892205638
7479        0.0548374792703
7480        0.0424809286899
7482        0.0686567164179
7483        0.0328043117745
7485        0.0123582089552
7486        0.0268805970149
7489        0.0260613598673
7490        0.0548291873964
7491        0.0440116086235
7496        0.0184195688226
7497        0.0419021558872
7498        0.0113134328358
7499        0.0206285240464
7500        0.108031509121
7501        0.125391376451
7502        0.0564262023217
7503        0.04464013267
7506        0.034631840796
7511        0.0663366500829
7512        0.0585207296849
7514        0.0193781094527
7515        0.0716135986733
7518        0.0748805970149
7521        0.0503366500829
7525        0.0627943615257
7527        0.048192371476
7544        0.0487446102819
7545        0.0379867330017
7556        0.0249850746269
7557        0.0380447761194
7558        0.0335339966833
7559        0.0452454394693
7561        0.0401625207297
7562        0.0268109452736
7563        0.0113432835821
7564        0.00642951907131
7565        0.0379535655058
7567        0.0406235489221
7569        0.0314129353234
7570        0.0273366500829
7571        0.0232985074627
7572        0.0184809286899
7573        0.0213946932007
7574        0.0233532338308
7577        0.0209651741294
7578        0.0243184079602
7579        0.00767661691542
7580        0.0124494195688
7581        0.0269950248756
7582        0.024679933665
7585        0.0275804311774
7586        0.0350099502488
7589        0.0375538971808
7590        0.0638805970149
7594        0.112147595357
7604        0.00664179104478
7605        0.0283217247098
7613        0.0150199004975
7616        0.0679237147595
7621        0.0175804311774
7631        0.0111160862355
7632        0.020232172471
7633        0.0727694859038
7637        0.0169784411277
7644        0.0344975124378
7646        0.0436019900498
7687        0.0518938640133
7724        0.0673631840796
7725        0.0974411276949
7726        0.0388457711443
7731        0.0837147595357
7734        0.0771061359867
7736        0.039815920398
7737        0.0745505804312
7739        0.0387313432836
7742        0.0844792703151
7748        0.0760215588723
7750        0.0463051409619
7751        0.0353134328358
7754        0.101175787728
7756        0.0713631840796
7757        0.0694278606965
7760        0.0933250414594
7765        0.0450497512438
7767        0.0827877280265
7769        0.0808043117745
7770        0.139230514096
7772        0.0758922056385
7775        0.0446368159204
7776        0.0492603648425
7777        0.0480713101161
7778        0.0952935323383
7781        0.0161177446103
7782        0.0529336650083
7784        0.0577711442786
7785        0.0605737976783
7786        0.0383266998342
7787        0.0468988391376
7788        0.0411741293532
7790        0.0419983416252
7792        0.0682354892206
7795        0.0436019900498
7800        0.0612106135987
7806        0.0675953565506
7810        0.0610912106136
7811        0.0492470978441
7814        0.0452786069652
7816        0.0270978441128
7820        0.0922305140962
7823        0.074456053068
7825        0.0468955223881
7829        0.0375737976783
7832        0.0868822553897
7833        0.0689585406302
7835        0.0360464344942
7836        0.0833880597015
7837        0.0581691542289
7838        0.0527512437811
7839        0.103391376451
7849        0.0923084577114
7850        0.0522902155887
7851        0.084776119403
7855        0.0392072968491
7856        0.0508855721393
7859        0.0912570480929
7862        0.0432106135987
7864        0.0103333333333
7865        0.0101310116086
7868        0.0761144278607
7873        0.0150945273632
7876        0.0974245439469
7877        0.0460447761194
7878        0.0185787728027
7881        0.0800464344942
7882        0.0517777777778
7884        0.095087893864
7886        0.0848291873964
7888        0.0545257048093
7891        0.0905970149254
7892        0.093127694859
7893        0.0778590381426
7894        0.0821973466003
7895        0.069824212272
7900        0.0410580431177
7902        0.0339369817579
7903        0.05028026534
7908        0.027872305141
7910        0.0179502487562
7913        0.0796451077944
7914        0.0567529021559
7915        0.0652023217247
7918        0.0470298507463
7920        0.0457595356551
7922        0.135072968491
7923        0.0555456053068
7927        0.0624693200663
7928        0.0477131011609
7929        0.0666218905473
7933        0.0436434494196
7934        0.0175107794362
7938        0.0734859038143
7941        0.104872305141
7943        0.0519004975124
7946        0.0474892205638
7949        0.0806865671642
7951        0.0364825870647
7954        0.0507048092869
7958        0.0716301824212
7959        0.0516069651741
7960        0.102237147595
7962        0.0510414593698
7964        0.040951907131
7965        0.0195887230514
7966        0.047631840796
7973        0.0352951907131
7976        0.0275074626866
7977        0.0900215588723
7979        0.0479933665008
7981        0.0525655058043
7982        0.0654328358209
7984        0.04864013267
7985        0.0393665008292
7992        0.0210348258706
7993        0.0509452736318
7996        0.0206351575456
7997        0.0390315091211
8000        0.0471824212272
8001        0.114338308458
8005        0.0896417910448
8007        0.0149767827529
8008        0.0469369817579
8009        0.0923399668325
8010        0.0421509121061
8011        0.0317081260365
8012        0.0930663349917
8013        0.0466384742952
8015        0.0774411276949
8016        0.0372835820896
8017        0.0438258706468
8018        0.0263134328358
8021        0.0886898839138
8022        0.0968922056385
8023        0.0560729684909
8024        0.00307960199005
8028        0.101213930348
8036        0.0327562189055
8037        0.0561111111111
8038        0.0574029850746
8039        0.0971343283582
8041        0.0613665008292
8043        0.151948590381
8046        0.0466384742952
8048        0.0614875621891
8051        0.0257694859038
8052        0.0847810945274
8056        0.0662669983416
8057        0.0433665008292
8058        0.0796533996683
8059        0.0671227197347
8060        0.0510663349917
8061        0.0972669983416
8062        0.0898540630182
8063        0.0789850746269
8066        0.0259286898839
8068        0.115704809287
8069        0.0245472636816
8070        0.0511409618574
8077        0.083008291874
8078        0.0487014925373
8079        0.0840199004975
8080        0.0904063018242
8081        0.0891160862355
8082        0.0437744610282
8083        0.0514013266998
8085        0.0970597014925
8087        0.0445870646766
8088        0.0364427860697
8090        0.087592039801
8091        0.0648573797678
8093        0.0486865671642
8094        0.0222288557214
8095        0.0603963515755
8097        0.0892769485904
8098        0.0472553897181
8100        0.050535655058
8101        0.0421409618574
8105        0.039600331675
8111        0.0309419568823
8114        0.0460729684909
8115        0.0408092868988
8117        0.0527097844113
8118        0.094447761194
8119        0.0363018242123
8120        0.076232172471
8121        0.0492819237148
8123        0.051144278607
8125        0.0517031509121
8130        0.0541509121061
8133        0.0805207296849
8134        0.0954145936982
8135        0.0257031509121
8137        0.07864013267
8138        0.059912106136
8140        0.0173101160862
8142        0.0110862354892
8143        0.0977180762852
8145        0.00521227197347
8146        0.0790364842454
8148        0.00776616915423
8151        0.0243698175788
8152        0.0479751243781
8153        0.0539701492537
8154        0.0540331674959
8156        0.0830265339967
6821        0.0738507462687
8160        0.00274461028192
8161        0.0861658374793
8166        0.088767827529
8168        0.0762885572139
8169        0.0184593698176
8170        0.0858358208955
8174        0.0494941956882
8175        0.0619651741294
8179        0.0446285240464
8180        0.0648341625207
8185        0.0472338308458
8187        0.0233383084577
8188        0.0725024875622
