8192        0.00455223880597
1        0.266897180763
8194        0.00425373134328
3        0.0603399668325
8196        0.0983018242123
6        0.0637512437811
7        0.108656716418
8200        0.0125456053068
9        0.00996849087894
13        0.0742122719735
8206        0.00832006633499
8207        0.0127330016584
16        0.0556484245439
17        0.0939071310116
8210        0.136366500829
8195        0.0377562189055
8212        0.00857711442786
8213        0.0551641791045
22        0.0910762852405
5465        0.0682951907131
8216        0.0394527363184
25        0.0233018242123
26        0.0229867330017
27        0.0584029850746
8220        0.153067993367
8221        0.0576152570481
31        0.0450447761194
32        0.0612653399668
33        0.19300331675
34        0.0987877280265
35        0.0126766169154
8228        0.0866202321725
8198        0.103046434494
38        0.09471973466
8231        0.0153432835821
8232        0.0353266998342
41        0.05707960199
43        0.0757545605307
45        0.0621260364842
46        0.0949850746269
8239        0.0222603648425
48        0.113830845771
49        0.0591393034826
50        0.0534046434494
8243        0.0571575456053
52        0.0854593698176
8245        0.0698507462687
8246        0.021903814262
55        0.00438142620232
8248        0.0762072968491
8249        0.00438805970149
8250        0.0770646766169
8251        0.0540281923715
8253        0.0109651741294
8255        0.0674228855721
8257        0.0302736318408
8258        0.0191144278607
8259        0.124485903814
68        0.0485223880597
70        0.0523034825871
71        0.191409618574
72        0.0391028192371
73        0.0651525704809
74        0.0313814262023
8267        0.0325157545605
77        0.101648424544
8270        0.032447761194
8205        0.0859253731343
80        0.0299253731343
81        0.143049751244
8274        0.0317031509121
83        0.0892139303483
8277        0.0968474295191
8278        0.012447761194
87        0.0378772802653
88        0.0898822553897
90        0.148885572139
8284        0.0633101160862
93        0.116533996683
97        0.120265339967
8291        0.0101194029851
8292        0.00837313432836
8293        0.00970812603648
8294        0.0290464344942
103        0.0602504145937
8296        0.0959270315091
8297        0.082144278607
8298        0.0527031509121
8299        0.0220049751244
8300        0.0402587064677
109        0.148543946932
111        0.0461310116086
8304        0.0286019900498
114        0.143892205638
8307        0.0655638474295
8309        0.114469320066
8310        0.0563830845771
8312        0.0573880597015
8313        0.0377412935323
8314        0.0458341625207
125        0.0670199004975
127        0.0725754560531
8321        0.0194676616915
131        0.116938640133
132        0.0758291873964
8327        0.0597263681592
8328        0.012495854063
137        0.0614693200663
8330        0.0260679933665
8331        0.0169004975124
140        0.0972421227197
8333        0.0594262023217
8334        0.00986069651741
144        0.108228855721
145        0.121467661692
146        0.00461691542289
8339        0.0988888888889
8340        0.0270530679934
8342        0.117290215589
8217        0.0249004975124
8346        0.0404610281924
8347        0.0685223880597
157        0.098943615257
159        0.0149950248756
160        0.0704709784411
8354        0.0620829187396
163        0.0498689883914
8358        0.0194825870647
8359        0.0697877280265
8361        0.0490298507463
8362        0.0486533996683
8363        0.0164112769486
174        0.267067993367
175        0.0639353233831
8368        0.0539867330017
8370        0.00995024875622
8371        0.0355970149254
8374        0.029960199005
8375        0.011223880597
8376        0.0821890547264
8379        0.101391376451
8382        0.032991708126
8383        0.0511857379768
8385        0.0753233830846
194        0.0969834162521
195        0.0430845771144
196        0.0814510779436
8390        0.116024875622
199        0.0566849087894
8392        0.0819170812604
8394        0.0602537313433
8395        0.0204543946932
204        0.00699170812604
8397        0.0770116086235
8398        0.000626865671642
8399        0.094
209        0.0335704809287
210        0.0545456053068
8227        0.021311774461
8405        0.00705970149254
8406        0.0400514096186
8407        0.0373880597015
8408        0.0430746268657
217        0.0311608623549
8410        0.00738142620232
8411        0.00612271973466
8412        0.0719950248756
8413        0.084671641791
8229        0.0229004975124
224        0.0556185737977
225        0.0728059701493
226        0.144053067993
8419        0.022039800995
8422        0.0351061359867
8423        0.0232570480929
8424        0.00862354892206
8425        0.0141094527363
234        0.0139336650083
237        0.0825704809287
239        0.00701326699834
8433        0.0737744610282
8434        0.0733449419569
8440        0.0232752902156
8441        0.0366666666667
8442        0.0259834162521
8445        0.0878756218905
8447        0.090263681592
8448        0.0327330016584
8450        0.0391127694859
8451        0.0718524046434
8452        0.0324510779436
8454        0.0832520729685
8455        0.0444262023217
8456        0.0231061359867
8457        0.0407495854063
266        0.0646285240464
268        0.0542835820896
270        0.0590182421227
271        0.0246434494196
8464        0.00176948590381
8465        0.0841907131012
8468        0.0280895522388
8469        0.0204577114428
278        0.102452736318
8472        0.0261028192371
8475        0.00338308457711
8476        0.0164378109453
286        0.267212271973
288        0.104540630182
8240        0.00850746268657
290        0.0564344941957
291        0.042600331675
292        0.0464245439469
293        0.246184079602
8487        0.0484859038143
297        0.251208955224
299        0.013679933665
8496        0.00577114427861
8498        0.0248341625207
8499        0.026943615257
8506        0.0034328358209
8510        0.00885737976783
8511        0.0139900497512
8512        0.0177628524046
8513        0.0329087893864
8515        0.0164742951907
8516        0.0647711442786
8517        0.081903814262
8528        0.0950049751244
376        0.0174510779436
377        0.0811144278607
378        0.0126500829187
400        0.0742985074627
8260        0.00175456053068
419        0.00749253731343
8262        0.0643847429519
423        0.031056384743
8263        0.0344908789386
8264        0.0243615257048
8265        0.0553565505804
450        0.0439485903814
454        0.0345787728027
456        0.0219170812604
8269        0.0634527363184
466        0.0287412935323
8199        0.0767893864013
8271        0.0492487562189
8272        0.140364842454
8273        0.0443399668325
488        0.0301293532338
489        0.0258573797678
8275        0.0263101160862
509        0.0203930348259
513        0.0825820895522
517        0.178353233831
8280        0.0555854063018
8201        0.0247379767828
544        0.0246567164179
549        0.0258358208955
552        0.017912106136
555        0.0586766169154
557        0.103600331675
559        0.0385323383085
561        0.0419087893864
565        0.0164742951907
568        0.233388059701
577        0.121412935323
591        0.0222072968491
600        0.0822985074627
611        0.00716915422886
613        0.0951658374793
8295        0.0246102819237
625        0.056263681592
636        0.0271774461028
655        0.0289668325041
8303        0.0486218905473
668        0.240006633499
679        0.0412902155887
681        0.027127694859
683        0.130006633499
684        0.0345820895522
685        0.188338308458
686        0.0151293532338
687        0.0756849087894
689        0.0764593698176
691        0.0309419568823
693        0.0707562189055
701        0.267868988391
702        0.263608623549
703        0.166252072968
705        0.0651028192371
714        0.093583747927
715        0.0986749585406
719        0.0530199004975
721        0.0537645107794
724        0.0733300165837
8208        0.0343134328358
744        0.0269883913765
745        0.0701260364842
8317        0.0538275290216
760        0.0164991708126
762        0.0289419568823
763        0.0620049751244
764        0.0446334991708
766        0.0630265339967
6388        0.1041973466
8209        0.0206467661692
786        0.21464344942
789        0.0110895522388
790        0.0673731343284
800        0.0251243781095
802        0.00466666666667
803        0.023552238806
808        0.00570149253731
812        0.0690265339967
813        0.0315737976783
814        0.102540630182
815        0.061543946932
816        0.133588723051
817        0.00593366500829
826        0.00975124378109
831        0.0230331674959
8211        0.0329767827529
834        0.0370364842454
838        0.0301674958541
839        0.0313665008292
852        0.0575008291874
854        0.0272139303483
855        0.0275140961857
8336        0.00458374792703
8485        0.00593366500829
8349        0.00847097844113
8215        0.0443333333333
8352        0.0731111111111
8355        0.0874361525705
8218        0.157144278607
8366        0.0856898839138
1103        0.157349917081
1104        0.0341542288557
1113        0.0233797678275
1114        0.0153150912106
1117        0.0198275290216
1119        0.0178208955224
1129        0.058328358209
1133        0.0628772802653
1136        0.12316252073
1137        0.0314394693201
1138        0.0966915422886
1140        0.0827014925373
8386        0.0241044776119
8387        0.00297014925373
8223        0.0348026533997
8391        0.0349800995025
1198        0.104814262023
1200        0.088464344942
1201        0.0164908789386
1205        0.0205754560531
1206        0.0138109452736
1213        0.13356384743
1220        0.0763764510779
1221        0.161174129353
8224        0.0993383084577
1224        0.0586301824212
1225        0.196391376451
1226        0.0497164179104
1227        0.0096815920398
1236        0.0951409618574
1237        0.105759535655
1238        0.0472504145937
1239        0.268185737977
1241        0.0994311774461
1248        0.0082271973466
1251        0.0618789386401
8225        0.0322504145937
1254        0.0523399668325
1257        0.171144278607
8402        0.0510630182421
1263        0.0608540630182
1267        0.120842454395
1270        0.155029850746
1273        0.225694859038
1275        0.0942537313433
1276        0.0689087893864
1280        0.253650082919
8226        0.0578805970149
1290        0.196101160862
1292        0.0136351575456
1299        0.204819237148
8409        0.00458706467662
1312        0.0209270315091
1321        0.091056384743
1322        0.0636650082919
1323        0.153011608624
1324        0.0781028192371
1325        0.127656716418
1326        0.06771973466
1327        0.0856865671642
1328        0.0950580431177
1329        0.0541376451078
1330        0.0662686567164
1331        0.0497711442786
1332        0.10015920398
1333        0.0644278606965
1334        0.102890547264
1335        0.0820497512438
1341        0.0620315091211
1342        0.0587263681592
1347        0.0580199004975
8417        0.0232305140962
10686        0.0601343283582
8431        0.0220331674959
1461        0.0168905472637
1556        0.0231691542289
1559        0.0366981757877
1562        0.0271857379768
1564        0.0257180762852
1565        0.0276766169154
1568        0.0248805970149
1569        0.0219502487562
1570        0.0203963515755
1573        0.00603482587065
1589        0.0406998341625
1591        0.019271973466
1601        0.0167943615257
8460        0.0206567164179
8237        0.0354278606965
8463        0.033960199005
1653        0.12931840796
1657        0.00975290215589
1659        0.0366865671642
1660        0.0256533996683
1661        0.0490514096186
1662        0.0551475953566
1664        0.0562653399668
1667        0.10260199005
1668        0.0644925373134
8470        0.0472537313433
1670        0.0635588723051
1672        0.0549270315091
1673        0.248880597015
1674        0.0536567164179
1675        0.0701227197347
1677        0.0549585406302
1678        0.0111791044776
1679        0.0229353233831
1680        0.0908822553897
1681        0.0630978441128
1682        0.0675638474295
1683        0.0573466003317
1686        0.0624378109453
1687        0.0591227197347
1689        0.0285422885572
1691        0.132686567164
1693        0.0701326699834
1694        0.047056384743
1695        0.066184079602
1697        0.01371973466
1698        0.0219718076285
1706        0.0569270315091
1717        0.0365140961857
1732        0.0426351575456
1739        0.0164527363184
1740        0.266998341625
1741        0.0712172470978
1742        0.0357545605307
1744        0.0538308457711
1746        0.217237147595
1747        0.00733001658375
1749        0.0491376451078
1754        0.029728026534
1755        0.26851907131
1757        0.0258888888889
1759        0.212376451078
1760        0.11660199005
1761        0.0664013266998
1767        0.107311774461
1776        0.0369237147595
1778        0.0614427860697
8489        0.0492553897181
1784        0.0969237147595
1785        0.135936981758
1789        0.065192371476
1797        0.0666185737977
1798        0.0818258706468
1800        0.258169154229
1808        0.0696948590381
1830        0.107290215589
1831        0.0178756218905
1833        0.127331674959
1835        0.0673847429519
1836        0.0652885572139
1839        0.0615870646766
1840        0.00707296849088
1842        0.101484245439
1849        0.265915422886
1850        0.0748026533997
1852        0.0801177446103
1853        0.086407960199
1879        0.122208955224
1880        0.107102819237
1882        0.0259170812604
1883        0.0267147595357
1887        0.166257048093
1888        0.0726766169154
1890        0.179742951907
1891        0.0442570480929
1897        0.0675887230514
1899        0.0612388059701
1901        0.0679950248756
1902        0.0611708126036
1906        0.0620149253731
1908        0.0522752902156
1909        0.0232868988391
1913        0.119482587065
1914        0.0700016583748
1916        0.0401509121061
1922        0.0107512437811
1930        0.150097844113
1932        0.0564461028192
1955        0.045271973466
1957        0.0552454394693
1967        0.120693200663
1970        0.0243731343284
1975        0.0248175787728
1978        0.0219751243781
1982        0.164703150912
1984        0.0322868988391
1986        0.0235406301824
1991        0.0263316749585
1998        0.0383416252073
2003        0.0610447761194
2007        0.0636766169154
2008        0.0502023217247
2011        0.0548474295191
2012        0.0113864013267
2015        0.100048092869
2018        0.0206915422886
2019        0.0190547263682
2024        0.0975572139303
2027        0.0496235489221
2028        0.108525704809
2033        0.0791907131012
2036        0.0193615257048
2041        0.267444444444
2042        0.144762852405
2044        0.111378109453
10240        0.0921674958541
10241        0.0578689883914
10243        0.0163515754561
2052        0.0391990049751
2056        0.0829502487562
10249        0.098407960199
10250        0.0453913764511
10252        0.113237147595
10256        0.105852404643
10257        0.0472918739635
10258        0.0880116086235
10259        0.0597247097844
10260        0.0634593698176
10261        0.0406252072968
10263        0.1104013267
10264        0.026127694859
10265        0.119641791045
10266        0.106533996683
10267        0.097127694859
10268        0.0625207296849
10269        0.0576782752902
10270        0.0191177446103
10271        0.049311774461
10275        0.0495704809287
10278        0.104651741294
10279        0.00964179104478
10289        0.0454742951907
10292        0.0624941956882
10295        0.0609386401327
10297        0.168094527363
2107        0.0167114427861
2108        0.0680331674959
2109        0.0152454394693
10302        0.109320066335
10303        0.178859038143
10304        0.11356053068
10305        0.0808225538972
10306        0.00814262023217
2116        0.0723864013267
2117        0.0432470978441
2118        0.107553897181
10311        0.0923714759536
2120        0.0391343283582
10314        0.0506633499171
10316        0.0566616915423
10317        0.0988457711443
10318        0.0150812603648
10319        0.112482587065
2128        0.0326550580431
10322        0.0123499170813
2131        0.00447263681592
10325        0.0506119402985
10326        0.0920812603648
2135        0.0308955223881
10330        0.104028192371
10331        0.0179883913765
2140        0.094320066335
10333        0.0620298507463
10334        0.0966782752902
10335        0.0213747927032
10337        0.138800995025
2146        0.0469651741294
10339        0.0623383084577
2148        0.00448922056385
2150        0.121122719735
10345        0.094447761194
10347        0.0911310116086
10348        0.0490995024876
10349        0.0286102819237
10352        0.0583532338308
10354        0.0501127694859
10355        0.100542288557
10357        0.0151243781095
10358        0.110960199005
10359        0.10808291874
10361        0.105253731343
10363        0.0491708126036
10366        0.0597993366501
10367        0.0522470978441
10368        0.0998573797678
10377        0.0667645107794
10380        0.0545704809287
10382        0.063135986733
10383        0.0483134328358
10384        0.106298507463
10385        0.0255688225539
10387        0.150237147595
10389        0.0579834162521
10390        0.0764726368159
10392        0.0535223880597
10393        0.0633018242123
10395        0.109169154229
10396        0.093407960199
10397        0.106575456053
10399        0.121898839138
10400        0.0463018242123
10409        0.108787728027
10412        0.0234278606965
10413        0.0654461028192
10414        0.102399668325
10416        0.112888888889
10417        0.00837645107794
10419        0.0733101160862
10422        0.059
10424        0.109014925373
10430        0.0752968490879
10431        0.055855721393
10435        0.113131011609
10436        0.0192271973466
10440        0.100371475954
10442        0.063039800995
10444        0.107124378109
10447        0.0745389718076
10448        0.00816252072968
10450        0.0718822553897
10454        0.0414676616915
10460        0.0606517412935
10465        0.0953101160862
10466        0.0125257048093
10467        0.0556699834163
10468        0.0618706467662
2277        0.0620912106136
10471        0.107
10473        0.102116086235
10475        0.0651243781095
10477        0.0861724709784
10478        0.0526965174129
10479        0.015192371476
10481        0.0486749585406
10482        0.0331376451078
10484        0.0505820895522
10485        0.068192371476
10487        0.036048092869
10496        0.0341409618574
10501        0.0258756218905
10504        0.0619817578773
10505        0.0300762852405
10507        0.0492089552239
10512        0.0925074626866
10513        0.109222222222
10514        0.0110812603648
10515        0.0878590381426
10516        0.10639800995
10518        0.0435389718076
10519        0.02635986733
10520        0.0480116086235
10533        0.0231575456053
10534        0.105469320066
10535        0.0921575456053
10536        0.0614096185738
10537        0.105379767828
10545        0.01892039801
10549        0.0491990049751
10552        0.0575489220564
10553        0.0971061359867
10559        0.100885572139
10561        0.0582371475954
10562        0.0980331674959
10563        0.0697097844113
10570        0.0268805970149
2379        0.0778606965174
2380        0.0416733001658
2381        0.0514112769486
10577        0.0990431177446
10581        0.0666218905473
10584        0.103368159204
10585        0.0259187396352
10601        0.0419270315091
10603        0.0662172470978
10604        0.0633266998342
10605        0.0509950248756
10606        0.035320066335
10609        0.0596616915423
10614        0.0705472636816
10621        0.0870364842454
10622        0.0630862354892
10633        0.0828325041459
10636        0.0530630182421
10641        0.0957330016584
10665        0.101875621891
10671        0.0271542288557
10672        0.119880597015
10673        0.0497296849088
10680        0.0670033167496
2490        0.0327081260365
2493        0.132744610282
2494        0.00975124378109
2495        0.0219701492537
2497        0.267036484245
2498        0.0920116086235
2500        0.196593698176
2501        0.114056384743
10694        0.0671691542289
2503        0.0699767827529
2504        0.0657927031509
2505        0.0478308457711
2506        0.100572139303
2508        0.0869320066335
2510        0.144404643449
2511        0.109809286899
2512        0.0464892205638
2513        0.214031509121
2514        0.156368159204
2515        0.0602835820896
2516        0.249111111111
2517        0.0746185737977
2518        0.125545605307
2519        0.115971807629
2520        0.0728142620232
2521        0.203053067993
2522        0.0486749585406
2523        0.0232835820896
2524        0.114111111111
2525        0.0534494195688
2526        0.0500945273632
2527        0.114215588723
2528        0.0515671641791
2529        0.2045986733
2532        0.0497578772803
2544        0.0166152570481
2546        0.00736152570481
2547        0.00590381426202
2548        0.26720066335
2549        0.0264195688226
2551        0.254769485904
2553        0.0152404643449
2554        0.131144278607
2561        0.0520099502488
2563        0.0459303482587
2568        0.0818026533997
2571        0.115393034826
2572        0.076127694859
2573        0.0246036484245
64600        0.0571807628524
2578        0.10032172471
2581        0.0501873963516
64601        0.0645472636816
2587        0.0128689883914
2588        0.0504693200663
2592        0.0912437810945
2593        0.023135986733
2598        0.0447230514096
2602        0.0520182421227
2603        0.215097844113
2605        0.0140381426202
2607        0.0524013266998
2609        0.0649635157546
2610        0.0514179104478
2611        0.116213930348
2614        0.0352172470978
2629        0.0455754560531
2631        0.0245207296849
2632        0.0232222222222
2637        0.0526832504146
2638        0.0111011608624
2640        0.0768291873964
2643        0.00984908789386
2647        0.0747827529022
2648        0.0829834162521
2651        0.00986069651741
2652        0.0679402985075
2653        0.0153084577114
2654        0.0294179104478
2655        0.0125207296849
2659        0.0057943615257
2683        0.0220746268657
2685        0.251535655058
2686        0.126524046434
2687        0.124407960199
2688        0.0367711442786
2697        0.0783034825871
2698        0.0407529021559
2702        0.0972620232172
2704        0.0208524046434
2706        0.0918407960199
2707        0.063824212272
2711        0.0574991708126
2713        0.0541492537313
2714        0.0582421227197
2715        0.0442106135987
2744        0.0284444444444
2752        0.0474776119403
2764        0.0570945273632
2766        0.0688424543947
2772        0.00687230514096
2819        0.0554245439469
2820        0.0784295190713
2822        0.0506484245439
2828        0.246728026534
2831        0.0072039800995
2832        0.0297081260365
2833        0.00450248756219
2834        0.0300315091211
2836        0.025912106136
2837        0.00983582089552
2840        0.0351061359867
2841        0.00320232172471
2843        0.0313797678275
2845        0.00573466003317
2847        0.0527744610282
2848        0.0235323383085
2852        0.0755970149254
2853        0.0610995024876
2854        0.118069651741
2855        0.0881857379768
2856        0.234880597015
2860        0.0612504145937
2861        0.0325605306799
2865        0.0111061359867
2871        0.145378109453
2874        0.15560199005
2875        0.0234759535655
2876        0.0524328358209
2895        0.064127694859
2899        0.113623548922
2900        0.152991708126
2901        0.0767296849088
2902        0.0697744610282
2905        0.109689883914
2907        0.180039800995
2911        0.102184079602
2914        0.268399668325
2915        0.172497512438
2917        0.172733001658
2918        0.139189054726
2933        0.177965174129
2941        0.0769834162521
2966        0.0549419568823
3053        0.0193449419569
8285        0.0141260364842
3056        0.0571592039801
3058        0.0299021558872
3064        0.10099668325
3066        0.0374444444444
3079        0.0417910447761
3080        0.0598739635158
3081        0.0626832504146
3104        0.113885572139
3110        0.111517412935
3111        0.107658374793
3112        0.00840298507463
3113        0.0551625207297
3128        0.0305936981758
3130        0.0590928689884
3132        0.108605306799
3134        0.0589369817579
3136        0.0123266998342
3142        0.00831177446103
3144        0.0577313432836
3148        0.0164908789386
3149        0.0782686567164
3150        0.100071310116
3152        0.0662155887231
3208        0.0642106135987
3215        0.158663349917
3216        0.0806600331675
3218        0.0678258706468
3219        0.00454394693201
3220        0.0885389718076
3221        0.0137910447761
3225        0.0664328358209
3227        0.0271641791045
3228        0.114676616915
3230        0.00182587064677
3233        0.0577562189055
3235        0.0233648424544
3238        0.0548490878939
3239        0.0269883913765
3240        0.0152686567164
3242        0.0695323383085
3243        0.128517412935
3244        0.0815174129353
3245        0.0445223880597
3246        0.144786069652
3248        0.0828358208955
3249        0.032767827529
3251        0.0314013266998
3252        0.0425489220564
3253        0.0123466003317
3254        0.0454063018242
3255        0.0538490878939
3256        0.0914875621891
3257        0.257835820896
3258        0.0445754560531
3259        0.136892205638
3260        0.0189950248756
3261        0.0387562189055
3262        0.078320066335
3264        0.0510779436153
3265        0.0440215588723
3267        0.00966998341625
3268        0.0762023217247
3269        0.032903814262
3273        0.0368407960199
3274        0.0452255389718
3277        0.0685671641791
3278        0.0512023217247
3286        0.152187396352
3291        0.0874776119403
3292        0.085127694859
3300        0.243077943615
3301        0.0516053067993
3302        0.182844112769
3303        0.203966832504
3304        0.0878524046434
3305        0.149774461028
3306        0.0956650082919
3307        0.0557213930348
3308        0.0662122719735
3313        0.0445754560531
3314        0.00871807628524
3315        0.029495854063
3316        0.0185472636816
3319        0.00722553897181
3320        0.245865671642
3323        0.0194494195688
3324        0.0946484245439
3325        0.00852736318408
3327        0.0555422885572
3328        0.162749585406
3329        0.0496301824212
3330        0.0782951907131
3332        0.0123665008292
3333        0.184427860697
3334        0.0558689883914
3335        0.00898507462687
3336        0.166424543947
3338        0.00603316749585
3339        0.0221293532338
3340        0.0566567164179
3342        0.0949502487562
3343        0.028008291874
3344        0.116457711443
3346        0.00194693200663
3350        0.0179220563847
3352        0.097087893864
3353        0.10695854063
3354        0.0921459369818
3356        0.245066334992
3358        0.0250895522388
3359        0.0154195688226
3360        0.0151774461028
3361        0.1442039801
3362        0.0716467661692
3363        0.0364859038143
3364        0.0151177446103
3365        0.101684908789
3366        0.104061359867
3368        0.12011774461
3378        0.0665505804312
3379        0.109941956882
3380        0.0612089552239
3381        0.0315174129353
3384        0.15104145937
3386        0.120656716418
3388        0.0202504145937
3389        0.0115887230514
3390        0.0191890547264
3392        0.0764295190713
3393        0.0989883913765
3394        0.0592669983416
3402        0.137046434494
3403        0.0526285240464
3404        0.14227694859
3405        0.0404228855721
3407        0.248116086235
3409        0.0072271973466
3421        0.0282305140962
3424        0.0139021558872
3428        0.079776119403
3429        0.067864013267
3431        0.0488325041459
3447        0.115043117745
3448        0.098096185738
3449        0.00969651741294
3450        0.103835820896
3451        0.0574577114428
3452        0.0686533996683
3454        0.0591343283582
3458        0.0673084577114
3460        0.0150414593698
3462        0.0995223880597
3463        0.145179104478
3464        0.10344278607
3472        0.00865174129353
3479        0.104590381426
3480        0.0218540630182
3484        0.00322553897181
3488        0.0958971807629
3491        0.264293532338
3492        0.102024875622
3493        0.0677296849088
3502        0.102683250415
3505        0.106981757877
3506        0.0839784411277
3508        0.145008291874
3510        0.0511210613599
3512        0.066135986733
3513        0.0719535655058
3527        0.0629751243781
8301        0.0792437810945
3541        0.0289353233831
3548        0.0148772802653
3549        0.222533996683
3550        0.0414859038143
3554        0.141789386401
3555        0.0648325041459
3557        0.179291873964
3559        0.122212271973
3561        0.267956882255
3563        0.161859038143
3564        0.151338308458
3566        0.0673449419569
3567        0.0948358208955
3571        0.0554859038143
3575        0.0365754560531
3576        0.0463150912106
3577        0.0245373134328
3578        0.0745655058043
3581        0.0561708126036
3582        0.0796252072968
3586        0.0541641791045
3588        0.0869618573798
3591        0.0587114427861
3593        0.111043117745
3594        0.047407960199
3596        0.0231426202322
3597        0.0459154228856
3599        0.0580762852405
3602        0.113555555556
3603        0.00444278606965
3605        0.0140646766169
3608        0.102046434494
3614        0.126509121061
3615        0.0219933665008
3616        0.0604444444444
3628        0.0163980099502
3632        0.023600331675
3640        0.0202006633499
3661        0.0271509121061
3662        0.0949170812604
3663        0.0835870646766
3669        0.0691873963516
3670        0.0298739635158
3671        0.0567412935323
3672        0.0381310116086
3674        0.139419568823
3676        0.0478656716418
3677        0.0503067993366
4709        0.0719834162521
3680        0.0566152570481
8306        0.0299286898839
3700        0.103933665008
3701        0.10768159204
3703        0.145205638474
3705        0.0580016583748
3708        0.0641509121061
3718        0.0564494195688
3720        0.196457711443
3722        0.0576616915423
3725        0.0229784411277
3727        0.0647777777778
3728        0.112167495854
6083        0.0247512437811
3733        0.114955223881
3734        0.126139303483
3735        0.0906600331675
3737        0.0284129353234
3739        0.139487562189
3741        0.107970149254
3742        0.126888888889
3743        0.0933217247098
3746        0.0666600331675
3748        0.00596351575456
3749        0.0894593698176
3751        0.106074626866
3753        0.0487927031509
3757        0.0271260364842
3758        0.124034825871
3761        0.066504145937
3763        0.192058043118
3764        0.0643747927032
3766        0.0368457711443
3768        0.108895522388
3770        0.0751160862355
3776        0.0259386401327
3782        0.00864676616915
3783        0.0032736318408
3784        0.00579767827529
3786        0.129220563847
3789        0.167295190713
3790        0.128437810945
3791        0.10432172471
3796        0.100842454395
3799        0.101001658375
3801        0.112107794362
3803        0.143467661692
3804        0.0451127694859
3807        0.0394825870647
3812        0.0214245439469
3813        0.0288490878939
3814        0.06392039801
3815        0.0603847429519
3817        0.0535290215589
3819        0.0420049751244
3820        0.0697031509121
3824        0.0946152570481
3830        0.0498756218905
3831        0.122558872305
3833        0.104666666667
3836        0.0351658374793
3838        0.119620232172
3839        0.0233001658375
3844        0.0525621890547
3845        0.0564543946932
3846        0.0571260364842
3847        0.266709784411
3850        0.0588623548922
3851        0.0335373134328
3855        0.0696119402985
3856        0.0674991708126
3857        0.14371641791
3859        0.0204759535655
3861        0.0258474295191
3862        0.0272089552239
3863        0.0421094527363
3864        0.0224842454395
3865        0.0313781094527
3866        0.032328358209
3867        0.0351426202322
3868        0.0202222222222
3869        0.0208009950249
3870        0.0277114427861
3871        0.0274975124378
3872        0.027039800995
3873        0.0186069651741
3874        0.0302288557214
3875        0.0342139303483
3876        0.0316699834163
3878        0.0262885572139
3879        0.0272056384743
3880        0.0219369817579
3881        0.0357611940299
3882        0.0316301824212
3883        0.0194510779436
3884        0.0208872305141
3885        0.0217180762852
3886        0.0254328358209
3887        0.0273565505804
3888        0.018872305141
3889        0.0180829187396
3890        0.0351194029851
3891        0.0302454394693
3892        0.0255406301824
3893        0.0261857379768
3894        0.0245737976783
3895        0.0232271973466
3899        0.0631210613599
3900        0.0826666666667
3903        0.0177844112769
3904        0.0543897180763
3905        0.0517976782753
3909        0.115116086235
3911        0.0635024875622
3912        0.141381426202
3914        0.233189054726
3915        0.237694859038
3925        0.0997379767828
3931        0.052223880597
3932        0.216230514096
3937        0.074096185738
3940        0.108859038143
3950        0.0497744610282
3951        0.243273631841
3956        0.0110829187396
3957        0.0795555555556
3962        0.0550613598673
3963        0.0444378109453
3964        0.0304013266998
3967        0.242764510779
3970        0.0524593698176
3976        0.134391376451
3994        0.0670928689884
3996        0.0509369817579
3999        0.0479668325041
4000        0.265187396352
4001        0.113872305141
4003        0.228800995025
4004        0.206248756219
4005        0.202031509121
4006        0.22664344942
4010        0.070864013267
4015        0.0682985074627
4017        0.029951907131
4039        0.104192371476
4040        0.0467081260365
4043        0.0499850746269
4045        0.0638358208955
4052        0.0957910447761
4057        0.0710149253731
4058        0.153033167496
4060        0.0307628524046
8319        0.0377379767828
2048        0.0298424543947
4109        0.0163250414594
4125        0.0365091210614
4128        0.0588507462687
4129        0.130213930348
4130        0.0136998341625
4133        0.0680729684909
4134        0.18787893864
4136        0.138620232172
4137        0.0570331674959
4140        0.0667263681592
4143        0.0236815920398
4148        0.0443184079602
4150        0.110135986733
4151        0.0747860696517
4158        0.01635986733
4167        0.0877661691542
4178        0.0149419568823
4181        0.103393034826
4183        0.217431177446
4184        0.0418109452736
4187        0.0604361525705
4193        0.0572968490879
4195        0.0547777777778
4197        0.101693200663
4198        0.0868971807629
4200        0.265532338308
4201        0.0207296849088
4203        0.0743946932007
4205        0.0839651741294
4208        0.155026533997
4213        0.0921641791045
4214        0.0392686567164
4215        0.0271890547264
4216        0.0408756218905
4217        0.037048092869
4219        0.0206202321725
4221        0.0303250414594
4222        0.0672139303483
4223        0.0684394693201
4230        0.176184079602
4231        0.114782752902
4232        0.0752520729685
4239        0.0498043117745
4243        0.072184079602
4247        0.0472653399668
4251        0.0536948590381
4252        0.0332072968491
4257        0.0597213930348
4258        0.113290215589
4259        0.110014925373
4261        0.114932006633
4262        0.0453814262023
4269        0.104338308458
4270        0.073951907131
4271        0.0509966832504
4272        0.0474112769486
4274        0.0850464344942
4277        0.0758192371476
4278        0.10092039801
4279        0.0600331674959
4281        0.054368159204
4283        0.0574610281924
4284        0.0673714759536
4285        0.0574941956882
4286        0.0446749585406
4292        0.0666152570481
4293        0.070039800995
4306        0.058951907131
4309        0.147618573798
4310        0.0669137645108
4314        0.13571641791
4319        0.0975306799337
4327        0.09892039801
4352        0.111986733002
4354        0.103228855721
4355        0.14028026534
4356        0.048328358209
4358        0.112575456053
4359        0.0563582089552
4364        0.112454394693
4366        0.0272072968491
4372        0.048815920398
4373        0.0927694859038
4374        0.125354892206
4376        0.102553897181
4377        0.0606600331675
4387        0.0317014925373
4390        0.0770431177446
4393        0.0681973466003
4433        0.0975820895522
4434        0.0315505804312
4436        0.23039800995
4437        0.0589800995025
4444        0.0596965174129
4452        0.103766169154
4454        0.0850248756219
4456        0.0713714759536
4459        0.113061359867
4465        0.0562703150912
2110        0.0635373134328
4470        0.0367412935323
4472        0.122915422886
4475        0.0595207296849
4480        0.0229402985075
4481        0.0286285240464
4482        0.0315505804312
4483        0.0316849087894
4484        0.0247296849088
4485        0.0260530679934
4486        0.0249137645108
4487        0.0217562189055
4488        0.0192487562189
4489        0.0343184079602
4490        0.023535655058
4492        0.105376451078
4493        0.00458374792703
4495        0.10279933665
4496        0.0608756218905
4509        0.0398822553897
4511        0.131192371476
4513        0.112983416252
4515        0.112376451078
4519        0.0529187396352
4521        0.0547180762852
4527        0.186384742952
4534        0.166804311774
4535        0.0587645107794
4538        0.0470762852405
4539        0.0572006633499
4540        0.235903814262
4543        0.0573399668325
4544        0.216066334992
4546        0.0155422885572
4550        0.0996915422886
4553        0.102258706468
4554        0.0340862354892
4565        0.249709784411
4568        0.0287827529022
4573        0.0572222222222
4574        0.0666733001658
4583        0.122885572139
4587        0.107404643449
4589        0.168945273632
4592        0.0727263681592
4595        0.0136948590381
4596        0.12488225539
4599        0.130373134328
4600        0.104315091211
4605        0.0153184079602
4608        0.061688225539
4609        0.101852404643
4610        0.0243847429519
4611        0.0419784411277
2134        0.0587396351575
4614        0.0663797678275
4616        0.0167777777778
4617        0.015368159204
4618        0.045728026534
4619        0.0327810945274
4621        0.047543946932
4622        0.0113383084577
4623        0.0884046434494
4624        0.0405140961857
4627        0.0572404643449
4628        0.0497877280265
4630        0.0134378109453
4631        0.0583333333333
772        0.0261558872305
4634        0.0287479270315
4637        0.180348258706
4639        0.0232520729685
4641        0.0439800995025
4642        0.0496500829187
4643        0.051776119403
4644        0.0463548922056
4645        0.112877280265
4646        0.0269684908789
4647        0.0366550580431
4648        0.127140961857
4650        0.0112189054726
4651        0.112852404643
4652        0.0327131011609
4654        0.0363797678275
4655        0.0493466003317
4656        0.0363266998342
4657        0.0244046434494
4658        0.0350016583748
4660        0.0234394693201
4662        0.0464792703151
4663        0.0162172470978
4665        0.0233781094527
4666        0.0789668325041
4668        0.0299021558872
4669        0.0842935323383
4670        0.0670232172471
4672        0.0524709784411
4673        0.137270315091
4675        0.0875406301824
4677        0.105266998342
4678        0.0996517412935
4680        0.112220563847
4681        0.104960199005
4682        0.13571973466
4683        0.020776119403
4684        0.0312752902156
4685        0.098583747927
4686        0.0871243781095
4688        0.0825688225539
4690        0.043135986733
4691        0.123096185738
4692        0.0993797678275
4693        0.117348258706
4694        0.23156053068
4695        0.109008291874
4696        0.0410265339967
4698        0.0957346600332
4700        0.0395688225539
4702        0.102870646766
4703        0.0984660033167
4704        0.122154228856
4705        0.0530281923715
4706        0.0617545605307
4707        0.0422537313433
4708        0.0389983416252
10342        0.107688225539
4710        0.0755174129353
4711        0.103427860697
4713        0.105014925373
4714        0.0413084577114
4716        0.102913764511
4719        0.0326865671642
4720        0.0650232172471
4722        0.165724709784
4723        0.0565771144279
4724        0.0916268656716
4725        0.193520729685
4727        0.060767827529
4728        0.113797678275
4729        0.0697645107794
4730        0.0392122719735
4732        0.0994610281924
4733        0.0618457711443
4736        0.0570597014925
4738        0.0255190713101
4739        0.0614759535655
4740        0.038416252073
4741        0.0543316749585
4742        0.093535655058
4744        0.0164411276949
4745        0.0736285240464
4746        0.0356981757877
4747        0.0411310116086
4748        0.042943615257
4749        0.0404145936982
4750        0.0969651741294
4755        0.117170812604
4757        0.0324908789386
4759        0.0989170812604
4760        0.130913764511
4761        0.10904145937
4762        0.0349834162521
4763        0.0297048092869
4765        0.0925538971808
4766        0.0862139303483
4767        0.023407960199
4768        0.108825870647
4773        0.0355074626866
4774        0.170547263682
4776        0.0805854063018
4777        0.100467661692
4778        0.126683250415
4780        0.142223880597
4783        0.0486832504146
4786        0.0920364842454
4787        0.09764013267
4788        0.103708126036
4790        0.0570199004975
4791        0.0491160862355
4792        0.0500364842454
4793        0.0380182421227
4794        0.0384129353234
4795        0.012320066335
4797        0.0316218905473
4798        0.05835986733
4799        0.104018242123
4800        0.02835986733
4801        0.0415903814262
4803        0.0793615257048
4804        0.0324925373134
4805        0.0956815920398
4807        0.0113515754561
4808        0.040679933665
4853        0.0321326699834
4854        0.0665456053068
4855        0.0246898839138
4857        0.035447761194
4860        0.0491542288557
4861        0.0725804311774
4908        0.0588291873964
4911        0.120391376451
4912        0.049407960199
4913        0.0714145936982
4922        0.0520149253731
4923        0.0605655058043
4926        0.182525704809
4927        0.0392255389718
4940        0.144742951907
4946        0.0677993366501
4947        0.0647330016584
4952        0.0485671641791
4958        0.089728026534
4959        0.1408026534
4963        0.117462686567
4966        0.0656185737977
4967        0.0598888888889
4968        0.165019900498
4969        0.235663349917
4979        0.0560613598673
4982        0.0287296849088
4983        0.0902404643449
4984        0.07807960199
4989        0.0763150912106
4993        0.0402868988391
4996        0.0631094527363
4999        0.05271973466
5000        0.232673300166
5002        0.0882023217247
5003        0.1007960199
5004        0.0581426202322
5006        0.130202321725
5009        0.096855721393
5011        0.0271575456053
5024        0.0910298507463
5033        0.108373134328
5041        0.0853946932007
5046        0.104378109453
5048        0.115172470978
5049        0.102809286899
5050        0.0601160862355
5051        0.0521956882255
5053        0.0614626865672
5056        0.106175787728
5058        0.00593532338308
5071        0.0655505804312
5072        0.0737960199005
5074        0.036807628524
5075        0.0249237147595
5076        0.151862354892
5078        0.048056384743
5081        0.0593482587065
5085        0.0220646766169
5086        0.0668391376451
5088        0.110895522388
5089        0.195658374793
5097        0.13335986733
5099        0.0110066334992
5101        0.0899635157546
5105        0.0537645107794
5106        0.0581077943615
5107        0.0569950248756
5109        0.0972189054726
5119        0.0687263681592
5188        0.0373714759536
5200        0.0243184079602
5202        0.0274361525705
5203        0.00722388059701
5205        0.0272072968491
5206        0.0371641791045
5207        0.0295323383085
5208        0.0302587064677
5209        0.0207910447761
5210        0.0339452736318
5211        0.0272786069652
5212        0.0198955223881
5213        0.0314875621891
5214        0.0153449419569
5215        0.0203548922056
5217        0.0331674958541
5218        0.0379402985075
5220        0.0329651741294
5232        0.0277330016584
5234        0.0232985074627
5235        0.035320066335
5240        0.023048092869
5241        0.0288524046434
5248        0.0386434494196
5251        0.0257993366501
5256        0.018144278607
5303        0.032456053068
5309        0.0326285240464
5323        0.0305456053068
5324        0.0311111111111
5339        0.045447761194
5377        0.142902155887
5378        0.264461028192
5379        0.0639303482587
5380        0.0137081260365
5381        0.0099767827529
5382        0.065903814262
5384        0.119291873964
5385        0.066048092869
5387        0.00165339966833
5388        0.253606965174
5389        0.0862819237148
5390        0.218437810945
5391        0.0650746268657
5392        0.0308772802653
5393        0.0236252072968
5394        0.0347081260365
5395        0.0326849087894
5396        0.0379320066335
5397        0.0357247097844
5398        0.0671525704809
5399        0.0339054726368
5400        0.216388059701
5401        0.114361525705
5402        0.0072056384743
5403        0.0941210613599
5405        0.0707877280265
5407        0.102978441128
5408        0.0745903814262
5409        0.184524046434
5410        0.132135986733
5412        0.0889535655058
5413        0.266134328358
5414        0.0378258706468
5415        0.0902852404643
5416        0.102233830846
5417        0.145384742952
5418        0.198255389718
5421        0.017592039801
5422        0.0904129353234
5423        0.0297313432836
5424        0.0633665008292
5425        0.0604494195688
5426        0.0692819237148
5427        0.117048092869
5428        0.015127694859
5429        0.0297296849088
5430        0.120192371476
5431        0.0178905472637
5432        0.0289253731343
5433        0.0110381426202
5434        0.0704013266998
5435        0.0606517412935
5436        0.0434145936982
5441        0.0167412935323
5442        0.00551409618574
5443        0.0168689883914
5444        0.00850746268657
5445        0.0194295190713
5446        0.00724212271973
5447        0.001864013267
5448        0.0171227197347
5449        0.00186733001658
5450        0.00315588723051
5451        0.00722056384743
2274        0.0206102819237
5455        0.0177877280265
5456        0.00315257048093
5457        0.00739469320066
5459        0.268250414594
5462        0.221049751244
5463        0.0273084577114
2276        0.123568822554
5466        0.0864543946932
5467        0.00313266998342
5468        0.00199834162521
5469        0.0484792703151
5470        0.00996849087894
5471        0.00194029850746
5474        0.0536351575456
5479        0.0417081260365
5480        0.0127048092869
5481        0.102749585406
5482        0.0765273631841
5483        0.105555555556
5484        0.0897296849088
5486        0.104935323383
5490        0.0952885572139
5491        0.149661691542
5492        0.0227645107794
5494        0.0669353233831
5495        0.013943615257
5496        0.176807628524
5498        0.0137877280265
5499        0.0451658374793
5500        0.0818325041459
5501        0.0609270315091
5503        0.0970762852405
5505        0.0326202321725
5506        0.0422023217247
5507        0.0340829187396
5509        0.0922769485904
5510        0.090504145937
5511        0.115339966833
5512        0.0363233830846
5513        0.0179850746269
5516        0.00985572139303
5517        0.0749187396352
5518        0.0459452736318
5519        0.151414593698
5520        0.0296434494196
5521        0.0417661691542
5522        0.0981243781095
5532        0.0208059701493
5533        0.05635986733
5535        0.044127694859
5536        0.0704859038143
5537        0.0191674958541
5539        0.0979883913765
5540        0.112293532338
5543        0.0258789386401
5547        0.025807628524
5548        0.0292388059701
5549        0.0879651741294
5551        0.139106135987
5553        0.00878441127695
5554        0.0257827529022
5556        0.18691708126
5557        0.143671641791
5558        0.026056384743
5559        0.148101160862
5560        0.0572089552239
5561        0.0621956882255
5563        0.022
5564        0.103983416252
5565        0.0328208955224
5567        0.00753233830846
5568        0.0218126036484
5569        0.0167263681592
5571        0.143339966833
5572        0.00429684908789
5573        0.00320066334992
5577        0.111207296849
5578        0.0286451077944
5580        0.0740016583748
5582        0.0593747927032
5583        0.0960862354892
5586        0.0692189054726
5587        0.0725074626866
5588        0.0672603648425
5589        0.0567529021559
5590        0.133149253731
5592        0.0164245439469
5594        0.101976782753
5595        0.0967296849088
5596        0.0137512437811
5597        0.0180613598673
5598        0.00732338308458
5599        0.0608739635158
5600        0.0438275290216
5603        0.0631641791045
5604        0.110137645108
5606        0.0611658374793
5607        0.135845771144
5609        0.0355970149254
5610        0.0933665008292
5611        0.0780132669983
5612        0.0288325041459
5615        0.0648325041459
5617        0.101417910448
5618        0.0565505804312
5619        0.013688225539
5620        0.0472752902156
5621        0.147701492537
5622        0.0755389718076
5623        0.107046434494
5625        0.0292056384743
5627        0.0138192371476
5628        0.084776119403
5629        0.0564825870647
5630        0.0983582089552
5631        0.129819237148
5632        0.185781094527
5639        0.0549751243781
5641        0.07535986733
5645        0.0801293532338
5646        0.254734660033
5648        0.059776119403
5650        0.221487562189
5651        0.117393034826
5652        0.101986733002
5653        0.0125257048093
5655        0.0710381426202
5656        0.0983631840796
5661        0.0533233830846
5662        0.148502487562
5666        0.114809286899
5668        0.0536550580431
5669        0.223893864013
5671        0.155134328358
5672        0.102124378109
5673        0.0978905472637
5674        0.0541575456053
5675        0.0509834162521
5676        0.0868308457711
5677        0.048464344942
5678        0.0708739635158
5679        0.0735820895522
5680        0.0514046434494
5681        0.0686135986733
5682        0.0722686567164
5683        0.253213930348
5684        0.0990315091211
5687        0.0804145936982
5688        0.0493051409619
5689        0.0587562189055
5691        0.0590845771144
5692        0.0318673300166
5693        0.0809950248756
5696        0.265517412935
5698        0.095671641791
5700        0.0547081260365
5702        0.059407960199
5703        0.0496285240464
5704        0.0488606965174
5705        0.136779436153
5706        0.0619834162521
5710        0.0555572139303
5712        0.100512437811
5713        0.0757844112769
5714        0.10260199005
5719        0.02471973466
5723        0.0634311774461
5726        0.131529021559
5727        0.180134328358
5730        0.0404975124378
5731        0.0616053067993
5736        0.0911940298507
5737        0.105694859038
5738        0.142966832504
5739        0.0239734660033
5742        0.0393233830846
5743        0.0497529021559
5745        0.00719237147595
5746        0.0504444444444
5749        0.0493980099502
5750        0.0658872305141
5754        0.0510315091211
5755        0.015495854063
5756        0.128897180763
5760        0.120611940299
5761        0.129537313433
5762        0.0686533996683
5763        0.0922537313433
5765        0.0611674958541
5767        0.0733864013267
5768        0.117736318408
5769        0.0746301824212
5771        0.10047761194
5772        0.0957031509121
5773        0.107975124378
5774        0.0770215588723
5778        0.122854063018
5779        0.149326699834
5784        0.167938640133
5786        0.0461061359867
5788        0.0740116086235
5789        0.0577877280265
5790        0.0593001658375
5792        0.0742868988391
5794        0.0654676616915
5798        0.0865704809287
5836        0.0300281923715
5839        0.0304145936982
5846        0.0217860696517
5855        0.0152155887231
5856        0.104109452736
5872        0.0510066334992
5881        0.0221243781095
5922        0.0137114427861
5927        0.0537131011609
5952        0.0528009950249
6057        0.0728374792703
6059        0.049416252073
6061        0.134898839138
6062        0.111731343284
6063        0.052679933665
6064        0.0790248756219
6065        0.109426202322
6066        0.211323383085
6067        0.0964875621891
6068        0.0431492537313
6070        0.076048092869
6071        0.0719386401327
6072        0.0882835820896
6073        0.11548092869
6076        0.111388059701
6077        0.119089552239
6078        0.158160862355
6079        0.167887230514
6080        0.101361525705
6081        0.152524046434
6082        0.209597014925
10571        0.115474295191
6086        0.100441127695
6088        0.0208822553897
6089        0.0272255389718
6091        0.0572736318408
6095        0.144570480929
6097        0.0531127694859
6104        0.113980099502
6106        0.0164394693201
6107        0.0337960199005
6108        0.0448524046434
6109        0.0620447761194
6112        0.0525174129353
6113        0.264451077944
6114        0.055504145937
6115        0.0687562189055
6116        0.0549054726368
6121        0.00325870646766
6122        0.0695008291874
6123        0.167800995025
6127        0.072543946932
6128        0.149417910448
6129        0.112893864013
6130        0.106860696517
6136        0.0970049751244
6137        0.130086235489
6138        0.0625505804312
6139        0.0651293532338
6140        0.147333333333
6142        0.0573300165837
6143        0.0687230514096
6144        0.051368159204
6147        0.134180762852
6159        0.0492736318408
6161        0.0520746268657
6163        0.0405621890547
6164        0.090407960199
6165        0.116505804312
6166        0.0615456053068
6167        0.101744610282
6171        0.0183466003317
6172        0.237550580431
6174        0.051736318408
6178        0.0767330016584
6179        0.048407960199
6180        0.0400978441128
6181        0.104293532338
6185        0.061135986733
6187        0.0788623548922
6188        0.132071310116
6192        0.0175091210614
6194        0.136416252073
6195        0.106505804312
6196        0.252842454395
6197        0.104046434494
6198        0.0979386401327
6199        0.0852686567164
6200        0.0644245439469
6201        0.148464344942
6202        0.103245439469
6203        0.164149253731
6205        0.132936981758
6210        0.0538623548922
6213        0.069008291874
6214        0.0554278606965
6217        0.0536368159204
6218        0.172205638474
6220        0.0688059701493
6223        0.0440364842454
6225        0.111890547264
6226        0.0631409618574
6227        0.107864013267
6228        0.0660497512438
6233        0.0496749585406
6234        0.107608623549
6235        0.236603648425
6239        0.0247860696517
6241        0.0389054726368
6242        0.0648407960199
6243        0.0989883913765
6245        0.197587064677
6248        0.15903814262
6249        0.0616218905473
6250        0.0867976782753
6254        0.0638424543947
6255        0.115762852405
6258        0.0709303482587
6259        0.187865671642
6260        0.0620066334992
6261        0.151742951907
6263        0.0631509121061
6266        0.107270315091
6269        0.0348573797678
6283        0.0845339966833
6285        0.0786252072968
6287        0.0856583747927
6289        0.0621061359867
6292        0.0848291873964
6294        0.0870165837479
6295        0.118313432836
6296        0.0427180762852
6297        0.0716351575456
6299        0.11792371476
6301        0.0562039800995
6302        0.145510779436
6303        0.0985737976783
6305        0.0697512437811
6306        0.0772504145937
6307        0.0420862354892
6308        0.0830132669983
6309        0.0498026533997
6310        0.0568507462687
6313        0.0698955223881
6314        0.0864709784411
6315        0.0432072968491
6317        0.113815920398
6319        0.108469320066
6320        0.13635655058
6322        0.099552238806
6325        0.0700928689884
6326        0.0595422885572
6327        0.11968159204
6331        0.0694626865672
6332        0.0901028192371
6334        0.104578772803
6335        0.0584593698176
6342        0.0231127694859
6345        0.157804311774
6347        0.227709784411
6348        0.0589087893864
6349        0.0512553897181
6350        0.098048092869
6351        0.0633499170813
6352        0.178144278607
6354        0.127192371476
6355        0.119341625207
6357        0.0472189054726
6358        0.0561857379768
6359        0.101925373134
6362        0.0572553897181
6364        0.0640845771144
6365        0.110489220564
6367        0.0607014925373
6368        0.0540315091211
6369        0.0406699834163
6371        0.132932006633
6372        0.0984925373134
6373        0.0844842454395
6375        0.0621774461028
6376        0.121888888889
6377        0.0123150912106
6379        0.102888888889
6380        0.0926069651741
6381        0.0929054726368
6382        0.111832504146
6383        0.0702338308458
6384        0.0969071310116
6385        0.0972421227197
6386        0.0984361525705
6387        0.0916434494196
8396        0.0337611940299
6390        0.0615273631841
6391        0.137112769486
6392        0.0659767827529
6394        0.139606965174
6395        0.123046434494
6396        0.0567628524046
6400        0.0902951907131
6401        0.0644742951907
6402        0.100202321725
6404        0.0543731343284
6405        0.10856384743
6406        0.0504991708126
6407        0.0263101160862
6409        0.068311774461
6410        0.052192371476
6411        0.0473781094527
6412        0.0657877280265
6413        0.0634892205638
6419        0.10520066335
6423        0.0991608623549
6425        0.0561973466003
6427        0.14635655058
6428        0.100587064677
6429        0.0538524046434
6430        0.0539485903814
6431        0.10448092869
6432        0.126467661692
6433        0.0924278606965
6434        0.117792703151
6435        0.0658971807629
6437        0.105152570481
6441        0.05128026534
6448        0.107432835821
6449        0.0520497512438
6450        0.0480381426202
6451        0.0989850746269
6453        0.260580431177
6455        0.100288557214
6456        0.134285240464
6458        0.144998341625
6459        0.110140961857
6460        0.107187396352
6461        0.256946932007
6462        0.080056384743
6463        0.109772802653
6465        0.0505820895522
6467        0.235709784411
6468        0.137985074627
6469        0.159290215589
6470        0.107409618574
6471        0.0279701492537
6472        0.0866351575456
6473        0.0705323383085
6474        0.112315091211
6476        0.0725472636816
6477        0.0639767827529
6478        0.221127694859
6480        0.0930431177446
6481        0.082592039801
6482        0.0971061359867
6484        0.0799966832504
6487        0.0485273631841
6488        0.0388656716418
6494        0.0203665008292
6495        0.0124660033167
6496        0.0563349917081
6498        0.0576915422886
6499        0.0976102819237
6501        0.0580315091211
6502        0.143819237148
6503        0.0943764510779
6505        0.150620232172
6507        0.0708971807629
6508        0.0299452736318
6512        0.0714212271973
6515        0.0555887230514
6517        0.0928756218905
6521        0.12972305141
6525        0.122492537313
6527        0.0955588723051
6534        0.0429751243781
6535        0.0606782752902
6536        0.0591094527363
6537        0.021767827529
6539        0.0447330016584
6540        0.102227197347
6541        0.10583747927
6542        0.086184079602
6543        0.0364245439469
6545        0.093399668325
6547        0.0354975124378
6549        0.0549386401327
6551        0.0523449419569
6552        0.0616567164179
6553        0.22375787728
6554        0.10903814262
6555        0.101087893864
6561        0.148069651741
6562        0.107190713101
6563        0.149233830846
6565        0.0607131011609
6566        0.123295190713
6567        0.0137993366501
6568        0.0661873963516
6569        0.0615339966833
6570        0.0645854063018
6571        0.100293532338
6575        0.107610281924
6576        0.100381426202
6577        0.0998424543947
6580        0.122751243781
6582        0.104752902156
6583        0.125767827529
6584        0.0453001658375
6586        0.0540779436153
6587        0.0992868988391
6588        0.0901243781095
6589        0.0712835820896
6590        0.0272553897181
6591        0.0528109452736
6592        0.0721558872305
6593        0.0554660033167
6595        0.0381376451078
6597        0.169502487562
6600        0.0686533996683
6601        0.109495854063
6603        0.0565771144279
6604        0.103180762852
6606        0.102378109453
6607        0.052855721393
6614        0.0672388059701
6618        0.0997379767828
6619        0.0961310116086
6620        0.102116086235
6621        0.0577213930348
6623        0.105273631841
6629        0.0615903814262
6630        0.0591857379768
6633        0.0150431177446
6635        0.0657562189055
6637        0.0598590381426
6638        0.0353731343284
6639        0.050991708126
6640        0.074767827529
6641        0.0946998341625
6644        0.0437114427861
6646        0.0585688225539
6648        0.0591724709784
6650        0.0963565505804
6653        0.0599983416252
6654        0.0592669983416
6656        0.0820182421227
6658        0.0314378109453
6659        0.109562189055
6660        0.215686567164
6661        0.118701492537
6662        0.0255721393035
6663        0.0367230514096
6664        0.149630182421
6665        0.0856384742952
6666        0.058456053068
6667        0.00687562189055
6668        0.0359054726368
6669        0.0607263681592
6670        0.0882968490879
6671        0.00593366500829
6673        0.0123001658375
6675        0.0576699834163
6677        0.0574527363184
6678        0.0343432835821
6679        0.130724709784
6680        0.140864013267
6681        0.0285621890547
6682        0.0792985074627
6683        0.136565505804
6684        0.0511426202322
6685        0.147457711443
6686        0.0577131011609
6687        0.0802852404643
6688        0.0659800995025
6689        0.0555174129353
6690        0.0458507462687
6691        0.0112669983416
6694        0.0355936981758
6695        0.0419784411277
6696        0.0924063018242
6697        0.0651459369818
6702        0.00561194029851
6703        0.0177562189055
6705        0.0718258706468
6706        0.0497263681592
6707        0.053592039801
6708        0.0587512437811
6709        0.0175008291874
6711        0.00598507462687
6713        0.0955140961857
6714        0.0231873963516
6715        0.0228142620232
6716        0.16163681592
6717        0.0501293532338
6718        0.0730862354892
6719        0.0995024875622
6720        0.0371708126036
6721        0.0602172470978
6722        0.0260381426202
6723        0.0128689883914
6726        0.0285472636816
6727        0.0942786069652
6728        0.0738955223881
6729        0.0273532338308
6730        0.110097844113
6731        0.01964013267
6732        0.0623167495854
6733        0.0377313432836
6734        0.0568772802653
6735        0.0685406301824
6737        0.0564543946932
6738        0.03528026534
6739        0.0218706467662
6740        0.0187827529022
6741        0.080039800995
6742        0.190330016584
6743        0.0269353233831
6744        0.00994029850746
6745        0.178774461028
6746        0.023311774461
6747        0.0637147595357
6750        0.00433665008292
6751        0.0574344941957
6752        0.0744991708126
6753        0.0952421227197
6754        0.130572139303
6755        0.0803714759536
6756        0.0179452736318
6757        0.0829452736318
6758        0.0951509121061
6760        0.0653333333333
6761        0.0561260364842
6762        0.160011608624
6763        0.0434925373134
6764        0.0366451077944
6765        0.195348258706
6769        0.030096185738
6770        0.0503051409619
6771        0.0508955223881
6772        0.0601658374793
6773        0.0325605306799
6774        0.143772802653
6776        0.0516766169154
6778        0.064087893864
6779        0.129673300166
6782        0.00961028192371
6783        0.1132039801
6784        0.00443615257048
6785        0.0286749585406
6787        0.0330099502488
6790        0.0595704809287
6792        0.219069651741
6793        0.0509618573798
6795        0.0406550580431
6796        0.0096583747927
6798        0.0290729684909
6799        0.0473333333333
6800        0.0261492537313
6802        0.089728026534
6803        0.0336185737977
6804        0.0272089552239
6805        0.133330016584
6806        0.117925373134
6807        0.0114875621891
6809        0.0140033167496
6810        0.00821227197347
6812        0.00599668325041
6813        0.11756384743
6819        0.0160149253731
6820        0.0112620232172
2502        0.0672752902156
6822        0.0138855721393
6825        0.0393101160862
6826        0.055
6827        0.0699237147595
6829        0.0806583747927
6830        0.161270315091
10696        0.113533996683
6834        0.0257611940299
6835        0.0431940298507
6837        0.0404494195688
6840        0.00848258706468
6841        0.175202321725
6844        0.0483532338308
6845        0.032399668325
6846        0.0596334991708
6847        0.0399751243781
6848        0.0322868988391
6849        0.0667993366501
6850        0.0723648424544
6851        0.00712935323383
6852        0.0541857379768
6853        0.0377512437811
6855        0.0940431177446
6856        0.0232935323383
6858        0.0246782752902
6859        0.131509121061
6863        0.0825273631841
6864        0.027223880597
6865        0.0125373134328
6866        0.100981757877
6867        0.00720729684909
6868        0.00177446102819
6870        0.102490878939
6871        0.0346517412935
6873        0.12264013267
6875        0.00703814262023
6876        0.0196102819237
6878        0.0312487562189
6879        0.0578772802653
6880        0.00183747927032
6881        0.0548772802653
6882        0.0296135986733
6883        0.036807628524
6884        0.0176898839138
6886        0.00582255389718
6887        0.0288656716418
6888        0.029679933665
6893        0.0414179104478
6894        0.0689983416252
6896        0.0136849087894
6897        0.0607744610282
10707        0.0601608623549
6900        0.140059701493
6901        0.0193316749585
6902        0.114411276949
6903        0.0290033167496
6904        0.0424394693201
6905        0.12255721393
6906        0.0613051409619
6912        0.0570530679934
6913        0.0550729684909
6916        0.0598888888889
6922        0.0528325041459
6924        0.0297728026534
6925        0.0986633499171
6931        0.0627429519071
6932        0.112268656716
6933        0.0578888888889
6936        0.0407114427861
6938        0.132978441128
6939        0.18343946932
6941        0.100092868988
6942        0.0843631840796
6944        0.149572139303
6946        0.0494825870647
6947        0.10999668325
6948        0.0711873963516
6949        0.108538971808
6950        0.0414908789386
6954        0.0623880597015
6955        0.134908789386
6957        0.0233913764511
6967        0.111464344942
6969        0.0865174129353
6971        0.0586865671642
6973        0.139489220564
6975        0.0520597014925
6979        0.0677462686567
6981        0.0963548922056
6983        0.0897578772803
6984        0.0351061359867
6986        0.070903814262
6989        0.101776119403
6990        0.0351144278607
6991        0.0809419568823
6992        0.111817578773
6993        0.151625207297
6994        0.039087893864
6995        0.0523980099502
6996        0.0616749585406
6997        0.0702868988391
6998        0.076552238806
7003        0.0316301824212
7006        0.0394543946932
7014        0.0548938640133
7015        0.125542288557
7016        0.0865257048093
7017        0.136839137645
7018        0.185590381426
7019        0.158543946932
7020        0.0166169154229
7021        0.064824212272
7022        0.0634510779436
7023        0.154777777778
7026        0.106237147595
7029        0.0420182421227
7033        0.0629369817579
7035        0.104847429519
7037        0.13092371476
7038        0.0217263681592
7040        0.0590928689884
7041        0.0736600331675
7042        0.0286218905473
7043        0.0567230514096
7044        0.0714494195688
7046        0.05892039801
7047        0.0561907131012
7050        0.016504145937
7051        0.102638474295
7052        0.0544742951907
7053        0.0561625207297
7054        0.0549054726368
7055        0.0611658374793
7057        0.0906384742952
7058        0.0849402985075
7061        0.0653946932007
7062        0.0497495854063
7064        0.0649834162521
7065        0.132570480929
7066        0.0765024875622
7068        0.0940646766169
7070        0.112217247098
7071        0.0554975124378
7078        0.142494195688
7079        0.109260364842
7080        0.0179320066335
7087        0.020311774461
7089        0.041144278607
7091        0.0404344941957
7092        0.111265339967
7095        0.0903532338308
7096        0.0912835820896
7098        0.0986019900498
7101        0.0600978441128
7105        0.10972305141
7106        0.0799651741294
7107        0.0579386401327
7113        0.106804311774
7115        0.12720066335
7120        0.0270298507463
7122        0.0504295190713
7124        0.0599618573798
7125        0.0162454394693
7127        0.0888623548922
7128        0.055864013267
7132        0.04807960199
7133        0.110323383085
7137        0.0437661691542
7138        0.0566252072968
7139        0.102797678275
7140        0.111905472637
7143        0.0449386401327
7144        0.11144278607
7147        0.105177446103
7148        0.101666666667
7151        0.0948872305141
7152        0.0908905472637
7153        0.0525406301824
7157        0.0562255389718
7160        0.10976119403
7163        0.0744825870647
7168        0.0900199004975
7169        0.0941376451078
7170        0.194190713101
7174        0.0742968490879
7176        0.106499170813
7177        0.050864013267
7178        0.0600995024876
7179        0.116457711443
7180        0.104210613599
7181        0.0945339966833
7183        0.0472072968491
7188        0.0741409618574
7189        0.139419568823
7192        0.0404411276949
7193        0.0475140961857
7194        0.110230514096
7195        0.0312868988391
7199        0.0471542288557
7200        0.0630729684909
7201        0.135449419569
7203        0.109932006633
7206        0.103334991708
7207        0.0708540630182
7208        0.0560895522388
7212        0.0778374792703
7217        0.0531824212272
7219        0.145933665008
7220        0.0597562189055
7222        0.0886334991708
7223        0.0742172470978
7224        0.103628524046
7226        0.100323383085
7227        0.108074626866
7228        0.098951907131
7229        0.123553897181
7234        0.0533930348259
7235        0.0837777777778
7239        0.0818275290216
7250        0.081631840796
7252        0.0453167495854
7253        0.0634941956882
7254        0.108424543947
7255        0.0611376451078
7256        0.0468009950249
7257        0.054263681592
7258        0.132252072968
7260        0.112820895522
7261        0.0671956882255
7263        0.0852089552239
7264        0.0572305140962
7265        0.0482603648425
7267        0.0620663349917
7268        0.0631028192371
7269        0.11856053068
7271        0.073008291874
7275        0.0726533996683
7276        0.0406998341625
7277        0.0198043117745
7279        0.0672752902156
7281        0.0651956882255
7282        0.0899552238806
7283        0.0928623548922
7284        0.105271973466
7288        0.0563051409619
7289        0.0599767827529
7290        0.0573300165837
7291        0.0513432835821
7292        0.0736334991708
7293        0.0539966832504
7294        0.0497263681592
7296        0.107373134328
7298        0.0294742951907
7300        0.121829187396
7301        0.009728026534
7303        0.142185737977
7304        0.0539021558872
7306        0.0138341625207
7307        0.0221807628524
7308        0.0496218905473
7312        0.0573051409619
7313        0.00457545605307
7314        0.110484245439
7315        0.0541625207297
7317        0.062096185738
7318        0.0644941956882
7319        0.0645124378109
7321        0.064087893864
7322        0.0807578772803
7323        0.0487147595357
7325        0.0429552238806
7326        0.0143731343284
7332        0.0653532338308
7333        0.0672255389718
7334        0.0629983416252
7336        0.0641310116086
7337        0.0786019900498
7338        0.102006633499
7340        0.0501210613599
7341        0.104039800995
7342        0.0639718076285
7343        0.10860199005
7344        0.0531824212272
7345        0.0621890547264
7346        0.00588391376451
7349        0.043535655058
7351        0.0151210613599
7353        0.0686434494196
7354        0.136787728027
7358        0.107305140962
7359        0.0953515754561
7360        0.0616467661692
7361        0.042688225539
7362        0.0879701492537
7363        0.0928026533997
7365        0.0806086235489
7366        0.0414029850746
7367        0.063311774461
7368        0.0544129353234
7369        0.0937794361526
7370        0.0208756218905
7372        0.0905290215589
7374        0.164704809287
7377        0.0468822553897
7382        0.0359684908789
7385        0.147258706468
7386        0.0957794361526
7391        0.0657645107794
7393        0.0259286898839
7396        0.020328358209
7397        0.0495024875622
7398        0.0341376451078
7410        0.0499767827529
7414        0.0363432835821
7416        0.0353383084577
7417        0.0528424543947
7420        0.0578905472637
7424        0.0712935323383
7425        0.0741243781095
7426        0.121583747927
7427        0.0686036484245
7430        0.114932006633
7431        0.0582354892206
7432        0.0604776119403
7433        0.0626152570481
7434        0.117963515755
7435        0.0709585406302
7438        0.0718325041459
7439        0.0884427860697
7441        0.0682703150912
7442        0.100222222222
7443        0.0114394693201
7445        0.0430514096186
7452        0.0973084577114
7459        0.0645074626866
7460        0.0244427860697
7462        0.0540464344942
7466        0.0682504145937
7470        0.0893101160862
7473        0.115575456053
7474        0.133461028192
7475        0.0461774461028
7476        0.0222172470978
7477        0.0290348258706
7479        0.100311774461
7480        0.0740033167496
7482        0.0761343283582
7483        0.0583018242123
7485        0.0229419568823
7486        0.0299402985075
7489        0.0338358208955
7490        0.0821177446103
7491        0.0417794361526
7496        0.0314726368159
7497        0.0493333333333
7498        0.0158524046434
7499        0.0286749585406
7500        0.113147595357
7501        0.153731343284
7502        0.0657661691542
7503        0.0544809286899
7506        0.0440547263682
7511        0.0673266998342
7512        0.0756069651741
7514        0.0208142620232
7515        0.0782918739635
7518        0.0937562189055
7521        0.0620995024876
7525        0.0723781094527
7527        0.048087893864
7544        0.0638573797678
7545        0.0463399668325
7556        0.0316218905473
7557        0.0428888888889
7558        0.0476583747927
7559        0.0598888888889
7561        0.0493366500829
7562        0.0241293532338
7563        0.0231011608624
7564        0.00850580431177
7565        0.0483018242123
7567        0.0574626865672
7569        0.0203184079602
7570        0.0315704809287
7571        0.0309253731343
7572        0.0336849087894
7573        0.0295074626866
7574        0.0299767827529
7577        0.0256766169154
7578        0.053144278607
7579        0.00729353233831
7580        0.0139535655058
7581        0.039328358209
7582        0.0355804311774
7585        0.04407960199
7586        0.0629270315091
7589        0.0461973466003
7590        0.103300165837
7594        0.122570480929
7604        0.0137462686567
7605        0.0410348258706
7613        0.0286932006633
7616        0.0879834162521
7621        0.0153018242123
7631        0.021688225539
7632        0.0285887230514
7633        0.0620348258706
7637        0.0258490878939
7644        0.0391542288557
7646        0.0574063018242
7687        0.0516849087894
7724        0.102772802653
7725        0.13428358209
7726        0.0541376451078
7731        0.102451077944
7734        0.0757694859038
7736        0.0591111111111
7737        0.114547263682
7739        0.0513184079602
7742        0.0953316749585
7748        0.0956998341625
7750        0.0537495854063
7751        0.049175787728
7754        0.110940298507
7756        0.100603648425
7757        0.0929320066335
7760        0.11152238806
7765        0.0521475953566
7767        0.107084577114
7769        0.103912106136
7770        0.165353233831
7772        0.0942487562189
7775        0.0633349917081
7776        0.0551774461028
7777        0.0636898839138
7778        0.102119402985
7781        0.0273648424544
7782        0.061008291874
7784        0.063728026534
7785        0.0517628524046
7786        0.061943615257
7787        0.0560597014925
7788        0.0570331674959
7790        0.0610248756219
7792        0.0793067993366
7795        0.0456517412935
7800        0.0832736318408
7806        0.0846069651741
7810        0.0593150912106
7811        0.0604096185738
7814        0.0403880597015
7816        0.0297976782753
7820        0.108540630182
7823        0.129263681592
7825        0.0531907131012
7829        0.0422885572139
7832        0.11412106136
7833        0.0907910447761
7835        0.0576334991708
7836        0.105199004975
7837        0.0645058043118
7838        0.0449320066335
7839        0.114489220564
7849        0.104646766169
7850        0.0675024875622
7851        0.102868988391
7855        0.0549187396352
7856        0.0652520729685
7859        0.0949983416252
7862        0.0580364842454
7864        0.0216434494196
7865        0.0138905472637
7868        0.0907728026534
7873        0.037048092869
7876        0.116334991708
7877        0.0644411276949
7878        0.0310580431177
7881        0.0964013266998
7882        0.0480713101161
7884        0.0995472636816
7886        0.0911857379768
7888        0.0757330016584
7891        0.117137645108
7892        0.095815920398
7893        0.115109452736
7894        0.0973399668325
7895        0.0723018242123
7900        0.0676036484245
7902        0.0479718076285
7903        0.0711625207297
7908        0.0337479270315
7910        0.0272885572139
7913        0.090807628524
7914        0.0563864013267
7915        0.0622902155887
7918        0.0488971807629
7920        0.0611243781095
7922        0.171072968491
7923        0.0586733001658
7927        0.0679386401327
7928        0.0537330016584
7929        0.0833084577114
7933        0.056903814262
7934        0.0339734660033
7938        0.101827529022
7941        0.0968590381426
7943        0.0568142620232
7946        0.0550530679934
7949        0.0922106135987
7951        0.052543946932
7954        0.0742603648425
7958        0.0901608623549
7959        0.0674709784411
7960        0.104116086235
7962        0.0511724709784
7964        0.0494129353234
7965        0.0230165837479
7966        0.080271973466
7973        0.0459568822554
7976        0.0339303482587
7977        0.110291873964
7979        0.0563830845771
7981        0.0625058043118
7982        0.0868822553897
7984        0.0596616915423
7985        0.0646069651741
7992        0.0303067993367
7993        0.0649850746269
7996        0.0336699834163
7997        0.0459734660033
8000        0.0573565505804
8001        0.156169154229
8005        0.0923300165837
8007        0.0195671641791
8008        0.0661127694859
8009        0.103316749585
8010        0.0621890547264
8011        0.0559237147595
8012        0.110779436153
8013        0.0775190713101
8015        0.0938706467662
8016        0.0403034825871
8017        0.0461409618574
8018        0.0264179104478
8021        0.115316749585
8022        0.109772802653
8023        0.0623366500829
8024        0.00849087893864
8028        0.0978225538972
8036        0.0328689883914
8037        0.0606915422886
8038        0.0626351575456
8039        0.110525704809
8041        0.0682023217247
8043        0.170300165837
8046        0.0760182421227
8048        0.0806981757877
8051        0.0324543946932
8052        0.0932255389718
8056        0.05928026534
8057        0.0626152570481
8058        0.108658374793
8059        0.077960199005
8060        0.0669966832504
8061        0.0996119402985
8062        0.097679933665
8063        0.107588723051
8066        0.0355953565506
8068        0.147971807629
8069        0.030495854063
8070        0.0539867330017
8077        0.0941873963516
8078        0.06007960199
8079        0.113315091211
8080        0.0961907131012
8081        0.113714759536
8082        0.0683416252073
8083        0.0556152570481
8085        0.104298507463
8087        0.055456053068
8088        0.0677628524046
8090        0.0764411276949
8091        0.0909386401327
8093        0.0562736318408
8094        0.027192371476
8095        0.0841708126036
8097        0.106112769486
8098        0.0535588723051
8100        0.057543946932
8101        0.0445671641791
8105        0.0495538971808
8111        0.0325953565506
8114        0.0564212271973
8115        0.0530331674959
8117        0.0594991708126
8118        0.115306799337
8119        0.0669784411277
8120        0.0959253731343
8121        0.0607097844113
8123        0.0579817578773
8125        0.0620514096186
8130        0.065263681592
8133        0.114409618574
8134        0.109955223881
8135        0.0326135986733
8137        0.116111111111
8138        0.0681940298507
8140        0.022
8142        0.0192669983416
8143        0.0931608623549
8145        0.00960530679934
8146        0.115094527363
8148        0.0214809286899
8151        0.0193217247098
8152        0.0658474295191
8153        0.0594825870647
8154        0.049447761194
8156        0.103646766169
6821        0.109789386401
8160        0.000439469320066
8161        0.110160862355
8166        0.114091210614
8168        0.109011608624
8169        0.0189966832504
8170        0.107305140962
8174        0.0631708126036
8175        0.0669983416252
8179        0.0605887230514
8180        0.0903980099502
8185        0.0555107794362
8187        0.035192371476
8188        0.103412935323
