8192        0.0265505804312
1        0.347679933665
8194        0.0235257048093
3        0.105253731343
8196        0.14856053068
6        0.10587893864
7        0.167470978441
8200        0.0282155887231
9        0.0336334991708
13        0.15248092869
8206        0.0319104477612
8207        0.0333880597015
16        0.091767827529
17        0.147285240464
8210        0.2372039801
8195        0.0601492537313
8212        0.0365820895522
8213        0.113674958541
22        0.131154228856
5465        0.0976815920398
8216        0.0686169154229
25        0.0457462686567
26        0.0729386401327
27        0.104245439469
8220        0.211938640133
8221        0.0944742951907
31        0.0614494195688
32        0.0903499170813
33        0.275459369818
34        0.153135986733
35        0.0199237147595
8228        0.134527363184
8198        0.149625207297
38        0.139369817579
8231        0.0529585406302
8232        0.0582603648425
41        0.104786069652
43        0.14016252073
45        0.112756218905
46        0.16763681592
8239        0.0421542288557
48        0.182572139303
49        0.104499170813
50        0.106212271973
8243        0.0874660033167
52        0.122610281924
8245        0.136830845771
8246        0.0474975124378
55        0.0125787728027
8248        0.108676616915
8249        0.00912935323383
8250        0.161451077944
8251        0.0968524046434
8253        0.0338474295191
8255        0.121479270315
8257        0.0665223880597
8258        0.0479369817579
8259        0.205868988391
68        0.101232172471
70        0.117164179104
71        0.286766169154
72        0.0836053067993
73        0.10835986733
74        0.0740912106136
8267        0.0802056384743
77        0.162907131012
8270        0.0509983416252
8205        0.143013266998
80        0.0529237147595
81        0.238137645108
8274        0.0700049751244
83        0.156290215589
8277        0.194499170813
8278        0.0282786069652
87        0.0860049751244
88        0.152383084577
90        0.242970149254
8284        0.141512437811
93        0.209825870647
97        0.195807628524
8291        0.0161393034826
8292        0.0296948590381
8293        0.0270713101161
8294        0.0566915422886
103        0.0881824212272
8296        0.140626865672
8297        0.170177446103
8298        0.110044776119
8299        0.054776119403
8300        0.0914941956882
109        0.23084079602
111        0.0887031509121
8304        0.064543946932
114        0.227072968491
8307        0.106384742952
8309        0.175898839138
8310        0.123220563847
8312        0.13644278607
8313        0.075232172471
8314        0.115736318408
125        0.0860315091211
127        0.140932006633
8321        0.0374461028192
131        0.180868988391
132        0.163752902156
8327        0.120174129353
8328        0.0477910447761
137        0.125271973466
8330        0.0460331674959
8331        0.0373963515755
140        0.176971807629
8333        0.111950248756
8334        0.0142918739635
144        0.170781094527
145        0.205658374793
146        0.0390580431177
8339        0.147018242123
8340        0.0422189054726
8342        0.183510779436
8217        0.0686699834163
8346        0.0888623548922
8347        0.100912106136
157        0.185656716418
159        0.0435870646766
160        0.0867164179104
8354        0.0827180762852
163        0.0765887230514
8358        0.0543764510779
8359        0.0921608623549
8361        0.0954759535655
8362        0.0949386401327
8363        0.0436865671642
174        0.348472636816
175        0.119669983416
8368        0.122990049751
8370        0.0111177446103
8371        0.0565124378109
8374        0.0575787728027
8375        0.0589021558872
8376        0.163774461028
8379        0.161578772803
8382        0.0472852404643
8383        0.105270315091
8385        0.100985074627
194        0.157900497512
195        0.0939386401327
196        0.160383084577
8390        0.210189054726
199        0.101013266998
8392        0.135235489221
8394        0.101404643449
8395        0.0356766169154
204        0.0163731343284
8397        0.14056053068
8398        0.0182868988391
8399        0.149417910448
209        0.071960199005
210        0.0701857379768
8227        0.0252006633499
8405        0.0231873963516
8406        0.0646351575456
8407        0.078232172471
8408        0.0886583747927
217        0.0653051409619
8410        0.0410281923715
8411        0.0255655058043
8412        0.141454394693
8413        0.112353233831
8229        0.038552238806
224        0.106346600332
225        0.104754560531
226        0.242250414594
8419        0.0422205638474
8422        0.0602172470978
8423        0.0617031509121
8424        0.0193482587065
8425        0.0520232172471
234        0.0336086235489
237        0.164271973466
239        0.0163300165837
8433        0.130311774461
8434        0.0985174129353
8440        0.0595174129353
8441        0.0666815920398
8442        0.0751807628524
8445        0.151864013267
8447        0.154388059701
8448        0.0843399668325
8450        0.0703416252073
8451        0.0910597014925
8452        0.0761094527363
8454        0.155613598673
8455        0.0992023217247
8456        0.0318955223881
8457        0.0680845771144
266        0.136993366501
268        0.0611260364842
270        0.0941492537313
271        0.0699021558872
8464        0.0110845771144
8465        0.142731343284
8468        0.0890414593698
8469        0.0402570480929
278        0.193373134328
8472        0.0651376451078
8475        0.0131028192371
8476        0.0547213930348
286        0.348208955224
288        0.155237147595
8240        0.0373333333333
290        0.101248756219
291        0.0873830845771
292        0.115056384743
293        0.335922056385
8487        0.100059701493
297        0.340407960199
299        0.0597545605307
8496        0.0231177446103
8498        0.0701956882255
8499        0.0631293532338
8506        0.0184129353234
8510        0.00782587064677
8511        0.0435389718076
8512        0.0534112769486
8513        0.0485655058043
8515        0.0579187396352
8516        0.0756650082919
8517        0.147059701493
8528        0.166676616915
376        0.0334925373134
377        0.121001658375
378        0.0177860696517
400        0.10692371476
8260        0.0195091210614
419        0.0202189054726
8262        0.122189054726
423        0.0545190713101
8263        0.0685903814262
8264        0.0645257048093
8265        0.115376451078
450        0.0427064676617
454        0.0617645107794
456        0.051271973466
8269        0.128111111111
466        0.0445903814262
8199        0.13648092869
8271        0.101124378109
8272        0.222265339967
8273        0.0841061359867
488        0.0438922056385
489        0.0622205638474
8275        0.0496567164179
509        0.0488291873964
513        0.131064676617
517        0.277995024876
8280        0.109943615257
8201        0.0664925373134
544        0.0459270315091
549        0.0597794361526
552        0.0549402985075
555        0.13564013267
557        0.160665008292
559        0.0817893864013
561        0.109296849088
565        0.0301393034826
568        0.321227197347
577        0.204653399668
591        0.0650099502488
600        0.139358208955
611        0.0147777777778
613        0.17547761194
8295        0.0502354892206
625        0.100973466003
636        0.0564577114428
655        0.0678175787728
8303        0.101154228856
668        0.339474295191
679        0.0970447761194
681        0.0578225538972
683        0.202645107794
684        0.0583217247098
685        0.311592039801
686        0.0233731343284
687        0.0958208955224
689        0.129233830846
691        0.0617628524046
693        0.108237147595
701        0.348885572139
702        0.347751243781
703        0.286097844113
705        0.0856500829187
714        0.176177446103
715        0.19364013267
719        0.0817296849088
721        0.102281923715
724        0.108268656716
8208        0.0855655058043
744        0.0542520729685
745        0.126859038143
8317        0.0819701492537
760        0.0409004975124
762        0.0863217247098
763        0.0978955223881
764        0.11252238806
766        0.139316749585
6388        0.193258706468
8209        0.049328358209
786        0.322653399668
789        0.0419336650083
790        0.119611940299
800        0.0596683250415
802        0.0130597014925
803        0.0618126036484
808        0.0184029850746
812        0.152991708126
813        0.0602918739635
814        0.189978441128
815        0.121127694859
816        0.215895522388
817        0.0231791044776
826        0.0374610281924
831        0.0674145936982
8211        0.0963913764511
834        0.0769651741294
838        0.0510895522388
839        0.0594908789386
852        0.125026533997
854        0.0665240464345
855        0.0667462686567
8336        0.0250580431177
8485        0.0166301824212
8349        0.0337097844113
8215        0.0799900497512
8352        0.0870331674959
8355        0.150039800995
8218        0.257769485904
8366        0.162293532338
1103        0.267507462687
1104        0.07507960199
1113        0.0458424543947
1114        0.0535190713101
1117        0.0373482587065
1119        0.0547014925373
1129        0.0896036484245
1133        0.106419568823
1136        0.210804311774
1137        0.0849220563847
1138        0.155976782753
1140        0.181358208955
8386        0.0561575456053
8387        0.0299568822554
8223        0.106633499171
8391        0.085328358209
1198        0.16535655058
1200        0.153737976783
1201        0.0370348258706
1205        0.0340895522388
1206        0.0335555555556
1213        0.2121973466
1220        0.145645107794
1221        0.27467827529
8224        0.145734660033
1224        0.116449419569
1225        0.27271973466
1226        0.103001658375
1227        0.0194892205638
1236        0.160071310116
1237        0.18427694859
1238        0.101737976783
1239        0.347550580431
1241        0.170737976783
1248        0.0458291873964
1251        0.0928905472637
8225        0.0564046434494
1254        0.118431177446
1257        0.268517412935
8402        0.101029850746
1263        0.0828026533997
1267        0.2261973466
1270        0.208227197347
1273        0.31227694859
1275        0.187510779436
1276        0.102409618574
1280        0.336711442786
8226        0.0891492537313
1290        0.288104477612
1292        0.057
1299        0.30928026534
8409        0.0165936981758
1312        0.024600331675
1321        0.136331674959
1322        0.101741293532
1323        0.228611940299
1324        0.138373134328
1325        0.201814262023
1326        0.159626865672
1327        0.160185737977
1328        0.149631840796
1329        0.0947910447761
1330        0.0757728026534
1331        0.098543946932
1332        0.160927031509
1333        0.108665008292
1334        0.171429519071
1335        0.144820895522
1341        0.0823698175788
1342        0.0936202321725
1347        0.126502487562
8417        0.0646849087894
10686        0.105791044776
8431        0.0632603648425
1461        0.0301907131012
1556        0.0460928689884
1559        0.0613383084577
1562        0.0506965174129
1564        0.0503499170813
1565        0.0560514096186
1568        0.057960199005
1569        0.0604344941957
1570        0.0538507462687
1573        0.0171990049751
1589        0.0571160862355
1591        0.0442587064677
1601        0.0283432835821
8460        0.0437296849088
8237        0.0830315091211
8463        0.0667661691542
1653        0.221991708126
1657        0.028592039801
1659        0.108514096186
1660        0.0757313432836
1661        0.084175787728
1662        0.103094527363
1664        0.119150912106
1667        0.163205638474
1668        0.0915820895522
8470        0.107699834163
1670        0.0955754560531
1672        0.0721243781095
1673        0.342630182421
1674        0.0941741293532
1675        0.130371475954
1677        0.0979137645108
1678        0.0753980099502
1679        0.0425854063018
1680        0.166111111111
1681        0.109077943615
1682        0.0768059701493
1683        0.0944029850746
1686        0.0981625207297
1687        0.0713383084577
1689        0.0352819237148
1691        0.209131011609
1693        0.072008291874
1694        0.104988391376
1695        0.0908888888889
1697        0.0246733001658
1698        0.0439850746269
1706        0.090688225539
1717        0.078903814262
1732        0.0894278606965
1739        0.0615688225539
1740        0.349995024876
1741        0.130129353234
1742        0.0694527363184
1744        0.103248756219
1746        0.324464344942
1747        0.0310862354892
1749        0.111610281924
1754        0.0513250414594
1755        0.346940298507
1757        0.0562968490879
1759        0.314669983416
1760        0.186107794362
1761        0.15191708126
1767        0.159626865672
1776        0.103998341625
1778        0.103071310116
8489        0.132339966833
1784        0.176051409619
1785        0.224043117745
1789        0.0912537313433
1797        0.119296849088
1798        0.130540630182
1800        0.344134328358
1808        0.090320066335
1830        0.191048092869
1831        0.048688225539
1833        0.215018242123
1835        0.0810613598673
1836        0.0928043117745
1839        0.10688225539
1840        0.0147147595357
1842        0.188184079602
1849        0.346145936982
1850        0.169378109453
1852        0.174696517413
1853        0.174451077944
1879        0.174500829187
1880        0.164072968491
1882        0.0424112769486
1883        0.0512786069652
1887        0.258
1888        0.146325041459
1890        0.290431177446
1891        0.0950696517413
1897        0.0906152570481
1899        0.102985074627
1901        0.0911674958541
1902        0.121953565506
1906        0.0921658374793
1908        0.0906550580431
1909        0.0336069651741
1913        0.219970149254
1914        0.0979452736318
1916        0.0933416252073
1922        0.0299502487562
1930        0.24144278607
1932        0.0979386401327
1955        0.0954892205638
1957        0.0927827529022
1967        0.176537313433
1970        0.0475306799337
1975        0.0719402985075
1978        0.0535854063018
1982        0.256877280265
1984        0.0617462686567
1986        0.0467777777778
1991        0.0617711442786
1998        0.0826218905473
2003        0.0919303482587
2007        0.121550580431
2008        0.0718308457711
2011        0.102968490879
2012        0.0392106135987
2015        0.160703150912
2018        0.0519071310116
2019        0.0371144278607
2024        0.162472636816
2027        0.0965124378109
2028        0.167300165837
2033        0.115069651741
2036        0.0367296849088
2041        0.348825870647
2042        0.230940298507
2044        0.199812603648
10240        0.174628524046
10241        0.0849187396352
10243        0.0407446102819
2052        0.0804378109453
2056        0.125081260365
10249        0.143582089552
10250        0.0876434494196
10252        0.182018242123
10256        0.163232172471
10257        0.0926832504146
10258        0.170701492537
10259        0.0907810945274
10260        0.108311774461
10261        0.0929320066335
10263        0.159124378109
10264        0.0685223880597
10265        0.155320066335
10266        0.177485903814
10267        0.181059701493
10268        0.112456053068
10269        0.0669469320066
10270        0.0563913764511
10271        0.100533996683
10275        0.09571973466
10278        0.180769485904
10279        0.0196417910448
10289        0.0701177446103
10292        0.101177446103
10295        0.100893864013
10297        0.247449419569
2107        0.0820663349917
2108        0.093951907131
2109        0.0287462686567
10302        0.179814262023
10303        0.26932172471
10304        0.159305140962
10305        0.168529021559
10306        0.0212686567164
2116        0.12815920398
2117        0.0984311774461
2118        0.175812603648
10311        0.157139303483
2120        0.0874875621891
10314        0.123412935323
10316        0.0845887230514
10317        0.160199004975
10318        0.0288175787728
10319        0.16748092869
2128        0.0627495854063
10322        0.0221807628524
2131        0.0210812603648
10325        0.107945273632
10326        0.149116086235
2135        0.0719286898839
10330        0.176741293532
10331        0.0584991708126
2140        0.0996252072968
10333        0.0824693200663
10334        0.184495854063
10335        0.0405787728027
10337        0.212941956882
2146        0.103058043118
10339        0.105106135987
2148        0.00951077943615
2150        0.197907131012
10345        0.153373134328
10347        0.141394693201
10348        0.0939966832504
10349        0.0407247097844
10352        0.128603648425
10354        0.101696517413
10355        0.167144278607
10357        0.0408540630182
10358        0.172928689884
10359        0.191341625207
10361        0.165835820896
10363        0.103232172471
10366        0.0873349917081
10367        0.115412935323
10368        0.182527363184
10377        0.0960663349917
10380        0.0944875621891
10382        0.101597014925
10383        0.104832504146
10384        0.171457711443
10385        0.0417611940299
10387        0.207885572139
10389        0.089087893864
10390        0.105633499171
10392        0.0948839137645
10393        0.108592039801
10395        0.166207296849
10396        0.189424543947
10397        0.179278606965
10399        0.228323383085
10400        0.109074626866
10409        0.156912106136
10412        0.0441608623549
10413        0.110925373134
10414        0.153323383085
10416        0.170316749585
10417        0.0287164179104
10419        0.0963532338308
10422        0.106225538972
10424        0.180688225539
10430        0.14856384743
10431        0.0825422885572
10435        0.172333333333
10436        0.0493963515755
10440        0.160295190713
10442        0.0952587064677
10444        0.185134328358
10447        0.111131011609
10448        0.0318325041459
10450        0.122895522388
10454        0.0650862354892
10460        0.0856500829187
10465        0.18032172471
10466        0.0285572139303
10467        0.0945870646766
10468        0.120673300166
2277        0.0763349917081
10471        0.173505804312
10473        0.160416252073
10475        0.0755986733002
10477        0.141623548922
10478        0.0904212271973
10479        0.0409950248756
10481        0.0756533996683
10482        0.0880696517413
10484        0.0963034825871
10485        0.094824212272
10487        0.0750746268657
10496        0.0850165837479
10501        0.0649485903814
10504        0.107427860697
10505        0.0582271973466
10507        0.106315091211
10512        0.181512437811
10513        0.182645107794
10514        0.0404776119403
10515        0.125147595357
10516        0.196568822554
10518        0.0904179104478
10519        0.0653266998342
10520        0.126077943615
10533        0.0699817578773
10534        0.180087893864
10535        0.168515754561
10536        0.0911293532338
10537        0.170951907131
10545        0.0351028192371
10549        0.101134328358
10552        0.101456053068
10553        0.161567164179
10559        0.158844112769
10561        0.0839800995025
10562        0.113487562189
10563        0.103056384743
10570        0.0576865671642
2379        0.123452736318
2380        0.106441127695
2381        0.107235489221
10577        0.171698175788
10581        0.099631840796
10584        0.164313432836
10585        0.0512935323383
10601        0.045495854063
10603        0.108021558872
10604        0.0895240464345
10605        0.083543946932
10606        0.0665157545605
10609        0.122870646766
10614        0.136009950249
10621        0.172834162521
10622        0.111330016584
10633        0.172482587065
10636        0.10727694859
10641        0.176782752902
10665        0.168192371476
10671        0.0786815920398
10672        0.174985074627
10673        0.0835671641791
10680        0.109271973466
2490        0.0895339966833
2493        0.256328358209
2494        0.01828026534
2495        0.0629701492537
2497        0.347028192371
2498        0.143278606965
2500        0.288578772803
2501        0.194004975124
10694        0.111466003317
2503        0.128004975124
2504        0.153582089552
2505        0.0979087893864
2506        0.140875621891
2508        0.146452736318
2510        0.246
2511        0.191548922056
2512        0.0825572139303
2513        0.317530679934
2514        0.273669983416
2515        0.106061359867
2516        0.348913764511
2517        0.149487562189
2518        0.227412935323
2519        0.156058043118
2520        0.146182421227
2521        0.29892039801
2522        0.0664875621891
2523        0.0491708126036
2524        0.164056384743
2525        0.0841658374793
2526        0.111484245439
2527        0.220266998342
2528        0.0713349917081
2529        0.312323383085
2532        0.0823018242123
2544        0.0281575456053
2546        0.0426467661692
2547        0.0265903814262
2548        0.349323383085
2549        0.0618026533997
2551        0.345512437811
2553        0.0475887230514
2554        0.230069651741
2561        0.0887860696517
2563        0.11395854063
2568        0.135016583748
2571        0.169704809287
2572        0.10100331675
2573        0.0653416252073
64600        0.0994013266998
2578        0.136830845771
2581        0.0872902155887
64601        0.107864013267
2587        0.0249452736318
2588        0.0926218905473
2592        0.123804311774
2593        0.0588092868988
2598        0.0612388059701
2602        0.104970149254
2603        0.30463681592
2605        0.0244145936982
2607        0.0813747927032
2609        0.142751243781
2610        0.106310116086
2611        0.176275290216
2614        0.0634444444444
2629        0.0593300165837
2631        0.0332686567164
2632        0.0618955223881
2637        0.107653399668
2638        0.0164759535655
2640        0.12327694859
2643        0.0197147595357
2647        0.107034825871
2648        0.183189054726
2651        0.0253930348259
2652        0.0974029850746
2653        0.0195008291874
2654        0.0677230514096
2655        0.0352603648425
2659        0.0409651741294
2683        0.0584908789386
2685        0.345036484245
2686        0.2275986733
2687        0.189829187396
2688        0.104550580431
2697        0.147747927032
2698        0.0856815920398
2702        0.158787728027
2704        0.071583747927
2706        0.161776119403
2707        0.106452736318
2711        0.101784411277
2713        0.130868988391
2714        0.10991708126
2715        0.115623548922
2744        0.0728092868988
2752        0.0926268656716
2764        0.128752902156
2766        0.149338308458
2772        0.0321774461028
2819        0.0836484245439
2820        0.153316749585
2822        0.0872935323383
2828        0.343902155887
2831        0.0196832504146
2832        0.0505124378109
2833        0.0108109452736
2834        0.0576285240464
2836        0.0512189054726
2837        0.0161475953566
2840        0.0665754560531
2841        0.00922222222222
2843        0.0529137645108
2845        0.021464344942
2847        0.110825870647
2848        0.0900547263682
2852        0.157268656716
2853        0.14739800995
2854        0.214635157546
2855        0.136538971808
2856        0.331669983416
2860        0.0993847429519
2861        0.0796683250415
2865        0.0301260364842
2871        0.256976782753
2874        0.236603648425
2875        0.0351691542289
2876        0.094960199005
2895        0.103938640133
2899        0.174406301824
2900        0.225456053068
2901        0.114714759536
2902        0.0907578772803
2905        0.147222222222
2907        0.293734660033
2911        0.180993366501
2914        0.349150912106
2915        0.280893864013
2917        0.26595854063
2918        0.20735655058
2933        0.257091210614
2941        0.136809286899
2966        0.109248756219
3053        0.0527396351575
8285        0.029951907131
3056        0.10500331675
3058        0.0576517412935
3064        0.15952238806
3066        0.0852620232172
3079        0.077008291874
3080        0.113550580431
3081        0.0878971807629
3104        0.155074626866
3110        0.185875621891
3111        0.145431177446
3112        0.0374709784411
3113        0.102688225539
3128        0.0512305140962
3130        0.0973814262023
3132        0.18692371476
3134        0.100862354892
3136        0.0247810945274
3142        0.0232885572139
3144        0.102548922056
3148        0.0318573797678
3149        0.135842454395
3150        0.155558872305
3152        0.122258706468
3208        0.0827330016584
3215        0.28628358209
3216        0.153936981758
3218        0.0981625207297
3219        0.0270049751244
3220        0.184091210614
3221        0.036736318408
3225        0.120016583748
3227        0.0649303482587
3228        0.204593698176
3230        0.000454394693201
3233        0.0757645107794
3235        0.0403466003317
3238        0.0755140961857
3239        0.0634311774461
3240        0.0125190713101
3242        0.0750862354892
3243        0.215353233831
3244        0.137502487562
3245        0.0926202321725
3246        0.223228855721
3248        0.133024875622
3249        0.0984394693201
3251        0.0669933665008
3252        0.108043117745
3253        0.0635704809287
3254        0.0844991708126
3255        0.120051409619
3256        0.154069651741
3257        0.345354892206
3258        0.0965024875622
3259        0.215635157546
3260        0.0229568822554
3261        0.0734726368159
3262        0.176854063018
3264        0.100288557214
3265        0.117577114428
3267        0.02464013267
3268        0.143063018242
3269        0.0584626865672
3273        0.0706451077944
3274        0.0928424543947
3277        0.114333333333
3278        0.097543946932
3286        0.248781094527
3291        0.143679933665
3292        0.151618573798
3300        0.342789386401
3301        0.0795655058043
3302        0.287714759536
3303        0.298054726368
3304        0.143394693201
3305        0.243545605307
3306        0.159142620232
3307        0.101804311774
3308        0.134524046434
3313        0.087688225539
3314        0.0288009950249
3315        0.0873830845771
3316        0.0487810945274
3319        0.0268009950249
3320        0.323102819237
3323        0.0357346600332
3324        0.146160862355
3325        0.030008291874
3327        0.0904063018242
3328        0.264645107794
3329        0.0730945273632
3330        0.143558872305
3332        0.0213366500829
3333        0.305708126036
3334        0.0879054726368
3335        0.00606135986733
3336        0.263111111111
3338        0.0287927031509
3339        0.0621227197347
3340        0.147315091211
3342        0.176975124378
3343        0.0817097844113
3344        0.200630182421
3346        0.0254195688226
3350        0.045903814262
3352        0.171182421227
3353        0.149427860697
3354        0.155661691542
3356        0.334704809287
3358        0.0565986733002
3359        0.0340381426202
3360        0.0160447761194
3361        0.249809286899
3362        0.0995140961857
3363        0.0846898839138
3364        0.0555140961857
3365        0.171353233831
3366        0.162218905473
3368        0.180323383085
3378        0.0944792703151
3379        0.173361525705
3380        0.0992520729685
3381        0.0457147595357
3384        0.254970149254
3386        0.177661691542
3388        0.0438424543947
3389        0.0300381426202
3390        0.0302653399668
3392        0.18079933665
3393        0.167475953566
3394        0.112630182421
3402        0.228320066335
3403        0.0827578772803
3404        0.226092868988
3405        0.106883913765
3407        0.330053067993
3409        0.00925538971808
3421        0.0974013266998
3424        0.0214593698176
3428        0.156210613599
3429        0.141562189055
3431        0.0965887230514
3447        0.188635157546
3448        0.187344941957
3449        0.0491641791045
3450        0.158001658375
3451        0.0950049751244
3452        0.104456053068
3454        0.0882951907131
3458        0.113621890547
3460        0.0248789386401
3462        0.17716252073
3463        0.244218905473
3464        0.178731343284
3472        0.00977777777778
3479        0.187021558872
3480        0.0486301824212
3484        0.0166368159204
3488        0.152998341625
3491        0.34755721393
3492        0.189058043118
3493        0.11336318408
3502        0.182963515755
3505        0.193180762852
3506        0.1342039801
3508        0.242391376451
3510        0.0988341625207
3512        0.0997114427861
3513        0.122368159204
3527        0.0947595356551
8301        0.132182421227
3541        0.0566500829187
3548        0.0492421227197
3549        0.315754560531
3550        0.0852421227197
3554        0.259936981758
3555        0.110029850746
3557        0.257114427861
3559        0.18528358209
3561        0.348124378109
3563        0.264976782753
3564        0.232820895522
3566        0.132842454395
3567        0.143061359867
3571        0.0851658374793
3575        0.0755024875622
3576        0.0961160862355
3577        0.0739386401327
3578        0.126995024876
3581        0.100152570481
3582        0.127074626866
3586        0.0905174129353
3588        0.149651741294
3591        0.0790812603648
3593        0.172971807629
3594        0.115131011609
3596        0.0512918739635
3597        0.0944925373134
3599        0.0857711442786
3602        0.23243615257
3603        0.0393250414594
3605        0.042263681592
3608        0.188475953566
3614        0.219980099502
3615        0.0560779436153
3616        0.115174129353
3628        0.0596849087894
3632        0.0757213930348
3640        0.0402819237148
3661        0.0711741293532
3662        0.194983416252
3663        0.148752902156
3669        0.120933665008
3670        0.0629668325041
3671        0.102817578773
3672        0.0983217247098
3674        0.198152570481
3676        0.110190713101
3677        0.0818009950249
4709        0.13607628524
3680        0.0823830845771
8306        0.0715124378109
3700        0.165684908789
3701        0.164290215589
3703        0.192985074627
3705        0.0961608623549
3708        0.107918739635
3718        0.111467661692
3720        0.302364842454
3722        0.0887081260365
3725        0.0475588723051
3727        0.118235489221
3728        0.194009950249
6083        0.0756583747927
3733        0.179766169154
3734        0.202782752902
3735        0.167384742952
3737        0.0703316749585
3739        0.199368159204
3741        0.163679933665
3742        0.209270315091
3743        0.101112769486
3746        0.0975207296849
3748        0.0126500829187
3749        0.18952238806
3751        0.171320066335
3753        0.0944096185738
3757        0.0473565505804
3758        0.235580431177
3761        0.109111111111
3763        0.29171973466
3764        0.083679933665
3766        0.0733416252073
3768        0.178762852405
3770        0.100525704809
3776        0.0509883913765
3782        0.02664013267
3783        0.0075671641791
3784        0.023144278607
3786        0.231520729685
3789        0.254185737977
3790        0.215235489221
3791        0.183089552239
3796        0.171985074627
3799        0.165751243781
3801        0.165165837479
3803        0.213537313433
3804        0.102686567164
3807        0.0990298507463
3812        0.0649286898839
3813        0.0564809286899
3814        0.103980099502
3815        0.102026533997
3817        0.0783864013267
3819        0.0945870646766
3820        0.113069651741
3824        0.167266998342
3830        0.101391376451
3831        0.200902155887
3833        0.145767827529
3836        0.077447761194
3838        0.213932006633
3839        0.0805986733002
3844        0.131305140962
3845        0.113348258706
3846        0.099456053068
3847        0.349699834163
3850        0.0961907131012
3851        0.0838922056385
3855        0.0890033167496
3856        0.112210613599
3857        0.217222222222
3859        0.0547794361526
3861        0.0443316749585
3862        0.0601807628524
3863        0.0491111111111
3864        0.0664626865672
3865        0.0531824212272
3866        0.0493482587065
3867        0.0578805970149
3868        0.04735986733
3869        0.0443532338308
3870        0.0645555555556
3871        0.0582520729685
3872        0.0720016583748
3873        0.0640066334992
3874        0.0532786069652
3875        0.040464344942
3876        0.0534892205638
3878        0.0512504145937
3879        0.037368159204
3880        0.0526451077944
3881        0.0547396351575
3882        0.0724112769486
3883        0.0704378109453
3884        0.0507147595357
3885        0.0567031509121
3886        0.0738142620232
3887        0.0672106135987
3888        0.0600646766169
3889        0.0544676616915
3890        0.0621807628524
3891        0.0721890547264
3892        0.0410414593698
3893        0.0579784411277
3894        0.0529402985075
3895        0.0755688225539
3899        0.105111111111
3900        0.160850746269
3903        0.0304759535655
3904        0.105497512438
3905        0.109258706468
3909        0.205810945274
3911        0.0906948590381
3912        0.211968490879
3914        0.33928358209
3915        0.328877280265
3925        0.169849087894
3931        0.115497512438
3932        0.310877280265
3937        0.163849087894
3940        0.154273631841
3950        0.11643615257
3951        0.340776119403
3956        0.0247943615257
3957        0.11816252073
3962        0.0825190713101
3963        0.0944577114428
3964        0.0528855721393
3967        0.337271973466
3970        0.0997164179104
3976        0.24235655058
3994        0.115119402985
3996        0.0896384742952
3999        0.100787728027
4000        0.348880597015
4001        0.162616915423
4003        0.334524046434
4004        0.329180762852
4005        0.325726368159
4006        0.322514096186
4010        0.122950248756
4015        0.103205638474
4017        0.0669187396352
4039        0.17291708126
4040        0.0509353233831
4043        0.106058043118
4045        0.105192371476
4052        0.16492039801
4057        0.103
4058        0.204653399668
4060        0.0674029850746
8319        0.0702587064677
2048        0.0442653399668
4109        0.0402072968491
4125        0.0666600331675
4128        0.0825472636816
4129        0.235384742952
4130        0.0382039800995
4133        0.122421227197
4134        0.273960199005
4136        0.221326699834
4137        0.101613598673
4140        0.0861625207297
4143        0.0550248756219
4148        0.0712255389718
4150        0.161547263682
4151        0.126058043118
4158        0.0407263681592
4167        0.150348258706
4178        0.0474875621891
4181        0.160494195688
4183        0.314368159204
4184        0.0837147595357
4187        0.103077943615
4193        0.103419568823
4195        0.0770696517413
4197        0.185208955224
4198        0.16479933665
4200        0.348663349917
4201        0.0480414593698
4203        0.142567164179
4205        0.108509121061
4208        0.263538971808
4213        0.156786069652
4214        0.0599154228856
4215        0.0553266998342
4216        0.0671575456053
4217        0.0615605306799
4219        0.0636782752902
4221        0.0584212271973
4222        0.125494195688
4223        0.106819237148
4230        0.24892371476
4231        0.223902155887
4232        0.144336650083
4239        0.0866053067993
4243        0.0872122719735
4247        0.106900497512
4251        0.117333333333
4252        0.0477330016584
4257        0.0987263681592
4258        0.17771641791
4259        0.21276119403
4261        0.181396351575
4262        0.0765306799337
4269        0.176091210614
4270        0.148950248756
4271        0.106499170813
4272        0.0985323383085
4274        0.178008291874
4277        0.104729684909
4278        0.169980099502
4279        0.0797960199005
4281        0.0979834162521
4283        0.107953565506
4284        0.113776119403
4285        0.102842454395
4286        0.0819336650083
4292        0.0931343283582
4293        0.105134328358
4306        0.0875903814262
4309        0.205835820896
4310        0.0994892205638
4314        0.214303482587
4319        0.170903814262
4327        0.15723880597
4352        0.161832504146
4354        0.180714759536
4355        0.21100331675
4356        0.104729684909
4358        0.158786069652
4359        0.101126036484
4364        0.190688225539
4366        0.0383167495854
4372        0.134752902156
4373        0.178849087894
4374        0.225358208955
4376        0.153388059701
4377        0.090767827529
4387        0.0661940298507
4390        0.155714759536
4393        0.102883913765
4433        0.166396351575
4434        0.0792537313433
4436        0.316510779436
4437        0.103565505804
4444        0.0799286898839
4452        0.161834162521
4454        0.162888888889
4456        0.0975572139303
4459        0.161540630182
4465        0.0991326699834
2110        0.106865671642
4470        0.105847429519
4472        0.168529021559
4475        0.0979718076285
4480        0.0514063018242
4481        0.040951907131
4482        0.0622769485904
4483        0.0760613598673
4484        0.0578441127695
4485        0.0438805970149
4486        0.0687545605307
4487        0.0567595356551
4488        0.0488805970149
4489        0.0638805970149
4490        0.0567943615257
4492        0.167328358209
4493        0.0180729684909
4495        0.209628524046
4496        0.099767827529
4509        0.0967645107794
4511        0.220623548922
4513        0.19388225539
4515        0.200945273632
4519        0.110187396352
4521        0.0912172470978
4527        0.239827529022
4534        0.249275290216
4535        0.121870646766
4538        0.120180762852
4539        0.104024875622
4540        0.315704809287
4543        0.0855273631841
4544        0.314651741294
4546        0.0388540630182
4550        0.161814262023
4553        0.16651907131
4554        0.0527114427861
4565        0.342063018242
4568        0.0735008291874
4573        0.110152570481
4574        0.109983416252
4583        0.196800995025
4587        0.174495854063
4589        0.275311774461
4592        0.0829485903814
4595        0.0418772802653
4596        0.240550580431
4599        0.234056384743
4600        0.195336650083
4605        0.0458706467662
4608        0.0937694859038
4609        0.153504145937
4610        0.0670215588723
4611        0.0633515754561
2134        0.102943615257
4614        0.139429519071
4616        0.0340995024876
4617        0.0370812603648
4618        0.108834162521
4619        0.0495058043118
4621        0.105036484245
4622        0.040960199005
4623        0.117583747927
4624        0.0420447761194
4627        0.0794975124378
4628        0.125754560531
4630        0.0231177446103
4631        0.0980679933665
772        0.0491608623549
4634        0.0757512437811
4637        0.274883913765
4639        0.0549154228856
4641        0.0652504145937
4642        0.0786733001658
4643        0.096960199005
4644        0.0811741293532
4645        0.204953565506
4646        0.0632437810945
4647        0.0673349917081
4648        0.194728026534
4650        0.0217810945274
4651        0.201190713101
4652        0.0808441127695
4654        0.0887927031509
4655        0.0936583747927
4656        0.0974494195688
4657        0.0594626865672
4658        0.057688225539
4660        0.0422155887231
4662        0.100978441128
4663        0.0278026533997
4665        0.0506616915423
4666        0.151139303483
4668        0.068535655058
4669        0.154064676617
4670        0.0876517412935
4672        0.0903366500829
4673        0.231699834163
4675        0.167388059701
4677        0.174877280265
4678        0.154925373134
4680        0.216885572139
4681        0.18216252073
4682        0.199633499171
4683        0.0388424543947
4684        0.0596650082919
4685        0.159185737977
4686        0.152034825871
4688        0.1484013267
4690        0.0757081260365
4691        0.19979933665
4692        0.159419568823
4693        0.204864013267
4694        0.333379767828
4695        0.196827529022
4696        0.0755190713101
4698        0.173819237148
4700        0.0754427860697
4702        0.15343946932
4703        0.162414593698
4704        0.201696517413
4705        0.0957893864013
4706        0.0784427860697
4707        0.0698590381426
4708        0.0877064676617
10342        0.153429519071
4710        0.124907131012
4711        0.173351575456
4713        0.180820895522
4714        0.0765389718076
4716        0.162131011609
4719        0.0492354892206
4720        0.126233830846
4722        0.264495854063
4723        0.0819834162521
4724        0.163963515755
4725        0.28956384743
4727        0.102731343284
4728        0.204706467662
4729        0.115089552239
4730        0.0700381426202
4732        0.177417910448
4733        0.120192371476
4736        0.108956882255
4738        0.0557578772803
4739        0.105407960199
4740        0.0668739635158
4741        0.0869535655058
4742        0.16620066335
4744        0.0582819237148
4745        0.139482587065
4746        0.0629369817579
4747        0.071824212272
4748        0.0858175787728
4749        0.0586135986733
4750        0.177892205638
4755        0.213545605307
4757        0.0802089552239
4759        0.160819237148
4760        0.221500829187
4761        0.174189054726
4762        0.0788573797678
4763        0.0828540630182
4765        0.150638474295
4766        0.13963681592
4767        0.0421658374793
4768        0.15987893864
4773        0.0769834162521
4774        0.2981973466
4776        0.140771144279
4777        0.180361525705
4778        0.206096185738
4780        0.213464344942
4783        0.124638474295
4786        0.16124212272
4787        0.180671641791
4788        0.179951907131
4790        0.0926600331675
4791        0.114703150912
4792        0.0841293532338
4793        0.0978689883914
4794        0.0666533996683
4795        0.0475024875622
4797        0.0617529021559
4798        0.128729684909
4799        0.149058043118
4800        0.0531243781095
4801        0.0841243781095
4803        0.147094527363
4804        0.071056384743
4805        0.164295190713
4807        0.0480149253731
4808        0.0875406301824
4853        0.100152570481
4854        0.137787728027
4855        0.0453184079602
4857        0.0962255389718
4860        0.0941293532338
4861        0.0686053067993
4908        0.0972752902156
4911        0.194265339967
4912        0.112252072968
4913        0.101626865672
4922        0.0878922056385
4923        0.123271973466
4926        0.276268656716
4927        0.0949767827529
4940        0.21996185738
4946        0.0958457711443
4947        0.0958225538972
4952        0.0892520729685
4958        0.185535655058
4959        0.225056384743
4963        0.219592039801
4966        0.0906583747927
4967        0.126986733002
4968        0.233384742952
4969        0.338470978441
4979        0.11404145937
4982        0.0729220563847
4983        0.209567164179
4984        0.159822553897
4989        0.0735986733002
4993        0.0864991708126
4996        0.102456053068
4999        0.107036484245
5000        0.330338308458
5002        0.158338308458
5003        0.157825870647
5004        0.0801791044776
5006        0.261514096186
5009        0.173051409619
5011        0.0533946932007
5024        0.153446102819
5033        0.181109452736
5041        0.181744610282
5046        0.183208955224
5048        0.199033167496
5049        0.176106135987
5050        0.111742951907
5051        0.108638474295
5053        0.100383084577
5056        0.156164179104
5058        0.0320033167496
5071        0.11475787728
5072        0.123396351575
5074        0.0735870646766
5075        0.0639568822554
5076        0.209066334992
5078        0.116990049751
5081        0.106333333333
5085        0.0333167495854
5086        0.088399668325
5088        0.167081260365
5089        0.29035655058
5097        0.198338308458
5099        0.0316119402985
5101        0.183326699834
5105        0.0965804311774
5106        0.104351575456
5107        0.122776119403
5109        0.185291873964
5119        0.105704809287
5188        0.0635406301824
5200        0.0338092868988
5202        0.0720679933665
5203        0.00777943615257
5205        0.0529751243781
5206        0.0544461028192
5207        0.067456053068
5208        0.0508474295191
5209        0.0648441127695
5210        0.0601708126036
5211        0.0655903814262
5212        0.051960199005
5213        0.0551774461028
5214        0.0618689883914
5215        0.0564892205638
5217        0.0490762852405
5218        0.0605406301824
5220        0.0619950248756
5232        0.0438374792703
5234        0.0461077943615
5235        0.0468971807629
5240        0.0440149253731
5241        0.0604875621891
5248        0.0618905472637
5251        0.0602819237148
5256        0.0492155887231
5303        0.0817313432836
5309        0.040447761194
5323        0.0514941956882
5324        0.0424361525705
5339        0.111492537313
5377        0.232474295191
5378        0.346031509121
5379        0.103918739635
5380        0.0419668325041
5381        0.0372703150912
5382        0.094807628524
5384        0.169787728027
5385        0.0973300165837
5387        0.00397512437811
5388        0.344135986733
5389        0.147451077944
5390        0.324131011609
5391        0.115933665008
5392        0.0762122719735
5393        0.0586550580431
5394        0.072127694859
5395        0.0619452736318
5396        0.0854096185738
5397        0.0628341625207
5398        0.116864013267
5399        0.0623515754561
5400        0.331492537313
5401        0.173417910448
5402        0.00741791044776
5403        0.181709784411
5405        0.0826185737977
5407        0.160366500829
5408        0.116497512438
5409        0.291467661692
5410        0.216580431177
5412        0.168898839138
5413        0.348903814262
5414        0.0824361525705
5415        0.119568822554
5416        0.184011608624
5417        0.253603648425
5418        0.282179104478
5421        0.0193913764511
5422        0.163255389718
5423        0.0406583747927
5424        0.107194029851
5425        0.103814262023
5426        0.136769485904
5427        0.181606965174
5428        0.0523747927032
5429        0.0606102819237
5430        0.201718076285
5431        0.0427247097844
5432        0.0570248756219
5433        0.0217213930348
5434        0.122673300166
5435        0.0868888888889
5436        0.0965157545605
5441        0.0305290215589
5442        0.00583250414594
5443        0.0281857379768
5444        0.0215655058043
5445        0.0462835820896
5446        0.00581094527363
5447        0.00571310116086
5448        0.0217230514096
5449        0.0129651741294
5450        0.012807628524
5451        0.0145074626866
2274        0.0213150912106
5455        0.0300315091211
5456        0.00576782752902
5457        0.0130182421227
5459        0.348
5462        0.311867330017
5463        0.0846567164179
2276        0.182538971808
5466        0.158527363184
5467        0.0161243781095
5468        0.0239237147595
5469        0.0874709784411
5470        0.0409568822554
5471        0.0169021558872
5474        0.087192371476
5479        0.0716948590381
5480        0.0315986733002
5481        0.14771641791
5482        0.133616915423
5483        0.196558872305
5484        0.147031509121
5486        0.169454394693
5490        0.177129353234
5491        0.217184079602
5492        0.0528490878939
5494        0.0909817578773
5495        0.0182388059701
5496        0.265263681592
5498        0.0348308457711
5499        0.0736202321725
5500        0.138393034826
5501        0.110316749585
5503        0.139767827529
5505        0.0905754560531
5506        0.0866533996683
5507        0.0789651741294
5509        0.148281923715
5510        0.189734660033
5511        0.204694859038
5512        0.078311774461
5513        0.0611127694859
5516        0.0211376451078
5517        0.137711442786
5518        0.0779253731343
5519        0.246447761194
5520        0.0628822553897
5521        0.0911990049751
5522        0.173873963516
5532        0.0722437810945
5533        0.10964344942
5535        0.0911393034826
5536        0.101260364842
5537        0.0269220563847
5539        0.201089552239
5540        0.17615920398
5543        0.0563631840796
5547        0.0582752902156
5548        0.058543946932
5549        0.170180762852
5551        0.234013266998
5553        0.0328291873964
5554        0.0383665008292
5556        0.270444444444
5557        0.242089552239
5558        0.0300663349917
5559        0.225771144279
5560        0.0831774461028
5561        0.0886915422886
5563        0.0525621890547
5564        0.177129353234
5565        0.0761293532338
5567        0.0303698175788
5568        0.0546384742952
5569        0.0265024875622
5571        0.210754560531
5572        0.0110862354892
5573        0.0161558872305
5577        0.17799668325
5578        0.0584494195688
5580        0.118288557214
5582        0.0922752902156
5583        0.178782752902
5586        0.0967628524046
5587        0.156820895522
5588        0.118524046434
5589        0.0755621890547
5590        0.201469320066
5592        0.0511293532338
5594        0.155918739635
5595        0.177986733002
5596        0.0496533996683
5597        0.0633349917081
5598        0.0270132669983
5599        0.133271973466
5600        0.0979353233831
5603        0.100253731343
5604        0.176424543947
5606        0.109847429519
5607        0.240097844113
5609        0.0698922056385
5610        0.172930348259
5611        0.170588723051
5612        0.0497495854063
5615        0.1328026534
5617        0.184975124378
5618        0.104462686567
5619        0.0299701492537
5620        0.0613781094527
5621        0.223467661692
5622        0.140457711443
5623        0.199946932007
5625        0.0634577114428
5627        0.0299834162521
5628        0.121305140962
5629        0.0925240464345
5630        0.15708291874
5631        0.210170812604
5632        0.273834162521
5639        0.0999585406302
5641        0.122562189055
5645        0.153087893864
5646        0.34828358209
5648        0.133946932007
5650        0.320809286899
5651        0.183502487562
5652        0.162053067993
5653        0.0264510779436
5655        0.160887230514
5656        0.171543946932
5661        0.0909966832504
5662        0.211835820896
5666        0.172512437811
5668        0.0870547263682
5669        0.323384742952
5671        0.234081260365
5672        0.198895522388
5673        0.171859038143
5674        0.11548092869
5675        0.106102819237
5676        0.14992371476
5677        0.108703150912
5678        0.0965190713101
5679        0.10324212272
5680        0.0929170812604
5681        0.0842587064677
5682        0.125094527363
5683        0.346812603648
5684        0.178867330017
5687        0.113728026534
5688        0.114411276949
5689        0.107364842454
5691        0.0994908789386
5692        0.0946699834163
5693        0.19460199005
5696        0.347593698176
5698        0.16799668325
5700        0.0890663349917
5702        0.113462686567
5703        0.116892205638
5704        0.0945456053068
5705        0.206543946932
5706        0.0975572139303
5710        0.107842454395
5712        0.177290215589
5713        0.150905472637
5714        0.178306799337
5719        0.0703582089552
5723        0.0962039800995
5726        0.198562189055
5727        0.290039800995
5730        0.0808507462687
5731        0.0768208955224
5736        0.147888888889
5737        0.175441127695
5738        0.236381426202
5739        0.0252305140962
5742        0.0903300165837
5743        0.0929220563847
5745        0.00385074626866
5746        0.102686567164
5749        0.0997346600332
5750        0.120348258706
5754        0.0908872305141
5755        0.0672437810945
5756        0.191572139303
5760        0.153975124378
5761        0.199626865672
5762        0.086399668325
5763        0.132399668325
5765        0.106064676617
5767        0.132810945274
5768        0.171530679934
5769        0.0928673300166
5771        0.186049751244
5772        0.1574013267
5773        0.187749585406
5774        0.0964825870647
5778        0.166071310116
5779        0.217102819237
5784        0.277585406302
5786        0.0759021558872
5788        0.0907578772803
5789        0.0824378109453
5790        0.0977330016584
5792        0.139142620232
5794        0.105660033167
5798        0.182393034826
5836        0.059991708126
5839        0.0600978441128
5846        0.0491061359867
5855        0.0403466003317
5856        0.167227197347
5872        0.0866965174129
5881        0.0528341625207
5922        0.0405572139303
5927        0.0948026533997
5952        0.0940049751244
6057        0.112026533997
6059        0.101388059701
6061        0.193252072968
6062        0.148487562189
6063        0.0839054726368
6064        0.162220563847
6065        0.171223880597
6066        0.294001658375
6067        0.184570480929
6068        0.0615771144279
6070        0.138054726368
6071        0.116641791045
6072        0.116782752902
6073        0.161278606965
6076        0.174472636816
6077        0.174971807629
6078        0.209323383085
6079        0.257915422886
6080        0.173772802653
6081        0.209651741294
6082        0.289605306799
10571        0.162638474295
6086        0.152019900498
6088        0.0198623548922
6089        0.0420132669983
6091        0.121941956882
6095        0.226895522388
6097        0.0876749585406
6104        0.13963681592
6106        0.0334411276949
6107        0.0774378109453
6108        0.0731127694859
6109        0.124077943615
6112        0.0877578772803
6113        0.348194029851
6114        0.075127694859
6115        0.131109452736
6116        0.0888474295191
6121        0.00398009950249
6122        0.136505804312
6123        0.276102819237
6127        0.0926965174129
6128        0.208311774461
6129        0.188069651741
6130        0.170175787728
6136        0.162043117745
6137        0.162507462687
6138        0.134943615257
6139        0.0967578772803
6140        0.213325041459
6142        0.10423880597
6143        0.0886932006633
6144        0.0981857379768
6147        0.178991708126
6159        0.0890381426202
6161        0.0652603648425
6163        0.101548922056
6164        0.158072968491
6165        0.158394693201
6166        0.0925422885572
6167        0.138192371476
6171        0.0385422885572
6172        0.328494195688
6174        0.110371475954
6178        0.109456053068
6179        0.102870646766
6180        0.107457711443
6181        0.17896185738
6185        0.101135986733
6187        0.124777777778
6188        0.22756384743
6192        0.0443781094527
6194        0.210739635158
6195        0.170714759536
6196        0.325674958541
6197        0.16760199005
6198        0.1751973466
6199        0.177323383085
6200        0.0928938640133
6201        0.214759535655
6202        0.189278606965
6203        0.250202321725
6205        0.202504145937
6210        0.0990132669983
6213        0.092464344942
6214        0.112364842454
6217        0.0869668325041
6218        0.28775787728
6220        0.0717694859038
6223        0.113774461028
6225        0.175709784411
6226        0.0871393034826
6227        0.168330016584
6228        0.112613598673
6233        0.0924328358209
6234        0.173597014925
6235        0.334139303483
6239        0.0400547263682
6241        0.0580663349917
6242        0.0805655058043
6243        0.165422885572
6245        0.268492537313
6248        0.260044776119
6249        0.0997893864013
6250        0.132585406302
6254        0.109875621891
6255        0.182270315091
6258        0.0932902155887
6259        0.277489220564
6260        0.109728026534
6261        0.238469320066
6263        0.101928689884
6266        0.168774461028
6269        0.0886865671642
6283        0.164978441128
6285        0.0896517412935
6287        0.149616915423
6289        0.0905207296849
6292        0.158721393035
6294        0.13623880597
6295        0.213059701493
6296        0.10883747927
6297        0.119633499171
6299        0.15639800995
6301        0.101170812604
6302        0.219218905473
6303        0.163608623549
6305        0.0993946932007
6306        0.115489220564
6307        0.109344941957
6308        0.152611940299
6309        0.0963615257048
6310        0.102391376451
6313        0.114237147595
6314        0.158490878939
6315        0.0827993366501
6317        0.155253731343
6319        0.166266998342
6320        0.212752902156
6322        0.167835820896
6325        0.0891625207297
6326        0.0891111111111
6327        0.212011608624
6331        0.1237960199
6332        0.180956882255
6334        0.156524046434
6335        0.118830845771
6342        0.0492703150912
6345        0.264966832504
6347        0.33624212272
6348        0.0930762852405
6349        0.0822736318408
6350        0.166431177446
6351        0.136326699834
6352        0.24291708126
6354        0.244072968491
6355        0.14868159204
6357        0.101628524046
6358        0.0956782752902
6359        0.152809286899
6362        0.0852371475954
6364        0.105756218905
6365        0.156247097844
6367        0.121223880597
6368        0.101721393035
6369        0.0890165837479
6371        0.208278606965
6372        0.175679933665
6373        0.1555986733
6375        0.0802703150912
6376        0.170215588723
6377        0.0355240464345
6379        0.188145936982
6380        0.169877280265
6381        0.163699834163
6382        0.179270315091
6383        0.132696517413
6384        0.173718076285
6385        0.154733001658
6386        0.158300165837
6387        0.180724709784
8396        0.081127694859
6390        0.0942487562189
6391        0.228182421227
6392        0.105213930348
6394        0.223558872305
6395        0.172932006633
6396        0.111822553897
6400        0.160427860697
6401        0.0993731343284
6402        0.124470978441
6404        0.0953631840796
6405        0.159510779436
6406        0.0852587064677
6407        0.0609767827529
6409        0.113577114428
6410        0.0977131011609
6411        0.100399668325
6412        0.143346600332
6413        0.0863266998342
6419        0.163781094527
6423        0.159058043118
6425        0.0935621890547
6427        0.222058043118
6428        0.186169154229
6429        0.0838888888889
6430        0.109217247098
6431        0.196860696517
6432        0.182885572139
6433        0.138426202322
6434        0.199469320066
6435        0.108227197347
6437        0.16543946932
6441        0.106558872305
6448        0.174320066335
6449        0.0994427860697
6450        0.127651741294
6451        0.173004975124
6453        0.345873963516
6455        0.184782752902
6456        0.213573797678
6458        0.203679933665
6459        0.17144278607
6460        0.170616915423
6461        0.346466003317
6462        0.118325041459
6463        0.198809286899
6465        0.0939966832504
6467        0.330671641791
6468        0.218066334992
6469        0.240127694859
6470        0.128825870647
6471        0.0690232172471
6472        0.164150912106
6473        0.107691542289
6474        0.175776119403
6476        0.106711442786
6477        0.105794361526
6478        0.316543946932
6480        0.180049751244
6481        0.135096185738
6482        0.192416252073
6484        0.161552238806
6487        0.103825870647
6488        0.0701061359867
6494        0.0403698175788
6495        0.0472587064677
6496        0.0886252072968
6498        0.0810613598673
6499        0.173452736318
6501        0.106
6502        0.212830845771
6503        0.164150912106
6505        0.23528358209
6507        0.102900497512
6508        0.0669469320066
6512        0.0963432835821
6515        0.0921011608624
6517        0.156789386401
6521        0.224190713101
6525        0.153814262023
6527        0.15527694859
6534        0.101499170813
6535        0.0895588723051
6536        0.107089552239
6537        0.0652570480929
6539        0.115686567164
6540        0.155552238806
6541        0.178081260365
6542        0.115499170813
6543        0.0508606965174
6545        0.155709784411
6547        0.0907562189055
6549        0.0821691542289
6551        0.0903797678275
6552        0.119872305141
6553        0.33060199005
6554        0.147786069652
6555        0.150426202322
6561        0.233426202322
6562        0.155956882255
6563        0.214543946932
6565        0.0837048092869
6566        0.208388059701
6567        0.0474311774461
6568        0.145543946932
6569        0.0852570480929
6570        0.105711442786
6571        0.149656716418
6575        0.17743615257
6576        0.196699834163
6577        0.170446102819
6580        0.179703150912
6582        0.185907131012
6583        0.21087893864
6584        0.111963515755
6586        0.116819237148
6587        0.159354892206
6588        0.140953565506
6589        0.09971973466
6590        0.0410679933665
6591        0.101116086235
6592        0.0979104477612
6593        0.0786102819237
6595        0.0601310116086
6597        0.268507462687
6600        0.0824029850746
6601        0.162024875622
6603        0.0780497512438
6604        0.169621890547
6606        0.154648424544
6607        0.0801393034826
6614        0.0922056384743
6618        0.170595356551
6619        0.143230514096
6620        0.15207628524
6621        0.0896500829187
6623        0.162980099502
6629        0.131613598673
6630        0.0822006633499
6633        0.0302603648425
6635        0.0651857379768
6637        0.0975323383085
6638        0.101713101161
6639        0.0753731343284
6640        0.13167827529
6641        0.185517412935
6644        0.0768905472637
6646        0.132414593698
6648        0.0981857379768
6650        0.168603648425
6653        0.11572305141
6654        0.102892205638
6656        0.16047761194
6658        0.0631243781095
6659        0.139484245439
6660        0.307998341625
6661        0.154650082919
6662        0.0544278606965
6663        0.0769950248756
6664        0.261084577114
6665        0.137756218905
6666        0.0892172470978
6667        0.0229137645108
6668        0.0653980099502
6669        0.0788059701493
6670        0.153839137645
6671        0.0199452736318
6673        0.045912106136
6675        0.13871973466
6677        0.116320066335
6678        0.0563731343284
6679        0.204004975124
6680        0.234525704809
6681        0.0690862354892
6682        0.140567164179
6683        0.228364842454
6684        0.150102819237
6685        0.262054726368
6686        0.12432172471
6687        0.144131011609
6688        0.0808009950249
6689        0.104001658375
6690        0.0913615257048
6691        0.0498059701493
6694        0.0955074626866
6695        0.101386401327
6696        0.180288557214
6697        0.13748092869
6702        0.0407844112769
6703        0.040807628524
6705        0.175648424544
6706        0.0908059701493
6707        0.100127694859
6708        0.100701492537
6709        0.0405953565506
6711        0.0290298507463
6713        0.137394693201
6714        0.0633084577114
6715        0.0527346600332
6716        0.254951907131
6717        0.0890281923715
6718        0.125762852405
6719        0.200729684909
6720        0.0700464344942
6721        0.0952039800995
6722        0.058135986733
6723        0.0180199004975
6726        0.0673366500829
6727        0.183769485904
6728        0.157709784411
6729        0.0650431177446
6730        0.179862354892
6731        0.0530613598673
6732        0.123908789386
6733        0.0874859038143
6734        0.120416252073
6735        0.116744610282
6737        0.116039800995
6738        0.0788059701493
6739        0.071824212272
6740        0.0288955223881
6741        0.108134328358
6742        0.303676616915
6743        0.0770348258706
6744        0.0266218905473
6745        0.278638474295
6746        0.076175787728
6747        0.071671641791
6750        0.0248424543947
6751        0.103089552239
6752        0.148016583748
6753        0.158922056385
6754        0.226394693201
6755        0.170812603648
6756        0.0522653399668
6757        0.149595356551
6758        0.151651741294
6760        0.130913764511
6761        0.116
6762        0.271603648425
6763        0.0681542288557
6764        0.066127694859
6765        0.280371475954
6769        0.0543300165837
6770        0.108406301824
6771        0.0836351575456
6772        0.128973466003
6773        0.0581791044776
6774        0.2052039801
6776        0.114053067993
6778        0.136336650083
6779        0.213817578773
6782        0.0196998341625
6783        0.180812603648
6784        0.0370199004975
6785        0.0635257048093
6787        0.069807628524
6790        0.108205638474
6792        0.29955721393
6793        0.0941343283582
6795        0.0776749585406
6796        0.0214709784411
6798        0.0387711442786
6799        0.0964792703151
6800        0.060184079602
6802        0.170590381426
6803        0.0825091210614
6804        0.0731542288557
6805        0.2125986733
6806        0.175600331675
6807        0.0126932006633
6809        0.0319933665008
6810        0.0110978441128
6812        0.032456053068
6813        0.19088225539
6819        0.047271973466
6820        0.0228756218905
2502        0.130792703151
6822        0.0382205638474
6825        0.0838524046434
6826        0.108860696517
6827        0.161217247098
6829        0.153951907131
6830        0.22792039801
10696        0.136311774461
6834        0.0297313432836
6835        0.0942835820896
6837        0.0997330016584
6840        0.0198092868988
6841        0.284610281924
6844        0.0790381426202
6845        0.0702686567164
6846        0.141888888889
6847        0.080127694859
6848        0.0773731343284
6849        0.115990049751
6850        0.117416252073
6851        0.0197744610282
6852        0.104547263682
6853        0.058184079602
6855        0.18215920398
6856        0.0458772802653
6858        0.0513698175788
6859        0.201749585406
6863        0.160426202322
6864        0.0790348258706
6865        0.0336849087894
6866        0.178006633499
6867        0.0356451077944
6868        0.0164129353234
6870        0.192014925373
6871        0.0559552238806
6873        0.18639800995
6875        0.0160199004975
6876        0.0478507462687
6878        0.063271973466
6879        0.101199004975
6880        0.000452736318408
6881        0.0881625207297
6882        0.0813731343284
6883        0.0794129353234
6884        0.0393449419569
6886        0.00881592039801
6887        0.0496766169154
6888        0.0612338308458
6893        0.0961028192371
6894        0.0964676616915
6896        0.0296368159204
6897        0.123573797678
10707        0.098192371476
6900        0.222039800995
6901        0.0338208955224
6902        0.200431177446
6903        0.0892868988391
6904        0.133550580431
6905        0.227759535655
6906        0.101232172471
6912        0.111769485904
6913        0.0974660033167
6916        0.0840995024876
6922        0.132192371476
6924        0.0817064676617
6925        0.180628524046
6931        0.0997330016584
6932        0.148072968491
6933        0.0999303482587
6936        0.102850746269
6938        0.228691542289
6939        0.266495854063
6941        0.15363681592
6942        0.127517412935
6944        0.227789386401
6946        0.116288557214
6947        0.157752902156
6948        0.0880912106136
6949        0.165373134328
6950        0.0902520729685
6954        0.118606965174
6955        0.231157545605
6957        0.0478872305141
6967        0.164900497512
6969        0.158772802653
6971        0.0819950248756
6973        0.232056384743
6975        0.0945223880597
6979        0.0902437810945
6981        0.181452736318
6983        0.166091210614
6984        0.0827495854063
6986        0.111786069652
6989        0.180174129353
6990        0.0855373134328
6991        0.0891409618574
6992        0.171044776119
6993        0.244013266998
6994        0.11660199005
6995        0.0926683250415
6996        0.0786998341625
6997        0.111653399668
6998        0.104925373134
7003        0.0660033167496
7006        0.0823034825871
7014        0.103912106136
7015        0.196689883914
7016        0.143172470978
7017        0.182741293532
7018        0.292726368159
7019        0.254134328358
7020        0.0359286898839
7021        0.0804809286899
7022        0.0848474295191
7023        0.20684079602
7026        0.166172470978
7029        0.0795754560531
7033        0.115419568823
7035        0.154729684909
7037        0.203366500829
7038        0.051407960199
7040        0.112542288557
7041        0.0806533996683
7042        0.0731907131012
7043        0.100202321725
7044        0.0939220563847
7046        0.0862769485904
7047        0.114827529022
7050        0.0340298507463
7051        0.167119402985
7052        0.0870580431177
7053        0.101444444444
7054        0.101328358209
7055        0.12668159204
7057        0.173364842454
7058        0.164139303483
7061        0.102741293532
7062        0.108558872305
7064        0.0786932006633
7065        0.22500331675
7066        0.111903814262
7068        0.175063018242
7070        0.160603648425
7071        0.111641791045
7078        0.221877280265
7079        0.16608291874
7080        0.0550646766169
7087        0.0475240464345
7089        0.0853134328358
7091        0.0891310116086
7092        0.15744278607
7095        0.187694859038
7096        0.15696185738
7098        0.175049751244
7101        0.0977396351575
7105        0.17155721393
7106        0.149925373134
7107        0.0990597014925
7113        0.155731343284
7115        0.214737976783
7120        0.0354610281924
7122        0.103021558872
7124        0.0913880597015
7125        0.0393515754561
7127        0.164648424544
7128        0.0868805970149
7132        0.0872039800995
7133        0.174711442786
7137        0.0628706467662
7138        0.090552238806
7139        0.18771973466
7140        0.184726368159
7143        0.117288557214
7144        0.160588723051
7147        0.15896185738
7148        0.16592371476
7151        0.168751243781
7152        0.177880597015
7153        0.0935887230514
7157        0.0799568822554
7160        0.176711442786
7163        0.101862354892
7168        0.14251907131
7169        0.178145936982
7170        0.290157545605
7174        0.129653399668
7176        0.150807628524
7177        0.102223880597
7178        0.103281923715
7179        0.162346600332
7180        0.167212271973
7181        0.132459369818
7183        0.102275290216
7188        0.142668325041
7189        0.215134328358
7192        0.0972703150912
7193        0.119152570481
7194        0.186127694859
7195        0.0476119402985
7199        0.0720630182421
7200        0.0941625207297
7201        0.224255389718
7203        0.163225538972
7206        0.191286898839
7207        0.148704809287
7208        0.101092868988
7212        0.10099668325
7217        0.102820895522
7219        0.226266998342
7220        0.104918739635
7222        0.0940746268657
7223        0.129749585406
7224        0.217686567164
7226        0.189973466003
7227        0.172941956882
7228        0.145182421227
7229        0.167570480929
7234        0.0937910447761
7235        0.166888888889
7239        0.132772802653
7250        0.189281923715
7252        0.0824543946932
7253        0.0981625207297
7254        0.161918739635
7255        0.098855721393
7256        0.10308291874
7257        0.102873963516
7258        0.237157545605
7260        0.198469320066
7261        0.0887993366501
7263        0.155281923715
7264        0.0858573797678
7265        0.112656716418
7267        0.0938109452736
7268        0.151278606965
7269        0.159956882255
7271        0.164698175788
7275        0.107358208955
7276        0.0861542288557
7277        0.0650381426202
7279        0.101913764511
7281        0.0819568822554
7282        0.154175787728
7283        0.157475953566
7284        0.148165837479
7288        0.0935621890547
7289        0.109671641791
7290        0.0843366500829
7291        0.095943615257
7292        0.0856169154229
7293        0.109593698176
7294        0.0940066334992
7296        0.196358208955
7298        0.0698391376451
7300        0.177585406302
7301        0.0397346600332
7303        0.242530679934
7304        0.0964875621891
7306        0.0247097844113
7307        0.0405704809287
7308        0.107772802653
7312        0.106485903814
7313        0.0229718076285
7314        0.166257048093
7315        0.0888673300166
7317        0.105
7318        0.0843781094527
7319        0.127106135987
7321        0.155124378109
7322        0.134170812604
7323        0.0996467661692
7325        0.0775306799337
7326        0.0229817578773
7332        0.113628524046
7333        0.135673300166
7334        0.105822553897
7336        0.114054726368
7337        0.138270315091
7338        0.152220563847
7340        0.0841824212272
7341        0.184747927032
7342        0.101145936982
7343        0.186631840796
7344        0.117998341625
7345        0.0877048092869
7346        0.0262437810945
7349        0.103623548922
7351        0.032144278607
7353        0.0874361525705
7354        0.220762852405
7358        0.160255389718
7359        0.12207628524
7360        0.096184079602
7361        0.107199004975
7362        0.164779436153
7363        0.165998341625
7365        0.150638474295
7366        0.104529021559
7367        0.105786069652
7368        0.0875621890547
7369        0.15943615257
7370        0.0317479270315
7372        0.166194029851
7374        0.263187396352
7377        0.0926832504146
7382        0.0877296849088
7385        0.238610281924
7386        0.16808291874
7391        0.0941807628524
7393        0.0405621890547
7396        0.064056384743
7397        0.0531492537313
7398        0.0615389718076
7410        0.103330016584
7414        0.0772072968491
7416        0.0699286898839
7417        0.0939668325041
7420        0.0892388059701
7424        0.135134328358
7425        0.0789684908789
7426        0.176393034826
7427        0.107213930348
7430        0.171669983416
7431        0.11148092869
7432        0.0985306799337
7433        0.0811956882255
7434        0.168295190713
7435        0.110797678275
7438        0.123102819237
7439        0.153245439469
7441        0.0838805970149
7442        0.176142620232
7443        0.0262902155887
7445        0.0951426202322
7452        0.169129353234
7459        0.111777777778
7460        0.0668424543947
7462        0.0950414593698
7466        0.0922570480929
7470        0.143603648425
7473        0.19227694859
7474        0.21647761194
7475        0.0719966832504
7476        0.0617777777778
7477        0.0927960199005
7479        0.138034825871
7480        0.11743946932
7482        0.144903814262
7483        0.114326699834
7485        0.0443897180763
7486        0.0893399668325
7489        0.0720116086235
7490        0.121290215589
7491        0.0996417910448
7496        0.0718822553897
7497        0.0981724709784
7498        0.0291077943615
7499        0.0744311774461
7500        0.24315920398
7501        0.231626865672
7502        0.119494195688
7503        0.104850746269
7506        0.0773764510779
7511        0.124673300166
7512        0.150827529022
7514        0.0523383084577
7515        0.155344941957
7518        0.178165837479
7521        0.094096185738
7525        0.142731343284
7527        0.090943615257
7544        0.13328358209
7545        0.119212271973
7556        0.077328358209
7557        0.129583747927
7558        0.125877280265
7559        0.142127694859
7561        0.0753747927032
7562        0.0763482587065
7563        0.0545373134328
7564        0.0214726368159
7565        0.100943615257
7567        0.103545605307
7569        0.0691227197347
7570        0.0650646766169
7571        0.0455704809287
7572        0.0647545605307
7573        0.065447761194
7574        0.071592039801
7577        0.0544145936982
7578        0.0843499170813
7579        0.0358325041459
7580        0.0408175787728
7581        0.0892752902156
7582        0.0864759535655
7585        0.101862354892
7586        0.104087893864
7589        0.0873134328358
7590        0.15964344942
7594        0.234305140962
7604        0.0252421227197
7605        0.0868789386401
7613        0.0541160862355
7616        0.132396351575
7621        0.0580281923715
7631        0.0305737976783
7632        0.083872305141
7633        0.136150912106
7637        0.0526102819237
7644        0.073815920398
7646        0.10124212272
7687        0.113706467662
7724        0.166812603648
7725        0.209621890547
7726        0.0936500829187
7731        0.166145936982
7734        0.169655058043
7736        0.0957097844113
7737        0.158552238806
7739        0.0951194029851
7742        0.153651741294
7748        0.16343615257
7750        0.103
7751        0.0835771144279
7754        0.181588723051
7756        0.143223880597
7757        0.156072968491
7760        0.163767827529
7765        0.0994776119403
7767        0.148048092869
7769        0.158618573798
7770        0.26900331675
7772        0.166330016584
7775        0.107517412935
7776        0.0925572139303
7777        0.0941177446103
7778        0.175822553897
7781        0.0599701492537
7782        0.125258706468
7784        0.0769933665008
7785        0.0716517412935
7786        0.105414593698
7787        0.0999767827529
7788        0.142830845771
7790        0.116897180763
7792        0.152195688226
7795        0.0923266998342
7800        0.143673300166
7806        0.140331674959
7810        0.10327694859
7811        0.104660033167
7814        0.0954096185738
7816        0.0774278606965
7820        0.179744610282
7823        0.157535655058
7825        0.110981757877
7829        0.0889071310116
7832        0.165462686567
7833        0.139948590381
7835        0.075271973466
7836        0.15856053068
7837        0.0926152570481
7838        0.0843714759536
7839        0.143615257048
7849        0.173150912106
7850        0.092552238806
7851        0.178137645108
7855        0.11463681592
7856        0.103024875622
7859        0.160575456053
7862        0.117131011609
7864        0.042048092869
7865        0.0446981757877
7868        0.157190713101
7873        0.0696152570481
7876        0.178665008292
7877        0.108334991708
7878        0.0451326699834
7881        0.178084577114
7882        0.0891077943615
7884        0.179235489221
7886        0.177044776119
7888        0.133127694859
7891        0.162134328358
7892        0.176575456053
7893        0.179638474295
7894        0.171334991708
7895        0.136868988391
7900        0.111399668325
7902        0.0581011608624
7903        0.0762935323383
7908        0.082399668325
7910        0.0828507462687
7913        0.167779436153
7914        0.0924145936982
7915        0.116656716418
7918        0.0959187396352
7920        0.0876600331675
7922        0.26299668325
7923        0.107237147595
7927        0.125004975124
7928        0.11395854063
7929        0.184330016584
7933        0.0847114427861
7934        0.0594925373134
7938        0.185104477612
7941        0.176092868988
7943        0.109414593698
7946        0.0947180762852
7949        0.187298507463
7951        0.106898839138
7954        0.0876451077944
7958        0.136069651741
7959        0.100071310116
7960        0.183344941957
7962        0.0981973466003
7964        0.0754179104478
7965        0.0421774461028
7966        0.157893864013
7973        0.0986053067993
7976        0.0647529021559
7977        0.162635157546
7979        0.0876782752902
7981        0.0942769485904
7982        0.152399668325
7984        0.0927247097844
7985        0.106417910448
7992        0.050096185738
7993        0.102752902156
7996        0.0594709784411
7997        0.083416252073
8000        0.089232172471
8001        0.250769485904
8005        0.170734660033
8007        0.0430928689884
8008        0.0928706467662
8009        0.167504145937
8010        0.0918308457711
8011        0.115787728027
8012        0.166014925373
8013        0.110058043118
8015        0.174860696517
8016        0.0907263681592
8017        0.107963515755
8018        0.0691940298507
8021        0.181953565506
8022        0.176749585406
8023        0.0942553897181
8024        0.0107661691542
8028        0.202540630182
8036        0.0692205638474
8037        0.101698175788
8038        0.0922039800995
8039        0.151091210614
8041        0.103243781095
8043        0.272535655058
8046        0.101547263682
8048        0.160562189055
8051        0.0630281923715
8052        0.162469320066
8056        0.0932222222222
8057        0.103248756219
8058        0.167868988391
8059        0.128835820896
8060        0.0964278606965
8061        0.151839137645
8062        0.187656716418
8063        0.193185737977
8066        0.0612603648425
8068        0.200656716418
8069        0.0978905472637
8070        0.0858922056385
8077        0.169426202322
8078        0.0961641791045
8079        0.189872305141
8080        0.169174129353
8081        0.160527363184
8082        0.0930779436153
8083        0.0878955223881
8085        0.170877280265
8087        0.0913167495854
8088        0.0838872305141
8090        0.1378026534
8091        0.137928689884
8093        0.0935339966833
8094        0.0367777777778
8095        0.157983416252
8097        0.170301824212
8098        0.0926484245439
8100        0.0859220563847
8101        0.0752703150912
8105        0.0991177446103
8111        0.0761094527363
8114        0.113747927032
8115        0.0915124378109
8117        0.0836334991708
8118        0.173266998342
8119        0.104804311774
8120        0.181046434494
8121        0.110265339967
8123        0.095232172471
8125        0.11820066335
8130        0.097464344942
8133        0.163804311774
8134        0.175341625207
8135        0.0947545605307
8137        0.1878026534
8138        0.134451077944
8140        0.0611774461028
8142        0.075048092869
8143        0.167547263682
8145        0.0368971807629
8146        0.158112769486
8148        0.0406086235489
8151        0.0609535655058
8152        0.0977412935323
8153        0.0933781094527
8154        0.0947131011609
8156        0.170081260365
6821        0.184663349917
8160        0.00922885572139
8161        0.172630182421
8166        0.182344941957
8168        0.168668325041
8169        0.0404991708126
8170        0.172635157546
8174        0.0990613598673
8175        0.095960199005
8179        0.0886334991708
8180        0.157419568823
8185        0.120892205638
8187        0.0445621890547
8188        0.166378109453
