1        0.3151724137931018
2        0.5607881773399006
3        0.4677668308702776
4        0.4151559934318537
5        0.5993596059113291
6        0.28678160919540147
7        0.4324630541871901
8        0.7717898193760259
9        0.7882758620689654
10        0.6060098522167475
11        0.81
12        0.6626436781609184
13        0.7344499178981931
14        0.579178981937601
15        0.8405747126436777
16        0.34233169129720703
17        0.8293760262725778
18        0.8407224958949098
19        0.8387027914614127
20        0.838029556650246
21        0.30366174055829076
22        0.296453201970442
23        0.4738752052545136
24        0.8200492610837435
25        0.8333661740558291
26        0.4600164203612461
27        0.837931034482759
28        0.7919211822660094
29        0.8178653530377668
30        0.7636945812807877
31        0.8314121510673227
32        0.8391461412151068
33        0.7396715927750408
34        0.8225944170771753
35        0.6288341543513947
36        0.570771756978652
37        0.5825944170771744
38        0.28676518883415286
39        0.7436617405582915
40        0.6459441707717561
41        0.7922495894909687
42        0.8410180623973731
43        0.8094581280788182
44        0.5629064039408853
45        0.7067651888341534
46        0.8399999999999995
47        0.8377339901477828
48        0.8356650246305414
49        0.8366338259441713
50        0.8311822660098522
51        0.8271264367816096
52        0.5935139573070595
53        0.7186042692939237
54        0.8381280788177338
55        0.8350738916256156
56        0.840492610837438
57        0.8402791461412147
58        0.7665681444991792
59        0.8409195402298851
60        0.8335632183908047
61        0.5903284072249575
62        0.5896551724137917
63        0.8391625615763543
64        0.841724137931035
65        0.2835632183908033
66        0.36305418719211685
67        0.4741543513957291
68        0.8389490968801312
69        0.8003119868637104
70        0.8257799671592776
71        0.8329228243021354
72        0.7788013136288993
73        0.7007553366174055
74        0.840032840722496
75        0.8357635467980296
76        0.5165517241379293
77        0.780410509031198
78        0.6156650246305403
79        0.8383743842364532
80        0.521592775041049
81        0.5871756978653515
82        0.8313136288998354
83        0.8096223316912972
84        0.262019704433497
85        0.827536945812808
86        0.7055336617405573
87        0.4627422003284058
88        0.44885057471264245
89        0.2729556650246289
90        0.7209359605911322
91        0.8382266009852214
92        0.8385221674876847
93        0.8388341543513956
94        0.6649753694581275
95        0.8403119868637109
96        0.4869622331691278
97        0.5790804597701134
98        0.832873563218391
99        0.6550738916256148
100        0.2899835796387506
101        0.8332512315270936
102        0.8335796387520523
103        0.7563711001642033
104        0.8332183908045983
105        0.8384400656814448
106        0.7362561576354676
107        0.7399014778325117
108        0.7943021346469623
109        0.8393760262725779
110        0.46522167487684574
111        0.7158784893267642
112        0.29208538587848804
113        0.8398029556650247
114        0.7902791461412151
115        0.839638752052545
116        0.838489326765189
117        0.8343349753694579
118        0.8172577996715927
119        0.8396387520525448
120        0.44543513957306885
121        0.7610837438423647
122        0.7729720853858785
123        0.6753201970443339
124        0.8398029556650252
125        0.6056321839080447
126        0.8428735632183905
127        0.2957471264367803
128        0.838226600985222
129        0.8381116584564858
130        0.8405418719211821
131        0.8386699507389171
132        0.8400328407224956
133        0.4743349753694564
134        0.8409359605911332
135        0.8398029556650246
136        0.45011494252873385
137        0.2928899835796375
138        0.8086699507389157
139        0.5811165845648595
140        0.7091625615763539
141        0.8403284072249592
142        0.7618719211822655
143        0.841247947454844
144        0.7778653530377663
145        0.8389326765188834
146        0.46776683087027776
147        0.45696223316912776
148        0.8185550082101803
149        0.8190311986863706
150        0.8366502463054185
151        0.8229064039408868
152        0.7942857142857143
153        0.84016420361248
154        0.25970443349753575
155        0.650344827586206
156        0.7686535303776677
157        0.838062397372742
158        0.8372249589490972
159        0.838834154351396
160        0.8223316912972084
161        0.8397701149425293
162        0.4788505747126425
163        0.8391461412151067
164        0.8315763546798023
165        0.696962233169129
166        0.837832512315271
167        0.8345977011494251
168        0.8098193760262724
169        0.8390476190476192
170        0.8400821018062397
171        0.6538095238095226
172        0.8176190476190476
173        0.8317569786535312
174        0.8379638752052542
175        0.57950738916256
176        0.510443349753693
177        0.8278325123152712
178        0.8396551724137931
179        0.8401970443349753
180        0.8404269293924462
181        0.5800328407224947
182        0.8387356321839081
183        0.5049425287356305
184        0.8372577996715933
185        0.8372085385878496
186        0.8395894909688009
187        0.696748768472905
188        0.2977504105090301
189        0.8404433497536946
190        0.8410837438423647
191        0.8360098522167492
192        0.6815106732348103
193        0.8408866995073888
194        0.8370114942528737
195        0.8289655172413801
196        0.8404433497536943
197        0.8379802955665024
198        0.46724137931034304
199        0.6981116584564852
200        0.6505582922824293
201        0.4736781609195389
202        0.7530706075533653
203        0.49320197044334796
