1        0.12704433497536957
2        0.3244170771756963
3        0.20466338259441735
4        0.13865353037766848
5        0.3287356321839068
6        0.14164203612479487
7        0.14663382594417093
8        0.489934318555006
9        0.5377339901477812
10        0.30080459770114826
11        0.622479474548438
12        0.38441707717569595
13        0.4065188834154335
14        0.3096223316912956
15        0.7030213464696209
16        0.12482758620689668
17        0.6540886699507372
18        0.7083087027914595
19        0.7081280788177325
20        0.66950738916256
21        0.12756978653530396
22        0.13479474548440082
23        0.24609195402298772
24        0.5431691297208519
25        0.6768637110016406
26        0.20842364532019728
27        0.7044499178981921
28        0.4566009852216727
29        0.6310673234811152
30        0.5270935960591117
31        0.6212151067323465
32        0.7069950738916244
33        0.4381116584564841
34        0.6070771756978633
35        0.34065681444991625
36        0.3125944170771742
37        0.30400656814449795
38        0.12973727422003303
39        0.43500821018062236
40        0.40392446633825757
41        0.4843842364532004
42        0.6589983579638736
43        0.5660591133004906
44        0.3152873563218378
45        0.4153201970443332
46        0.7066174055829214
47        0.7033661740558276
48        0.6603612479474531
49        0.6525123152709342
50        0.6140886699507371
51        0.607471264367814
52        0.3275862068965503
53        0.4364696223316898
54        0.7051559934318539
55        0.704203612479473
56        0.7055829228243014
57        0.7085057471264348
58        0.4887027914614103
59        0.7045320197044327
60        0.6553037766830855
61        0.3359277504105073
62        0.32697865353037625
63        0.7046305418719199
64        0.7050082101806221
65        0.14123152709359624
66        0.18152709359605934
67        0.21977011494252877
68        0.7053694581280777
69        0.5598522167487665
70        0.6095073891625595
71        0.6426765188834145
72        0.39481116584564696
73        0.3699343185550064
74        0.7063382594417056
75        0.6511330049261074
76        0.2089490968801316
77        0.5041543513957286
78        0.3349917898193743
79        0.7018062397372734
80        0.2773399014778316
81        0.32387520525451396
82        0.5731198686371085
83        0.5771428571428555
84        0.13640394088669963
85        0.6257635467980279
86        0.39986863711001486
87        0.21945812807881784
88        0.2214942528735633
89        0.14397372742200348
90        0.4234154351395711
91        0.7036288998357948
92        0.6305090311986848
93        0.7031855500821004
94        0.38157635467980117
95        0.7019704433497522
96        0.2485385878489323
97        0.2901806239737263
98        0.662988505747125
99        0.41098522167487467
100        0.11827586206896568
101        0.6975369458128059
102        0.6398357963875186
103        0.49326765188833965
104        0.6358456486042673
105        0.6560098522167471
106        0.42666666666666503
107        0.4786863711001622
108        0.5216912972085365
109        0.6999835796387509
110        0.21563218390804603
111        0.4346798029556634
112        0.13829228243021363
113        0.7036945812807877
114        0.5211658456486024
115        0.7068472906403924
116        0.7045155993431841
117        0.6447126436781594
118        0.5946469622331673
119        0.7021510673234799
120        0.21206896551724164
121        0.4892282430213443
122        0.5022167487684707
123        0.417816091954021
124        0.7039737274220019
125        0.32786535303776543
126        0.7029885057471257
127        0.13247947454844022
128        0.7059277504105077
129        0.7051559934318543
130        0.7051888341543494
131        0.7060426929392433
132        0.7053037766830854
133        0.2258620689655172
134        0.7047619047619037
135        0.7050082101806225
136        0.2226600985221675
137        0.1512479474548442
138        0.5708045977011476
139        0.3103940886699491
140        0.46110016420361044
141        0.7051067323481099
142        0.46188834154351244
143        0.7042692939244647
144        0.5148440065681422
145        0.7046141215106718
146        0.23042692939244622
147        0.2443185550082098
148        0.5818226600985208
149        0.5856321839080446
150        0.6413628899835779
151        0.6393267651888321
152        0.5844827586206878
153        0.7063218390804576
154        0.14573070607553384
155        0.39170771756978495
156        0.4759605911330035
157        0.7028078817733975
158        0.7014449917898183
159        0.7040722495894897
160        0.5796059113300476
161        0.7027750410509013
162        0.24481116584564794
163        0.702873563218389
164        0.6183251231527079
165        0.45436781609195215
166        0.7020361247947439
167        0.6034975369458111
168        0.5739080459770096
169        0.6681609195402282
170        0.6984236453201957
171        0.37696223316912764
172        0.5920525451559918
173        0.644926108374382
174        0.6702298850574695
175        0.32259441707717434
176        0.21850574712643686
177        0.6590804597701133
178        0.6942364532019695
179        0.6873727422003267
180        0.7009688013136272
181        0.3340558292282414
182        0.6699178981937589
183        0.24555008210180573
184        0.6844827586206881
185        0.6785550082101791
186        0.6764367816091935
187        0.3385385878489312
188        0.13581280788177358
189        0.7053858784893253
190        0.7036781609195383
191        0.6474384236453186
192        0.387241379310343
193        0.7055336617405567
194        0.7050738916256142
195        0.6185385878489306
196        0.7061576354679787
197        0.6735303776683063
198        0.24474548440065627
199        0.44518883415434973
200        0.4095402298850559
201        0.2589162561576343
202        0.48500821018062207
203        0.22594417077175696
