1        0.025533661740558388
2        0.06131362889983588
3        0.0538423645320198
4        0.026798029556650314
5        0.0867980295566503
6        0.032955665024630626
7        0.0410180623973728
8        0.15548440065681468
9        0.17216748768472934
10        0.0839573070607554
11        0.20277504105090363
12        0.1010180623973728
13        0.13372742200328416
14        0.07850574712643685
15        0.36894909688013067
16        0.04087027914614131
17        0.22881773399014796
18        0.4052545155993432
19        0.46830870279146153
20        0.301100164203612
21        0.03845648604269302
22        0.040295566502463145
23        0.05333333333333341
24        0.2056321839080464
25        0.30633825944170745
26        0.05114942528735641
27        0.46310344827586203
28        0.14318555008210196
29        0.21282430213464723
30        0.19688013136289018
31        0.21919540229885096
32        0.44535303776683105
33        0.13750410509031213
34        0.19655172413793146
35        0.09776683087027922
36        0.11216748768472913
37        0.08568144499178987
38        0.03794745484400665
39        0.13372742200328422
40        0.11551724137931044
41        0.1783579638752056
42        0.3018883415435134
43        0.20435139573070635
44        0.10420361247947459
45        0.0979310344827587
46        0.4092939244663382
47        0.43957307060755313
48        0.2747126436781607
49        0.29697865353037706
50        0.265484400656814
51        0.2365845648604269
52        0.08098522167487691
53        0.14873563218390817
54        0.4674876847290637
55        0.4457635467980292
56        0.42426929392446594
57        0.43001642036124793
58        0.1463711001642038
59        0.4466830870279143
60        0.2926600985221671
61        0.07793103448275869
62        0.11077175697865359
63        0.45860426929392434
64        0.4309195402298849
65        0.03333333333333343
66        0.04932676518883424
67        0.05788177339901485
68        0.4227586206896552
69        0.20359605911330095
70        0.2502955665024625
71        0.27848932676518845
72        0.14756978653530395
73        0.12407224958949108
74        0.4438916256157635
75        0.281083743842364
76        0.0727422003284073
77        0.1610673234811168
78        0.060541871921182364
79        0.3660426929392444
80        0.05444991789819385
81        0.08957307060755344
82        0.23451559934318578
83        0.21985221674876873
84        0.040903119868637206
85        0.2376026272577995
86        0.11062397372742207
87        0.049835796387520614
88        0.049540229885057574
89        0.0421839080459771
90        0.1116748768472907
91        0.46518883415435125
92        0.24850574712643664
93        0.4305747126436778
94        0.12405582922824315
95        0.39683087027914604
96        0.06295566502463061
97        0.09004926108374392
98        0.25482758620689633
99        0.10715927750410514
100        0.029014778325123256
101        0.3176026272577992
102        0.24845648604269285
103        0.15674876847290667
104        0.2635467980295563
105        0.29456486042692875
106        0.1217733990147784
107        0.14983579638752068
108        0.18835796387520554
109        0.36126436781609134
110        0.03126436781609205
111        0.1411986863711004
112        0.03500821018062406
113        0.4263875205254513
114        0.21829228243021348
115        0.4512151067323481
116        0.43149425287356297
117        0.25916256157635453
118        0.22303776683087032
119        0.41105090311986836
120        0.07390804597701156
121        0.1606075533661743
122        0.17431855500821047
123        0.11362889983579649
124        0.44376026272577984
125        0.07904761904761912
126        0.37844006568144467
127        0.04297208538587858
128        0.43981937602627197
129        0.4575533661740558
130        0.44587848932676527
131        0.4603284072249589
132        0.46610837438423675
133        0.04901477832512324
134        0.4676026272577995
135        0.4186863711001641
136        0.052413793103448375
137        0.026059113300492705
138        0.2058620689655176
139        0.09018062397372748
140        0.14998357963875228
141        0.44160919540229854
142        0.16957307060755353
143        0.43326765188834127
144        0.16916256157635481
145        0.45540229885057487
146        0.05303776683087036
147        0.059770114942528825
148        0.20270935960591166
149        0.23916256157635463
150        0.2559441707717568
151        0.2489162561576355
152        0.238095238095238
153        0.4223316912972086
154        0.03371100164203621
155        0.1045812807881774
156        0.12517241379310357
157        0.3928078817733988
158        0.35832512315270904
159        0.4451724137931033
160        0.21729064039408902
161        0.4591133004926108
162        0.06441707717569793
163        0.4076518883415433
164        0.1988834154351399
165        0.11858784893267661
166        0.41883415435139526
167        0.2455008210180623
168        0.21078817733990177
169        0.27582922824302086
170        0.3772249589490963
171        0.10671592775041056
172        0.22307060755336644
173        0.27022988505747114
174        0.28371100164203567
175        0.10154351395730708
176        0.06660098522167497
177        0.26579638752052515
178        0.33157635467980234
179        0.3050903119868635
180        0.42320197044334973
181        0.09394088669950744
182        0.3081937602627251
183        0.05674876847290649
184        0.34906403940886666
185        0.2995730706075532
186        0.31481116584564806
187        0.11243021346469625
188        0.02183908045977021
189        0.4167980295566499
190        0.4524466338259438
191        0.2816748768472902
192        0.11781609195402308
193        0.4535467980295566
194        0.4621346469622333
195        0.2463382594417078
196        0.3975369458128075
197        0.3489819376026267
198        0.05998357963875214
199        0.1490640394088672
200        0.08502463054187197
201        0.05692939244663391
202        0.1409031198686373
203        0.06369458128078825
