1        0.3769129720853847
2        0.6521346469622319
3        0.6191625615763535
4        0.5229885057471245
5        0.7535303776683081
6        0.3805747126436761
7        0.5342692939244651
8        0.8297536945812807
9        0.8462889983579642
10        0.6785221674876839
11        0.8751724137931035
12        0.7508702791461409
13        0.8370771756978658
14        0.6791625615763536
15        0.8758620689655174
16        0.36449917898193573
17        0.8761904761904765
18        0.8764367816091959
19        0.8763382594417084
20        0.8777011494252874
21        0.33653530377668145
22        0.38720853858784726
23        0.5531527093596047
24        0.8684729064039414
25        0.8782594417077175
26        0.5057142857142842
27        0.8770607553366176
28        0.8445648604269295
29        0.8720361247947466
30        0.8201970443349754
31        0.8711986863711009
32        0.8763218390804597
33        0.8157307060755341
34        0.8654679802955667
35        0.7206075533661734
36        0.7031855500821007
37        0.6836945812807875
38        0.3551231527093577
39        0.8018555008210174
40        0.7778981937602624
41        0.8579146141215104
42        0.8780131362889978
43        0.871297208538588
44        0.6644006568144485
45        0.8065353037766827
46        0.8766830870279148
47        0.8772906403940888
48        0.8795238095238106
49        0.8731034482758626
50        0.8754515599343196
51        0.8726929392446635
52        0.7233661740558286
53        0.8111658456486042
54        0.8767816091954027
55        0.8780295566502468
56        0.8774384236453207
57        0.8774055829228243
58        0.8508210180623975
59        0.8746798029556657
60        0.8760755336617408
61        0.6531691297208533
62        0.6943842364532012
63        0.8774712643678164
64        0.8762561576354678
65        0.4061576354679786
66        0.4541871921182251
67        0.5537766830870261
68        0.8794088669950744
69        0.861198686371101
70        0.8726436781609196
71        0.8784729064039408
72        0.8265188834154357
73        0.7574876847290638
74        0.8763546798029559
75        0.8765353037766834
76        0.6543349753694575
77        0.8446962233169131
78        0.7160262725779964
79        0.8769950738916259
80        0.6774876847290634
81        0.6955829228243009
82        0.8667980295566509
83        0.8627914614121515
84        0.380558292282429
85        0.8676026272578
86        0.7814942528735627
87        0.548111658456485
88        0.5670935960591117
89        0.3497701149425269
90        0.8190147783251234
91        0.8776026272577997
92        0.8773891625615768
93        0.8781609195402306
94        0.7463382594417073
95        0.8785221674876853
96        0.5109031198686357
97        0.6798357963875195
98        0.873103448275863
99        0.7788013136288994
100        0.3281773399014762
101        0.8758292282430221
102        0.8748111658456493
103        0.8455829228243019
104        0.8770279146141213
105        0.8799343185550083
106        0.8262889983579642
107        0.7826765188834147
108        0.8426436781609197
109        0.8764203612479476
110        0.5333661740558281
111        0.8140065681444993
112        0.3605090311986848
113        0.8784564860426934
114        0.8467487684729066
115        0.8753530377668314
116        0.8777996715927753
117        0.8735467980295571
118        0.8777504105090319
119        0.8777996715927752
120        0.5628735632183892
121        0.8467651888341544
122        0.850114942528736
123        0.770771756978653
124        0.8773891625615768
125        0.6713957307060745
126        0.8772249589490975
127        0.339901477832511
128        0.8741050903119877
129        0.8764860426929398
130        0.8760755336617411
131        0.8778817733990155
132        0.8784072249589487
133        0.5600328407224943
134        0.8770279146141226
135        0.8779638752052553
136        0.5556486042692929
137        0.3386042692939233
138        0.8725123152709364
139        0.7031198686371093
140        0.7859605911330051
141        0.8766995073891629
142        0.822068965517242
143        0.8758292282430212
144        0.8467980295566508
145        0.8780295566502463
146        0.5540229885057459
147        0.5658292282430198
148        0.8701477832512321
149        0.8719047619047618
150        0.8725615763546807
151        0.8758620689655174
152        0.8735467980295571
153        0.8765024630541874
154        0.3694417077175682
155        0.7412151067323486
156        0.827110016420361
157        0.8768472906403944
158        0.8774220032840728
159        0.8779474548440068
160        0.8677011494252874
161        0.8790968801313634
162        0.565336617405581
163        0.8740886699507397
164        0.8746798029556657
165        0.7840558292282431
166        0.8771100164203618
167        0.874729064039409
168        0.8733004926108371
169        0.8765353037766834
170        0.8770114942528744
171        0.7592282430213462
172        0.872873563218391
173        0.8790311986863709
174        0.8768637110016423
175        0.6992939244663373
176        0.6317405582922812
177        0.8743185550082107
178        0.8761904761904766
179        0.8789655172413793
180        0.8776847290640395
181        0.6966830870279136
182        0.8770935960591136
183        0.5824137931034474
184        0.8763054187192115
185        0.8755500821018065
186        0.877963875205255
187        0.7276683087027909
188        0.38668308702791276
189        0.8753530377668308
190        0.8751395730706073
191        0.877060755336618
192        0.7619868637110009
193        0.8767816091954025
194        0.8765024630541874
195        0.8678325123152708
196        0.8768965517241386
197        0.8784072249589493
198        0.544564860426928
199        0.7869129720853858
200        0.7734646962233166
201        0.5775041050903111
202        0.8436453201970446
203        0.5348275862068946
