1        0.005238095238095272
2        0.00694581280788183
3        0.005418719211822695
4        0.005418719211822694
5        0.006798029556650291
6        0.005057471264367847
7        0.005550082101806277
8        0.008949096880131416
9        0.008275862068965573
10        0.007454844006568193
11        0.008111658456486091
12        0.007405582922824355
13        0.008965517241379369
14        0.00556650246305423
15        0.015385878489326816
16        0.00597701149425292
17        0.010492610837438484
18        0.020279146141215187
19        0.036518883415435244
20        0.01073891625615769
21        0.00510673234811169
22        0.00581280788177344
23        0.005500821018062432
24        0.009261083743842425
25        0.012889983579638819
26        0.0061083743842364905
27        0.03357963875205264
28        0.007947454844006623
29        0.00863711001642042
30        0.008472906403940945
31        0.010049261083743901
32        0.024794745484400728
33        0.006371100164203658
34        0.008752052545156045
35        0.00684729064039414
36        0.007011494252873616
37        0.006568144499179029
38        0.00525451559934322
39        0.006666666666666712
40        0.007389162561576412
41        0.0076683087027915224
42        0.013349753694581338
43        0.00965517241379317
44        0.006436781609195451
45        0.0064367816091954475
46        0.019425287356321905
47        0.02147783251231536
48        0.01146141215106738
49        0.01244663382594423
50        0.011083743842364583
51        0.010180623973727484
52        0.005796387520525495
53        0.008226600985221731
54        0.03395730706075543
55        0.021691297208538657
56        0.0194581280788178
57        0.023136288998358037
58        0.007323481116584618
59        0.021330049261083818
60        0.011067323481116652
61        0.006896551724137972
62        0.007635467980295605
63        0.027208538587848993
64        0.02139573070607561
65        0.005106732348111691
66        0.005615763546798062
67        0.005927750410509077
68        0.02134646962233178
69        0.011642036124794822
70        0.010114942528735687
71        0.013875205254515667
72        0.007766830870279193
73        0.00694581280788182
74        0.022380952380952442
75        0.012709359605911397
76        0.005648604269293965
77        0.008226600985221728
78        0.006272577996715966
79        0.014778325123152773
80        0.005451559934318591
81        0.007339901477832562
82        0.010558292282430281
83        0.010640394088670018
84        0.005517241379310383
85        0.011527093596059187
86        0.006978653530377726
87        0.0059770114942529155
88        0.005320197044335012
89        0.005106732348111692
90        0.007569786535303832
91        0.02852216748768481
92        0.010213464696223378
93        0.022939244663382662
94        0.006995073891625672
95        0.017093596059113373
96        0.007520525451559991
97        0.006157635467980334
98        0.009195402298850628
99        0.007832512315270997
100        0.006863711001642076
101        0.012857142857142925
102        0.010574712643678217
103        0.00901477832512321
104        0.013546798029556722
105        0.01100164203612486
106        0.006781609195402349
107        0.007438423645320236
108        0.01080459770114949
109        0.018078817733990216
110        0.005796387520525491
111        0.007471264367816141
112        0.005566502463054224
113        0.020476190476190537
114        0.00891625615763552
115        0.02602627257799679
116        0.021461412151067394
117        0.010722495894909746
118        0.008308702791461463
119        0.01876847290640401
120        0.006453201970443399
121        0.0063054187192118655
122        0.009047619047619108
123        0.007011494252873609
124        0.02532019704433503
125        0.00656814449917903
126        0.014909688013136356
127        0.005779967159277545
128        0.019638752052545224
129        0.027405582922824377
130        0.025254515599343254
131        0.03264367816091962
132        0.032183908045977094
133        0.006666666666666712
134        0.0230213464696224
135        0.018899835796387595
136        0.005697865353037807
137        0.005369458128078852
138        0.009244663382594472
139        0.005435139573070642
140        0.008571428571428626
141        0.02197044334975376
142        0.007931034482758673
143        0.02200328407224965
144        0.007635467980295622
145        0.025944170771757053
146        0.006174055829228294
147        0.0063382594417077665
148        0.009704433497536998
149        0.009589490968801366
150        0.012430213464696284
151        0.010279146141215178
152        0.009638752052545215
153        0.017635467980295635
154        0.005402298850574753
155        0.007389162561576404
156        0.007553366174055879
157        0.0246469622331692
158        0.01727422003284077
159        0.027733990147783327
160        0.009376026272578053
161        0.03105090311986872
162        0.005287356321839115
163        0.01733990147783258
164        0.010000000000000063
165        0.007011494252873614
166        0.01991789819376033
167        0.009983579638752106
168        0.007405582922824345
169        0.013201970443349817
170        0.01881773399014785
171        0.0065681444991790225
172        0.00725779967159282
173        0.011625615763546862
174        0.013251231527093657
175        0.005862068965517278
176        0.0056321839080460175
177        0.01116584564860434
178        0.013054187192118287
179        0.012561576354679867
180        0.020755336617405654
181        0.007356321839080507
182        0.013711001642036187
183        0.006206896551724191
184        0.014991789819376097
185        0.013169129720853925
186        0.013316912972085438
187        0.007274220032840772
188        0.005730706075533703
189        0.01829228243021354
190        0.026600985221674943
191        0.010213464696223376
192        0.0070279146141215615
193        0.025024630541871998
194        0.03165845648604277
195        0.009310344827586272
196        0.016436781609195473
197        0.013119868637110083
198        0.006699507389162616
199        0.007290640394088726
200        0.005845648604269338
201        0.005829228243021392
202        0.00829228243021353
203        0.005238095238095275
