1        0.1761247947454846
2        0.3888669950738898
3        0.3479802955665006
4        0.2715270935960585
5        0.5085057471264357
6        0.17903119868637135
7        0.2586042692939236
8        0.6285385878489312
9        0.6669622331691287
10        0.4002791461412134
11        0.7174384236453195
12        0.5379310344827573
13        0.5763054187192105
14        0.45750410509031053
15        0.7693596059113291
16        0.1894909688013139
17        0.7482430213464684
18        0.7714121510673227
19        0.7729392446633816
20        0.7592446633825939
21        0.17486042692939266
22        0.13978653530377683
23        0.3481280788177327
24        0.6904433497536933
25        0.7646798029556646
26        0.32486042692939116
27        0.7718555008210166
28        0.6605911330049252
29        0.7132512315270921
30        0.631559934318554
31        0.7112972085385871
32        0.7696551724137926
33        0.5447947454843992
34        0.7152052545155982
35        0.4555008210180603
36        0.36261083743842215
37        0.4790640394088656
38        0.1955336617405585
39        0.5855336617405567
40        0.5550738916256144
41        0.6145155993431842
42        0.752889983579638
43        0.6997372742200318
44        0.4180788177339881
45        0.5856814449917883
46        0.7736124794745474
47        0.7708374384236444
48        0.7586206896551717
49        0.7550082101806233
50        0.7143349753694571
51        0.7183087027914608
52        0.4243513957307042
53        0.6022988505747111
54        0.7717898193760259
55        0.770771756978653
56        0.7712315270935954
57        0.7694088669950733
58        0.6053858784893253
59        0.7717405582922818
60        0.7597044334975364
61        0.46581280788177176
62        0.4330870279146122
63        0.7711822660098513
64        0.7708210180623964
65        0.18464696223316934
66        0.22999999999999982
67        0.33881773399014614
68        0.7737110016420355
69        0.7095566502463049
70        0.7045484400656803
71        0.745090311986863
72        0.5684236453201955
73        0.505155993431854
74        0.7706075533661737
75        0.7352052545155986
76        0.3814614121510661
77        0.6755336617405573
78        0.4669293924466325
79        0.7701477832512309
80        0.3688013136288983
81        0.4279474548440045
82        0.691444991789818
83        0.6664203612479463
84        0.17876847290640419
85        0.7141050903119861
86        0.5468637110016413
87        0.32142857142856984
88        0.3147290640394076
89        0.20072249589491
90        0.5646469622331679
91        0.7732019704433493
92        0.7494581280788181
93        0.7723481116584553
94        0.5343678160919526
95        0.7689162561576346
96        0.32338259441707556
97        0.42825944170771585
98        0.7483579638752039
99        0.47738916256157465
100        0.1709688013136291
101        0.7622824302134641
102        0.7385714285714273
103        0.6286371100164186
104        0.7449261083743836
105        0.7615435139573064
106        0.5507881773398998
107        0.6152709359605899
108        0.6553037766830858
109        0.767405582922823
110        0.3097208538587841
111        0.5906239737274206
112        0.17495894909688037
113        0.7696715927750393
114        0.6489819376026259
115        0.7736945812807876
116        0.7730049261083739
117        0.7496551724137923
118        0.6906403940886688
119        0.7709359605911323
120        0.31231527093595945
121        0.5622003284072238
122        0.633579638752051
123        0.520410509031197
124        0.7716091954022981
125        0.4422331691297193
126        0.7724630541871917
127        0.17412151067323503
128        0.7724794745484392
129        0.7702463054187185
130        0.7722988505747114
131        0.7708538587848927
132        0.7716748768472906
133        0.33430213464696074
134        0.7710509031198683
135        0.7707389162561573
136        0.33082101806239594
137        0.1740558292282432
138        0.6835960591132993
139        0.39555008210180453
140        0.5807553366174041
141        0.7722988505747113
142        0.6162068965517224
143        0.7709688013136288
144        0.6722988505747114
145        0.7736945812807877
146        0.34024630541871764
147        0.3484564860426915
148        0.719835796387519
149        0.6992775041050889
150        0.7436781609195396
151        0.7334975369458118
152        0.6974384236453189
153        0.7712479474548436
154        0.2045484400656818
155        0.4913464696223301
156        0.5961904761904748
157        0.7717569786535301
158        0.7706732348111658
159        0.7699343185550077
160        0.7045320197044325
161        0.7740229885057466
162        0.3036288998357955
163        0.7711165845648592
164        0.7188834154351388
165        0.5470114942528727
166        0.7723973727421998
167        0.74367816091954
168        0.6749917898193747
169        0.7572742200328398
170        0.7717405582922817
171        0.5366174055829211
172        0.7194088669950728
173        0.7396059113300485
174        0.7514614121510662
175        0.4295566502463037
176        0.3234811165845637
177        0.7508210180623963
178        0.7587684729064034
179        0.76607553366174
180        0.7719376026272573
181        0.42311986863710827
182        0.7662233169129712
183        0.3311986863710992
184        0.760082101806239
185        0.7497044334975368
186        0.7628078817733985
187        0.5230541871921167
188        0.17220032840722518
189        0.7687520525451549
190        0.7708538587848923
191        0.7616256157635464
192        0.48087027914613967
193        0.7718719211822657
194        0.7709688013136283
195        0.7314942528735621
196        0.7680788177339892
197        0.769852216748768
198        0.3510016420361238
199        0.5962725779967147
200        0.5418555008210165
201        0.3146469622331671
202        0.6025287356321823
203        0.29628899835796246
