1        0.012922824302134728
2        0.016338259441707803
3        0.019655172413793196
4        0.009326765188834206
5        0.023070607553366273
6        0.014564860426929466
7        0.012692939244663458
8        0.051954022988505835
9        0.04998357963875215
10        0.029901477832512402
11        0.07238095238095245
12        0.03300492610837446
13        0.03339901477832521
14        0.020164203612479555
15        0.11505747126436783
16        0.011543513957307128
17        0.08650246305418725
18        0.15671592775041054
19        0.22119868637109988
20        0.09791461412151076
21        0.010197044334975446
22        0.01133004926108382
23        0.021346469622331783
24        0.056321839080459825
25        0.1151067323481117
26        0.022889983579638836
27        0.22775041050903103
28        0.050394088669950834
29        0.0647783251231528
30        0.052758620689655256
31        0.07047619047619054
32        0.18318555008210172
33        0.04509031198686379
34        0.05991789819376033
35        0.036371100164203696
36        0.029244663382594502
37        0.02889983579638761
38        0.010591133004926166
39        0.025402298850574788
40        0.03108374384236462
41        0.04683087027914623
42        0.08224958949096887
43        0.07004926108374394
44        0.028243021346469697
45        0.02745484400656823
46        0.15469622331691293
47        0.17385878489326745
48        0.09799671592775051
49        0.09591133004926117
50        0.08505747126436787
51        0.0760262725779968
52        0.02338259441707726
53        0.051477832512315365
54        0.2254351395730706
55        0.185270935960591
56        0.16573070607553353
57        0.18243021346469618
58        0.04185550082101814
59        0.19765188834154337
60        0.08116584564860437
61        0.023185550082101877
62        0.024154351395730793
63        0.20471264367816075
64        0.17824302134646955
65        0.00996715927750418
66        0.01646962233169137
67        0.020985221674876906
68        0.1685714285714286
69        0.07006568144499187
70        0.07315270935960598
71        0.09124794745484406
72        0.03719211822660108
73        0.02525451559934326
74        0.1678981937602627
75        0.09036124794745488
76        0.017142857142857217
77        0.04105090311986871
78        0.02133004926108384
79        0.15220032840722483
80        0.019441707717569878
81        0.028160919540229954
82        0.07753694581280794
83        0.06270935960591138
84        0.014203612479474641
85        0.08098522167487691
86        0.030229885057471352
87        0.02361247947454852
88        0.011215106732348193
89        0.0113628899835797
90        0.03981937602627266
91        0.2117733990147781
92        0.07645320197044345
93        0.17911330049261076
94        0.03866995073891636
95        0.15157635467980293
96        0.021083743842364618
97        0.028111658456486128
98        0.08390804597701153
99        0.03433497536945822
100        0.010738916256157704
101        0.10420361247947463
102        0.08019704433497546
103        0.04814449917898204
104        0.0881937602627258
105        0.09479474548440074
106        0.03962233169129728
107        0.03525451559934326
108        0.046256157635468066
109        0.12995073891625614
110        0.009917898193760337
111        0.043004926108374475
112        0.011724137931034533
113        0.1794909688013136
114        0.06865353037766837
115        0.19482758620689636
116        0.18326765188834146
117        0.09422003284072256
118        0.07210180623973733
119        0.1518062397372742
120        0.019507389162561662
121        0.04568144499178991
122        0.04998357963875214
123        0.03604269293924474
124        0.18822660098522156
125        0.024055829228243113
126        0.1200328407224959
127        0.008243021346469686
128        0.17454844006568138
129        0.2072742200328406
130        0.2038095238095237
131        0.2067487684729062
132        0.22612479474548416
133        0.01594417077175705
134        0.20155993431855485
135        0.16681444991789807
136        0.024055829228243106
137        0.007536945812807932
138        0.06288998357963882
139        0.017405582922824382
140        0.03906403940886707
141        0.19246305418719192
142        0.05254515599343194
143        0.1780459770114941
144        0.050443349753694675
145        0.19637110016420353
146        0.02622331691297217
147        0.02067323481116594
148        0.058062397372742276
149        0.06937602627257808
150        0.09334975369458134
151        0.07060755336617412
152        0.06806239737274228
153        0.1550082101806239
154        0.011083743842364616
155        0.03563218390804607
156        0.039835796387520626
157        0.13870279146141215
158        0.12640394088669954
159        0.18775041050903102
160        0.08888341543513963
161        0.20942528735632157
162        0.0189326765188835
163        0.15380952380952373
164        0.06198686371100173
165        0.037454844006568226
166        0.13706075533661743
167        0.0757963875205255
168        0.05564860426929402
169        0.09523809523809532
170        0.13901477832512313
171        0.026732348111658536
172        0.06326765188834163
173        0.09551724137931046
174        0.10119868637110022
175        0.02817733990147792
176        0.018538587848932735
177        0.08855500821018071
178        0.09935960591133013
179        0.09673234811165858
180        0.17338259441707707
181        0.027224958949096968
182        0.10267651888341549
183        0.026436781609195475
184        0.11444991789819378
185        0.09968801313628907
186        0.09509031198686375
187        0.03819376026272587
188        0.008686371100164276
189        0.15164203612479465
190        0.1970443349753694
191        0.08522167487684736
192        0.027783251231527178
193        0.19571428571428548
194        0.21824302134646942
195        0.07912972085385883
196        0.14620689655172409
197        0.11364532019704436
198        0.01791461412151075
199        0.049031198686371194
200        0.02752052545156002
201        0.015566502463054264
202        0.036732348111658535
203        0.013776683087027989
