1        0.40164203612479277
2        0.7107389162561574
3        0.5720853858784881
4        0.5365517241379296
5        0.7768965517241382
6        0.3960591133004913
7        0.5822331691297196
8        0.8779474548440072
9        0.8713464696223322
10        0.7464860426929388
11        0.8832348111658463
12        0.812183908045977
13        0.8138095238095238
14        0.7145484400656812
15        0.8900821018062408
16        0.35699507389162427
17        0.8907881773399019
18        0.8904105090311997
19        0.8895730706075542
20        0.8907389162561585
21        0.41454844006567987
22        0.43490968801313473
23        0.5891625615763538
24        0.8740229885057482
25        0.890114942528736
26        0.6042364532019695
27        0.8900656814449927
28        0.8641379310344831
29        0.890098522167488
30        0.8620361247947458
31        0.889556650246306
32        0.893563218390805
33        0.8242857142857146
34        0.8839408866995082
35        0.7466174055829228
36        0.7151395730706073
37        0.718916256157635
38        0.42625615763546615
39        0.8339408866995079
40        0.8043842364532022
41        0.8649425287356319
42        0.8906568144499188
43        0.8912972085385881
44        0.7833825944170768
45        0.8445155993431864
46        0.8895073891625624
47        0.8912643678160929
48        0.8903776683087034
49        0.8877668308702796
50        0.8894909688013147
51        0.8883579638752053
52        0.7133497536945804
53        0.8481280788177347
54        0.8889162561576363
55        0.8895402298850572
56        0.8908374384236463
57        0.8894088669950749
58        0.8755665024630548
59        0.8900328407224968
60        0.8893924466338268
61        0.7468965517241375
62        0.7180459770114942
63        0.888078817733991
64        0.8907060755336622
65        0.37812807881773147
66        0.4770771756978643
67        0.6150738916256144
68        0.8899835796387521
69        0.8872085385878495
70        0.884449917898195
71        0.8902134646962242
72        0.8355829228243029
73        0.77952380952381
74        0.889819376026273
75        0.8904597701149431
76        0.6729556650246297
77        0.8782594417077182
78        0.7716420361247951
79        0.8905418719211834
80        0.7111986863711001
81        0.7399014778325118
82        0.8822003284072248
83        0.8840229885057475
84        0.3541871921182248
85        0.8881444991789829
86        0.8082101806239741
87        0.6288669950738909
88        0.5499835796387509
89        0.37280788177339724
90        0.8237110016420366
91        0.8917733990147788
92        0.8898029556650253
93        0.8899507389162572
94        0.7931034482758622
95        0.8894417077175708
96        0.6320689655172407
97        0.728998357963875
98        0.8907060755336622
99        0.8196715927750409
100        0.42637110016420166
101        0.890935960591134
102        0.8869293924466346
103        0.8611330049261089
104        0.8902463054187202
105        0.8885057471264378
106        0.8453366174055833
107        0.84192118226601
108        0.8873891625615768
109        0.8892282430213468
110        0.6098686371100152
111        0.8312643678160925
112        0.3660919540229865
113        0.8898193760262734
114        0.8660755336617406
115        0.8899014778325128
116        0.8892118226600992
117        0.8908045977011496
118        0.8871756978653529
119        0.8897865353037777
120        0.6238095238095227
121        0.8546305418719214
122        0.8580788177339904
123        0.798407224958949
124        0.8902134646962242
125        0.7331527093596056
126        0.8908702791461417
127        0.382397372742199
128        0.8878325123152719
129        0.8920032840722499
130        0.8874712643678161
131        0.889737274220033
132        0.8905418719211831
133        0.5827257799671584
134        0.8906075533661749
135        0.8895894909688019
136        0.6079310344827573
137        0.3960755336617384
138        0.8807060755336619
139        0.7231198686371098
140        0.8522824302134653
141        0.891559934318556
142        0.8607553366174062
143        0.8911165845648611
144        0.8771264367816104
145        0.8897865353037772
146        0.5898850574712636
147        0.641264367816091
148        0.8830377668308717
149        0.8878489326765191
150        0.8806075533661747
151        0.890295566502464
152        0.8816420361247956
153        0.8906075533661757
154        0.3883908045976994
155        0.7798357963875207
156        0.8551231527093602
157        0.8899014778325132
158        0.8887520525451567
159        0.8894581280788183
160        0.8800000000000006
161        0.8920689655172418
162        0.6070607553366165
163        0.8902134646962234
164        0.8893596059113297
165        0.8403119868637113
166        0.8887684729064044
167        0.8842036124794747
168        0.878259441707718
169        0.8919540229885063
170        0.8907389162561583
171        0.782118226600986
172        0.890229885057472
173        0.8903448275862074
174        0.8903940886699512
175        0.7615763546798027
176        0.6379474548440057
177        0.8912315270935964
178        0.8898357963875217
179        0.8903448275862076
180        0.8893596059113306
181        0.743382594417077
182        0.890771756978654
183        0.5895730706075519
184        0.891888341543515
185        0.8911658456486043
186        0.8900492610837439
187        0.7897865353037767
188        0.37798029556650037
189        0.8887192118226616
190        0.8880459770114949
191        0.8881444991789825
192        0.8014449917898191
193        0.8895238095238112
194        0.8900656814449921
195        0.8830377668308714
196        0.8902955665024638
197        0.8907717569786545
198        0.6313464696223309
199        0.8398522167487685
200        0.7917733990147785
201        0.6006403940886691
202        0.8499178981937606
203        0.6499507389162553
