1        0.11323481116584574
2        0.24515599343185498
3        0.1986042692939246
4        0.17072249589490981
5        0.2881773399014767
6        0.1231855500821019
7        0.14249589490968814
8        0.4485057471264351
9        0.4758949096880113
10        0.25249589490968755
11        0.5346798029556634
12        0.30541871921182157
13        0.40875205254515423
14        0.29009852216748666
15        0.6672413793103433
16        0.10426929392446645
17        0.5738423645320184
18        0.6769786535303769
19        0.6756486042692935
20        0.6216091954022981
21        0.10786535303776695
22        0.1180623973727423
23        0.20827586206896567
24        0.5356321839080445
25        0.624975369458127
26        0.21715927750410524
27        0.6771264367816078
28        0.4634318555008193
29        0.5407224958949086
30        0.46014778325123
31        0.5338095238095225
32        0.6779310344827575
33        0.39614121510673084
34        0.5058128078817724
35        0.2864039408866981
36        0.30045977011494124
37        0.26487684729063954
38        0.09407224958949105
39        0.3742857142857128
40        0.36274220032840576
41        0.453957307060754
42        0.6174055829228232
43        0.5177668308702779
44        0.28908045977011404
45        0.35995073891625523
46        0.6773891625615761
47        0.6736945812807872
48        0.6087027914614109
49        0.6211658456486034
50        0.5794745484400643
51        0.5748604269293912
52        0.2598850574712636
53        0.40155993431855336
54        0.6764860426929383
55        0.6801970443349749
56        0.67527093596059
57        0.6789490968801313
58        0.42635467980295416
59        0.6746962233169124
60        0.6172249589490955
61        0.2874548440065672
62        0.28288998357963746
63        0.6737931034482753
64        0.6738752052545149
65        0.10454844006568155
66        0.1443842364532021
67        0.19674876847290654
68        0.6769293924466329
69        0.5517569786535285
70        0.5336288998357949
71        0.5856814449917886
72        0.36098522167487523
73        0.3329720853858774
74        0.6786699507389153
75        0.6105911330049248
76        0.22504105090311963
77        0.5095402298850562
78        0.2731362889983572
79        0.6717733990147772
80        0.19420361247947468
81        0.300623973727421
82        0.5428243021346457
83        0.5209031198686357
84        0.14243021346469634
85        0.55399014778325
86        0.33469622331691207
87        0.19899835796387536
88        0.1651395730706077
89        0.09282430213464705
90        0.34390804597701014
91        0.674597701149425
92        0.6248275862068957
93        0.677175697865352
94        0.355369458128077
95        0.6712315270935951
96        0.2476354679802951
97        0.2679802955665018
98        0.5784729064039396
99        0.3370771756978637
100        0.0965353037766832
101        0.6191297208538574
102        0.5711494252873549
103        0.4652709359605893
104        0.6071264367816078
105        0.6265353037766818
106        0.37576354679802787
107        0.4250410509031181
108        0.4807224958949081
109        0.6663546798029553
110        0.15379310344827601
111        0.3689819376026257
112        0.09957307060755348
113        0.6717569786535299
114        0.4719704433497523
115        0.6784236453201961
116        0.6766830870279137
117        0.5948275862068956
118        0.5675533661740548
119        0.6800656814449908
120        0.20060755336617417
121        0.4272577996715911
122        0.4112972085385863
123        0.3800985221674861
124        0.677504105090311
125        0.29977011494252775
126        0.6621182266009843
127        0.12609195402298862
128        0.6786863711001629
129        0.6784564860426919
130        0.6771100164203601
131        0.6765681444991781
132        0.6765845648604267
133        0.20308702791461425
134        0.678981937602626
135        0.6781937602627255
136        0.24535303776683012
137        0.1275041050903121
138        0.5375041050903108
139        0.2605418719211812
140        0.37497536945812615
141        0.6785550082101797
142        0.4310016420361233
143        0.6694417077175688
144        0.4745155993431839
145        0.6755500821018058
146        0.1607881773399016
147        0.2040229885057473
148        0.5626929392446622
149        0.5257142857142839
150        0.5903119868637098
151        0.5812972085385868
152        0.5297044334975355
153        0.6772249589490965
154        0.11771756978653541
155        0.37704433497536793
156        0.40001642036124613
157        0.6756978653530374
158        0.6611986863710992
159        0.6774712643678149
160        0.518735632183907
161        0.6766995073891617
162        0.19945812807881788
163        0.6761904761904756
164        0.563201970443349
165        0.37638752052545005
166        0.675418719211822
167        0.5808702791461405
168        0.5120361247947437
169        0.6353530377668299
170        0.668210180623973
171        0.3530213464696207
172        0.5479638752052536
173        0.5991625615763532
174        0.5861740558292272
175        0.27763546798029504
176        0.18489326765188846
177        0.5986042692939234
178        0.6451559934318549
179        0.6278160919540212
180        0.6798029556650234
181        0.29623973727421904
182        0.6244006568144485
183        0.21279146141215122
184        0.6555993431855489
185        0.6169786535303758
186        0.6460919540229878
187        0.37228243021346363
188        0.09929392446633838
189        0.6702627257799658
190        0.6767323481116578
191        0.618029556650245
192        0.35026272577996564
193        0.679080459770114
194        0.6781444991789808
195        0.5727093596059101
196        0.6716256157635457
197        0.644761904761904
198        0.23133004926108347
199        0.4288505747126419
200        0.31091954022988355
201        0.19594417077175713
202        0.43313628899835654
203        0.21880131362889935
