1        0.0264516129032
2        0.0283064516129
3        0.0233064516129
4        0.0358870967742
5        0.0637096774194
6        0.0270967741935
7        0.0388709677419
8        0.0362096774194
9        0.0358064516129
10        0.0441129032258
11        0.0303225806452
12        0.0312903225806
13        0.043064516129
14        0.0290322580645
15        0.0201612903226
16        0.0238709677419
17        0.0212096774194
18        0.0487903225806
19        0.0360483870968
20        0.0367741935484
21        0.0254838709677
22        0.0876612903226
23        0.0704838709677
24        0.113629032258
25        0.0384677419355
26        0.0424193548387
27        0.0452419354839
28        0.0720161290323
29        0.0842741935484
30        0.0895161290323
31        0.0872580645161
32        0.160564516129
33        0.102741935484
34        0.0241935483871
35        0.0623387096774
36        0.107096774194
37        0.114032258065
38        0.144677419355
39        0.0783870967742
40        0.104919354839
41        0.0410483870968
42        0.0976612903226
43        0.131451612903
44        0.0982258064516
45        0.0729032258065
46        0.0465322580645
47        0.049435483871
48        0.0791935483871
49        0.0701612903226
50        0.116290322581
51        0.131935483871
52        0.0584677419355
53        0.0506451612903
54        0.0445161290323
55        0.0735483870968
56        0.0758064516129
57        0.109112903226
58        0.0387096774194
59        0.0512903225806
60        0.0318548387097
61        0.0509677419355
62        0.0597580645161
