1        0.123548387097
2        0.140241935484
3        0.1025
4        0.180483870968
5        0.35
6        0.184193548387
7        0.244112903226
8        0.21935483871
9        0.235483870968
10        0.315
11        0.192580645161
12        0.207661290323
13        0.326451612903
14        0.242258064516
15        0.0987903225806
16        0.110967741935
17        0.121935483871
18        0.28814516129
19        0.176532258065
20        0.254435483871
21        0.199435483871
22        0.406048387097
23        0.401370967742
24        0.52564516129
25        0.267822580645
26        0.20064516129
27        0.208870967742
28        0.47
29        0.467096774194
30        0.462258064516
31        0.49685483871
32        0.572983870968
33        0.525564516129
34        0.153387096774
35        0.371532258065
36        0.533225806452
37        0.5375
38        0.55685483871
39        0.519435483871
40        0.48564516129
41        0.303709677419
42        0.537822580645
43        0.551129032258
44        0.466290322581
45        0.423387096774
46        0.320564516129
47        0.391209677419
48        0.517741935484
49        0.447258064516
50        0.534274193548
51        0.560322580645
52        0.264919354839
53        0.407338709677
54        0.28435483871
55        0.465403225806
56        0.441129032258
57        0.526209677419
58        0.285322580645
59        0.32435483871
60        0.18685483871
61        0.350241935484
62        0.433951612903
