1        0.0208064516129
2        0.0197580645161
3        0.0200806451613
4        0.0245967741935
5        0.0437903225806
6        0.0229838709677
7        0.0316129032258
8        0.0264516129032
9        0.0229838709677
10        0.0279032258065
11        0.0254032258065
12        0.0233870967742
13        0.0312096774194
14        0.0264516129032
15        0.0200806451613
16        0.0220161290323
17        0.0199193548387
18        0.0321774193548
19        0.0232258064516
20        0.0288709677419
21        0.0213709677419
22        0.0418548387097
23        0.0329838709677
24        0.0591129032258
25        0.0203225806452
26        0.0250806451613
27        0.0238709677419
28        0.0366129032258
29        0.0427419354839
30        0.0365322580645
31        0.0490322580645
32        0.0872580645161
33        0.0486290322581
34        0.0192741935484
35        0.0400806451613
36        0.061935483871
37        0.0568548387097
38        0.0847580645161
39        0.0467741935484
40        0.0426612903226
41        0.025
42        0.0513709677419
43        0.0615322580645
44        0.0445161290323
45        0.0377419354839
46        0.0267741935484
47        0.0332258064516
48        0.0421774193548
49        0.0351612903226
50        0.0526612903226
51        0.0637096774194
52        0.0237903225806
53        0.0312096774194
54        0.0257258064516
55        0.0337903225806
56        0.0383870967742
57        0.0508064516129
58        0.0250806451613
59        0.0262096774194
60        0.0233064516129
61        0.0249193548387
62        0.0377419354839
