1        0.2525
2        0.322419354839
3        0.284112903226
4        0.405403225806
5        0.590806451613
6        0.431370967742
7        0.535080645161
8        0.481774193548
9        0.446048387097
10        0.646048387097
11        0.464193548387
12        0.422580645161
13        0.659758064516
14        0.505161290323
15        0.254274193548
16        0.250564516129
17        0.266612903226
18        0.577419354839
19        0.464758064516
20        0.522741935484
21        0.457983870968
22        0.651774193548
23        0.668387096774
24        0.741532258065
25        0.567016129032
26        0.365564516129
27        0.405887096774
28        0.680564516129
29        0.679193548387
30        0.696612903226
31        0.702903225806
32        0.744516129032
33        0.742096774194
34        0.333790322581
35        0.617096774194
36        0.735483870968
37        0.744193548387
38        0.747822580645
39        0.71685483871
40        0.728951612903
41        0.51435483871
42        0.737419354839
43        0.730161290323
44        0.695080645161
45        0.683467741935
46        0.616290322581
47        0.683548387097
48        0.73314516129
49        0.692580645161
50        0.745241935484
51        0.734516129032
52        0.514677419355
53        0.547177419355
54        0.517338709677
55        0.686370967742
56        0.702096774194
57        0.736290322581
58        0.618951612903
59        0.576774193548
60        0.38314516129
61        0.615806451613
62        0.699032258065
