1        0.211532258065
2        0.248629032258
3        0.237822580645
4        0.326774193548
5        0.517419354839
6        0.391290322581
7        0.425080645161
8        0.377983870968
9        0.35185483871
10        0.528387096774
11        0.363467741935
12        0.295887096774
13        0.502096774194
14        0.376774193548
15        0.197580645161
16        0.224919354839
17        0.196290322581
18        0.466209677419
19        0.379838709677
20        0.400564516129
21        0.324596774194
22        0.550806451613
23        0.601935483871
24        0.671290322581
25        0.478548387097
26        0.267580645161
27        0.318467741935
28        0.613225806452
29        0.613629032258
30        0.615725806452
31        0.661370967742
32        0.671935483871
33        0.67935483871
34        0.259193548387
35        0.570322580645
36        0.664112903226
37        0.673629032258
38        0.681693548387
39        0.661129032258
40        0.658629032258
41        0.431935483871
42        0.67435483871
43        0.668709677419
44        0.631612903226
45        0.621935483871
46        0.528225806452
47        0.542338709677
48        0.636370967742
49        0.632258064516
50        0.674838709677
51        0.671048387097
52        0.432741935484
53        0.523306451613
54        0.43314516129
55        0.563709677419
56        0.628225806452
57        0.668064516129
58        0.4975
59        0.461370967742
60        0.269274193548
61        0.505161290323
62        0.598709677419
