1        0.268951612903
2        0.250725806452
3        0.249274193548
4        0.362338709677
5        0.535887096774
6        0.425322580645
7        0.472016129032
8        0.402903225806
9        0.404032258065
10        0.532580645161
11        0.387419354839
12        0.371209677419
13        0.567903225806
14        0.450483870968
15        0.264838709677
16        0.248709677419
17        0.235322580645
18        0.522419354839
19        0.400322580645
20        0.489274193548
21        0.372983870968
22        0.606370967742
23        0.586693548387
24        0.687258064516
25        0.47685483871
26        0.317822580645
27        0.311129032258
28        0.636370967742
29        0.640322580645
30        0.646129032258
31        0.665806451613
32        0.698709677419
33        0.718548387097
34        0.313629032258
35        0.594516129032
36        0.666129032258
37        0.712661290323
38        0.719758064516
39        0.667661290323
40        0.686129032258
41        0.475887096774
42        0.710806451613
43        0.699193548387
44        0.655967741935
45        0.632822580645
46        0.542096774194
47        0.625
48        0.695483870968
49        0.636935483871
50        0.687016129032
51        0.709274193548
52        0.446048387097
53        0.587258064516
54        0.462661290323
55        0.644677419355
56        0.660241935484
57        0.695564516129
58        0.502903225806
59        0.545241935484
60        0.298225806452
61        0.574919354839
62        0.653790322581
