1        0.0197580645161
2        0.0214516129032
3        0.0196774193548
4        0.0200806451613
5        0.0372580645161
6        0.0216935483871
7        0.0258064516129
8        0.0228225806452
9        0.0214516129032
10        0.0290322580645
11        0.0221774193548
12        0.02
13        0.0289516129032
14        0.0241129032258
15        0.0185483870968
16        0.02
17        0.0183870967742
18        0.0304032258065
19        0.0216935483871
20        0.0264516129032
21        0.0237903225806
22        0.0387096774194
23        0.0342741935484
24        0.0470161290323
25        0.0237096774194
26        0.0238709677419
27        0.025
28        0.0362903225806
29        0.0404838709677
30        0.0379838709677
31        0.0402419354839
32        0.075
33        0.0426612903226
34        0.0191129032258
35        0.0295967741935
36        0.0439516129032
37        0.0538709677419
38        0.0727419354839
39        0.0374193548387
40        0.0384677419355
41        0.0222580645161
42        0.0440322580645
43        0.0521774193548
44        0.0439516129032
45        0.0313709677419
46        0.0233064516129
47        0.0249193548387
48        0.0391935483871
49        0.0321774193548
50        0.0476612903226
51        0.0471774193548
52        0.0249193548387
53        0.0258870967742
54        0.0224193548387
55        0.0295161290323
56        0.0282258064516
57        0.0495161290323
58        0.0251612903226
59        0.0262903225806
60        0.0196774193548
61        0.0251612903226
62        0.0329838709677
