1        0.0209677419355
2        0.028064516129
3        0.0228225806452
4        0.0275
5        0.0588709677419
6        0.0270161290323
7        0.0337096774194
8        0.033064516129
9        0.0270161290323
10        0.0491935483871
11        0.0292741935484
12        0.0354838709677
13        0.0446774193548
14        0.0358870967742
15        0.0220967741935
16        0.021935483871
17        0.0193548387097
18        0.0517741935484
19        0.0300806451613
20        0.0316935483871
21        0.0292741935484
22        0.0665322580645
23        0.0535483870968
24        0.0962096774194
25        0.0391935483871
26        0.0404032258065
27        0.0362903225806
28        0.0679838709677
29        0.0737096774194
30        0.0742741935484
31        0.102096774194
32        0.1475
33        0.0920161290323
34        0.0287903225806
35        0.0693548387097
36        0.0883870967742
37        0.10185483871
38        0.148870967742
39        0.0927419354839
40        0.0837096774194
41        0.0385483870968
42        0.0995161290323
43        0.103790322581
44        0.0773387096774
45        0.0607258064516
46        0.0317741935484
47        0.0431451612903
48        0.0712096774194
49        0.0508064516129
50        0.101370967742
51        0.11564516129
52        0.0357258064516
53        0.0449193548387
54        0.0334677419355
55        0.0626612903226
56        0.0660483870968
57        0.101935483871
58        0.0433064516129
59        0.0425
60        0.0306451612903
61        0.0453225806452
62        0.0499193548387
