1        0.0162903225806
2        0.0162096774194
3        0.0161290322581
4        0.0166129032258
5        0.018064516129
6        0.0168548387097
7        0.0170161290323
8        0.0166935483871
9        0.0164516129032
10        0.0171774193548
11        0.0165322580645
12        0.0163709677419
13        0.016935483871
14        0.0164516129032
15        0.0162903225806
16        0.0162903225806
17        0.0165322580645
18        0.0171774193548
19        0.0165322580645
20        0.0170161290323
21        0.0164516129032
22        0.0175806451613
23        0.0170161290323
24        0.0179032258065
25        0.0166935483871
26        0.0164516129032
27        0.0161290322581
28        0.0164516129032
29        0.0175806451613
30        0.0165322580645
31        0.0168548387097
32        0.0198387096774
33        0.0166935483871
34        0.0162096774194
35        0.0166935483871
36        0.0176612903226
37        0.0174193548387
38        0.0189516129032
39        0.0171774193548
40        0.0175806451613
41        0.0166129032258
42        0.0172580645161
43        0.0170967741935
44        0.0170967741935
45        0.0167741935484
46        0.0168548387097
47        0.0170161290323
48        0.0166935483871
49        0.0167741935484
50        0.0173387096774
51        0.0179838709677
52        0.0161290322581
53        0.0166935483871
54        0.0164516129032
55        0.0165322580645
56        0.0171774193548
57        0.0179032258065
58        0.0163709677419
59        0.0166935483871
60        0.0164516129032
61        0.0166129032258
62        0.0167741935484
