1        0.0196774193548
2        0.0181451612903
3        0.0175806451613
4        0.0197580645161
5        0.0356451612903
6        0.0229032258065
7        0.0261290322581
8        0.0203225806452
9        0.020564516129
10        0.0270967741935
11        0.020564516129
12        0.0208064516129
13        0.0279032258065
14        0.0217741935484
15        0.0179032258065
16        0.0186290322581
17        0.0183064516129
18        0.0317741935484
19        0.0223387096774
20        0.0229032258065
21        0.0209677419355
22        0.0287903225806
23        0.0347580645161
24        0.0385483870968
25        0.0224193548387
26        0.0210483870968
27        0.0212096774194
28        0.0282258064516
29        0.0291129032258
30        0.0291935483871
31        0.0358870967742
32        0.0627419354839
33        0.0432258064516
34        0.0184677419355
35        0.0277419354839
36        0.0387096774194
37        0.045
38        0.060564516129
39        0.0313709677419
40        0.0340322580645
41        0.0229838709677
42        0.0366935483871
43        0.0450806451613
44        0.0372580645161
45        0.0286290322581
46        0.0227419354839
47        0.0252419354839
48        0.0331451612903
49        0.0297580645161
50        0.0399193548387
51        0.0453225806452
52        0.0216129032258
53        0.0259677419355
54        0.0221774193548
55        0.0290322580645
56        0.0303225806452
57        0.0428225806452
58        0.0214516129032
59        0.0227419354839
60        0.0189516129032
61        0.0245161290323
62        0.0279032258065
