1        0.0005273782488014127
2        0.000596770123643705
3        0.0006699470098410305
4        0.0004920514761544274
5        0.0005601816805450423
6        0.0005046681806712086
7        0.0007103204642947261
8        0.0005324249306081253
9        0.0007860206913954076
10        0.0008175624526873585
11        0.0008920010093363624
12        0.0008768609639162264
13        0.0007241988392631862
14        0.0005475649760282614
15        0.000873075952561192
16        0.0010080746908907403
17        0.000884430986626294
18        0.0005286399192530909
19        0.0008276558163007832
20        0.0008528892253343421
21        0.0008604592480444116
22        0.0006749936916477422
23        0.00075321725965178
24        0.0008276558163007829
25        0.0005677517032551103
26        0.0008327024981074946
27        0.0008819076457229391
28        0.0006977037597779462
29        0.000908402725208177
30        0.0008705526116578356
31        0.0008150391117840025
32        0.0010585415089578625
33        0.0008238708049457485
34        0.000587938430481959
35        0.0010673732021196077
36        0.0007746656573303062
37        0.0008465808730759546
38        0.0008402725208175632
39        0.0010648498612162514
40        0.0006560686348725718
41        0.0007279838506182195
42        0.0007998990663638666
43        0.000862982588947769
44        0.0007708806459752728
45        0.0008415341912692418
46        0.0005740600555135008
47        0.0008453192026242751
48        0.0009235427706283122
49        0.0007406005551349994
50        0.000944991168306839
51        0.0009046177138531423
52        0.000748170577845068
53        0.0008743376230128697
54        0.0007759273277819844
55        0.0010030280090840276
56        0.0008074690890739353
57        0.0008200857935907142
58        0.0007090587938430488
59        0.0005765833964168559
60        0.0010736815543779985
61        0.0009487761796618732
62        0.0008226091344940705
63        0.0010068130204390615
64        0.0005715367146101442
65        0.0009298511228867029
66        0.0008478425435276323
67        0.000837749179914207
68        0.0007860206913954091
69        0.0008024224072672236
70        0.0007494322482967466
71        0.0006989654302296254
72        0.0006585919757759278
73        0.0005235932374463788
74        0.0006472369417108256
75        0.0007241988392631859
76        0.0006800403734544543
77        0.0008920010093363624
78        0.0008036840777189009
79        0.0008970476911430747
80        0.0007633106232652044
81        0.0008957860206913961
82        0.0008062074186222564
83        0.0011254100428967951
84        0.00087433762301287
85        0.0009058793843048219
86        0.0007544789301034586
87        0.0005210698965430231
88        0.0009689629068887222
89        0.0007418622255866783
90        0.001095129952056524
91        0.0008781226343679039
92        0.0008352258390108526
93        0.0009992429977289958
94        0.0010711582134746423
95        0.0006863487257128442
96        0.0010333080999243012
97        0.000524854907898057
98        0.0007216754983598296
99        0.0007721423164269508
100        0.000903356043401465
101        0.0008263941458491061
102        0.0007090587938430481
103        0.0007948523845571557
104        0.0008856926570779717
105        0.0007065354529396936
106        0.0005765833964168569
107        0.0007342922028766098
108        0.0008339641685591731
109        0.0009197577592732793
110        0.0007973757254605113
111        0.0005904617713853148
112        0.0005652283623517537
113        0.0007292455210698973
114        0.0008465808730759535
115        0.0008491042139793093
116        0.0005526116578349745
117        0.0007784506686853409
118        0.0009147110774665671
119        0.0008579359071410558
120        0.0006939187484229128
121        0.0007355538733282881
122        0.0006699470098410305
123        0.0007002271006813036
124        0.000837749179914207
125        0.0009550845319202638
126        0.0008238708049457491
127        0.0009916729750189266
128        0.0007506939187484236
129        0.0008806459752712598
130        0.0009033560434014648
131        0.0007065354529396933
132        0.0007481705778450677
133        0.0008856926570779722
134        0.0007418622255866773
135        0.0007052737824880156
136        0.001043401463537725
137        0.0009033560434014641
138        0.000886954327529651
139        0.0007935907141054776
140        0.0008528892253343423
141        0.000839010850365885
142        0.0006926570779712348
143        0.0007860206913954086
144        0.0007317688619732535
145        0.0006850870552611662
146        0.0006913954075195572
147        0.0007519555892001011
148        0.0008667676003028019
149        0.000903356043401465
150        0.0009550845319202635
151        0.0009361594751450934
152        0.0008415341912692417
153        0.0010572798385061824
154        0.0007607872823618484
155        0.0009550845319202638
156        0.0009941963159222828
157        0.0006712086802927082
158        0.0010383547817310135
159        0.0007153671461014391
160        0.0008465808730759533
161        0.0007759273277819849
162        0.000990411304567248
163        0.0010345697703759795
164        0.0010181680545041647
165        0.0007204138279081514
166        0.0009020943729497866
167        0.0009815796114055015
168        0.0009121877365632097
169        0.0008566742366893779
170        0.0007305071915215749
171        0.0006232652031289437
172        0.0008200857935907149
173        0.0006497602826141816
174        0.0007241988392631854
175        0.0008755992934645474
176        0.0006838253848094883
177        0.0006787787030027768
178        0.0008920010093363624
179        0.0007582639414584923
180        0.0008907393388846841
181        0.0010635881907645741
182        0.0006510219530658597
183        0.0007469089073933896
184        0.0008541508957860213
185        0.0007317688619732539
186        0.0009462528387585184
187        0.0006825637143578109
188        0.0008730759525611925
189        0.001101438304314914
190        0.0008453192026242751
191        0.0011329800656068637
192        0.0007834973504920523
193        0.0008920010093363621
194        0.0009752712591471123
195        0.0008907393388846841
196        0.000812515770880646
197        0.0009992429977289947
198        0.0008566742366893776
199        0.0009008327024981087
200        0.0008276558163007827
201        0.00087433762301287
202        0.0009235427706283128
203        0.0007292455210698973
204        0.0007229371688115073
205        0.0008743376230128689
206        0.0009550845319202635
207        0.0008390108503658863
208        0.0008781226343679036
209        0.0008819076457229381
210        0.0007607872823618485
211        0.0007595256119101701
212        0.000777188998233662
213        0.0010408781226343695
214        0.0008377491799142071
215        0.0006497602826141826
216        0.0008920010093363623
217        0.000909664395659855
218        0.0007633106232652045
219        0.0007708806459752726
220        0.0008011607368155444
221        0.0008755992934645474
222        0.0007948523845571546
223        0.0008554125662377004
224        0.0008427958617209202
225        0.0007469089073933904
226        0.0009033560434014657
227        0.000822609134494072
228        0.0007456472369417118
229        0.0010244764067625545
230        0.000738077214231644
231        0.0008465808730759533
232        0.0009285894524350259
233        0.0008894776684330065
234        0.0008238708049457489
235        0.0007178904870047954
236        0.0008364875094625293
237        0.0008062074186222565
238        0.0008036840777189003
239        0.0006787787030027768
240        0.0007342922028766095
241        0.0006977037597779469
242        0.0007822356800403746
243        0.0007633106232652048
244        0.0009046177138531426
245        0.0008289174867524611
246        0.0007885440322987646
247        0.0007532172596517798
248        0.0007368155437799655
249        0.0009651778955336876
250        0.0008768609639162251
251        0.0008920010093363621
252        0.0008604592480444108
253        0.0007393388846833217
254        0.0007961140550088336
255        0.000687610396164523
256        0.0008541508957860219
257        0.000851627554882666
258        0.0008541508957860211
259        0.0008327024981074951
260        0.0009348978046934155
261        0.0007696189755235941
262        0.0007834973504920532
263        0.0008427958617209191
264        0.0006888720666162007
265        0.0009109260661115322
266        0.000997981327277316
267        0.0005727983850618224
268        0.0008541508957860211
269        0.0008440575321725977
270        0.0009184960888216013
271        0.0009033560434014636
272        0.0010042896795357053
273        0.0009475145092101955
274        0.0011254100428967956
275        0.0009311127933383813
276        0.0007986373959121895
277        0.0008327024981074954
278        0.0007961140550088339
279        0.0009677012364370443
280        0.0009399444865001271
281        0.0011455967701236454
282        0.0009841029523088582
283        0.0008920010093363619
284        0.0007418622255866777
285        0.0007141054756497615
286        0.0008566742366893771
287        0.0007355538733282875
288        0.00084279586172092
289        0.0007002271006813023
290        0.0007809740095886973
291        0.0007305071915215754
292        0.0007708806459752726
293        0.0008011607368155448
294        0.0009260661115316684
295        0.0009437294978551615
296        0.0008352258390108511
297        0.0007040121120363373
298        0.0008314408276558176
299        0.0007658339641685597
300        0.0009424678274034831
301        0.0009046177138531434
302        0.0011544284632853902
303        0.0007771889982336629
304        0.0010812515770880656
305        0.0011556901337370685
306        0.0007204138279081513
307        0.0006749936916477423
308        0.0006585919757759277
309        0.0008049457481705787
310        0.0007216754983598295
311        0.0006220035326772644
312        0.0008175624526873593
313        0.0008882159979813289
314        0.0008768609639162264
315        0.0007090587938430488
316        0.0007834973504920528
317        0.000865505929851124
318        0.0009285894524350248
319        0.0007734039868786282
320        0.0007696189755235948
321        0.0007986373959121877
322        0.0009677012364370437
323        0.0005664900328034326
324        0.0009449911683068389
325        0.0009147110774665674
326        0.0008327024981074945
327        0.0009071410547564985
328        0.0009020943729497872
329        0.0009020943729497875
330        0.000775927327781985
331        0.0008150391117840033
332        0.0007658339641685608
333        0.0008655059298511236
334        0.0007961140550088332
335        0.0008692909412061578
336        0.0009475145092101959
337        0.0007898057027504425
338        0.0008528892253343438
339        0.0009714862477920779
340        0.0010534948271511489
341        0.001063588190764573
342        0.0006964420893262681
343        0.0005286399192530906
344        0.0007670956346202382
345        0.001083774917991422
346        0.0008591975775927348
347        0.0007052737824880153
348        0.0004756497602826128
349        0.0004756497602826131
350        0.0008188241231390367
351        0.0010812515770880643
352        0.0008112541004289691
353        0.000980317940953824
354        0.0008465808730759533
355        0.0007519555892001025
356        0.0006548069644208935
357        0.0005753217259651784
358        0.0010926066111531683
359        0.000757002271006814
360        0.0011468584405753223
361        0.0009020943729497866
362        0.0008453192026242771
363        0.0008188241231390365
364        0.0008844309866262943
365        0.0009298511228867025
366        0.0006030784759020951
367        0.0009626545546303306
368        0.0008213474640423926
369        0.0005488266464799395
370        0.0007191521574564737
371        0.0007456472369417113
372        0.0009664395659853653
373        0.0007317688619732537
374        0.0009172344183699228
375        0.0009487761796618739
376        0.0010042896795357048
377        0.0007910673732021209
378        0.0007393388846833221
379        0.0007355538733282877
380        0.000744385566490034
381        0.0009639162250820098
382        0.0005286399192530912
383        0.0006775170325510982
384        0.0006749936916477424
385        0.0009475145092101944
386        0.0006901337370678785
387        0.0007305071915215761
388        0.0009235427706283132
389        0.0007809740095886963
390        0.0007103204642947269
391        0.0010421397930860466
392        0.0008377491799142073
393        0.0008226091344940704
394        0.0007229371688115083
395        0.0006484986121625029
396        0.0007532172596517803
397        0.0007469089073933906
398        0.000556396669190008
399        0.0009248044410799904
400        0.0007115821347464064
401        0.0007658339641685608
402        0.0008087307595256126
403        0.0008983093615947517
404        0.0007683573050719165
405        0.0009891496341155692
406        0.0009285894524350248
407        0.0007948523845571545
408        0.0007305071915215749
409        0.0006813020439061326
410        0.0007809740095886963
411        0.0008629825889477679
412        0.0007860206913954075
413        0.0007519555892001017
414        0.0009008327024981084
415        0.0006913954075195569
416        0.0007103204642947276
417        0.0005942467827403485
418        0.0009084027252081773
419        0.0008920010093363621
420        0.0007570022710068143
421        0.0007342922028766094
422        0.0008314408276558172
423        0.0007847590209437303
424        0.0008200857935907146
425        0.000881907645722938
426        0.0007696189755235943
427        0.0007734039868786291
428        0.0008062074186222571
429        0.0007027504415846591
430        0.000774665657330306
431        0.0005071915215745641
432        0.0008402725208175643
433        0.0008011607368155451
434        0.0007935907141054777
435        0.0009412061569518051
436        0.0007393388846833209
437        0.0007090587938430494
438        0.0007254605097148641
439        0.0006295735553873326
440        0.0006951804188745905
441        0.0007229371688115068
442        0.0009008327024981085
443        0.0006169568508705529
444        0.0005046681806712084
445        0.0008024224072672232
446        0.0007128438051980831
447        0.0007355538733282869
448        0.000730507191521575
449        0.0006434519303557919
450        0.0006951804188745905
451        0.0006913954075195563
452        0.000767095634620237
453        0.0007305071915215751
454        0.0007443855664900336
455        0.0007380772142316437
456        0.0007027504415846588
457        0.0007860206913954083
458        0.0007721423164269495
459        0.0005399949533181933
460        0.0006901337370678779
461        0.0006661619984859959
462        0.0008390108503658848
463        0.000811254100428968
464        0.0008995710320464304
465        0.000691395407519557
466        0.0007544789301034582
467        0.0007595256119101701
468        0.0007494322482967454
469        0.0010333080999243005
470        0.0009651778955336878
471        0.0008755992934645474
472        0.0007254605097148635
473        0.000712843805198083
474        0.0007014887711329811
475        0.0007014887711329801
476        0.0007229371688115073
477        0.0007834973504920519
478        0.0007847590209437305
479        0.0006674236689376739
480        0.0007696189755235943
481        0.0006573303053242493
482        0.0007065354529396929
483        0.0009273277819833458
484        0.0007330305324249316
485        0.0006775170325510986
486        0.0006573303053242498
487        0.0006283118849356553
488        0.0007077971233913716
489        0.0007052737824880149
490        0.0008163007822356807
491        0.0006977037597779468
492        0.0008705526116578364
493        0.000632096896290689
494        0.0006749936916477426
495        0.0010471864748927595
496        0.0007153671461014393
497        0.0009222811001766347
498        0.000662376987130963
499        0.0006838253848094891
500        0.0006939187484229124
501        0.000751955589200102
502        0.0008036840777189018
503        0.0008516275548826654
504        0.0007872823618470856
505        0.0006497602826141813
506        0.0007229371688115078
507        0.0008188241231390365
508        0.000729245521069898
509        0.000592985112288671
510        0.000705273782488015
511        0.0009841029523088578
512        0.0007431238960383564
513        0.0006724703507443858
514        0.0007494322482967468
515        0.0007759273277819845
516        0.000733030532424932
517        0.0010194297249558424
518        0.0008617209184960903
519        0.0008163007822356821
520        0.0009626545546303315
521        0.0008516275548826657
522        0.0009134494070148887
523        0.000492051476154428
524        0.0008163007822356801
525        0.0008390108503658848
526        0.0005324249306081257
527        0.0007721423164269493
528        0.0005248549078980566
529        0.0007860206913954098
530        0.0009071410547564996
531        0.0005791067373202122
532        0.000744385566490034
533        0.0007191521574564729
534        0.0006825637143578105
535        0.0008768609639162254
536        0.0009626545546303322
537        0.0009323744637900592
538        0.0009803179409538254
539        0.0009853646227605366
540        0.0009109260661115322
541        0.0009260661115316699
542        0.0007229371688115074
543        0.0007494322482967459
544        0.000662376987130962
545        0.000745647236941711
546        0.001029523088569268
547        0.0006699470098410303
548        0.0007178904870047954
549        0.0008844309866262932
550        0.00089326267978804
551        0.0007784506686853399
552        0.0009651778955336887
553        0.000659853646227606
554        0.0008453192026242758
555        0.0006939187484229129
556        0.0007948523845571544
557        0.0006333585667423672
558        0.0006308352258390114
559        0.0009361594751450932
560        0.0008541508957860222
561        0.0007065354529396929
562        0.0008200857935907146
563        0.0007052737824880147
564        0.000816300782235681
565        0.0009348978046934153
566        0.0007948523845571548
567        0.0009298511228867022
568        0.0007670956346202385
569        0.0006762553620994205
570        0.0008415341912692418
571        0.000835225839010851
572        0.000729245521069898
573        0.0007166288165531173
574        0.001028261418117589
575        0.0006434519303557918
576        0.000685087055261166
577        0.0009323744637900592
578        0.0007494322482967466
579        0.0007797123391370182
580        0.0007645722937168828
581        0.0007279838506182198
582        0.0010434014635377251
583        0.000898309361594753
584        0.0007241988392631856
585        0.0008705526116578364
586        0.0007582639414584915
587        0.0008907393388846844
588        0.0007746656573303064
589        0.0008604592480444108
590        0.0008112541004289699
591        0.0010194297249558424
592        0.0008730759525611923
593        0.0006712086802927077
594        0.0008882159979813277
595        0.0008554125662376986
596        0.0007734039868786285
597        0.0007721423164269507
598        0.0007418622255866782
599        0.0008289174867524607
600        0.0008591975775927341
601        0.0008112541004289683
602        0.000749432248296747
603        0.0006724703507443853
604        0.0007570022710068136
605        0.0007633106232652041
606        0.0011127933383800164
607        0.0008125157708806486
608        0.0010913449407014889
609        0.000654806964420894
610        0.0010269997476659105
611        0.0007292455210698977
612        0.000693918748422913
613        0.0007014887711329811
614        0.0008263941458491049
615        0.0007027504415846588
616        0.0005778450668685348
617        0.0008251324753974264
618        0.0007292455210698978
619        0.0007191521574564728
620        0.0009197577592732785
621        0.0007721423164269506
622        0.0008819076457229373
623        0.0008945243502397196
624        0.0008099924299772907
625        0.0007330305324249317
626        0.0010030280090840276
627        0.000762048952813527
628        0.0006611153166792835
629        0.0010497098157961136
630        0.0006762553620994195
631        0.000769618975523595
632        0.0005538733282866516
633        0.0008541508957860219
634        0.0006598536462276063
635        0.0008289174867524608
636        0.0007872823618470866
637        0.00073429220287661
638        0.0008263941458491061
639        0.000991672975018926
640        0.0008856926570779733
641        0.0009134494070148891
642        0.0007506939187484244
643        0.0007670956346202386
644        0.0008163007822356814
645        0.0008970476911430738
646        0.000682563714357811
647        0.000731768861973254
648        0.0009184960888216
649        0.0007456472369417117
650        0.0008869543275296497
651        0.0007771889982336631
652        0.000788544032298764
653        0.0007141054756497617
654        0.0007204138279081514
655        0.0006522836235175372
656        0.0006964420893262679
657        0.0008415341912692422
658        0.0007204138279081517
659        0.0008150391117840039
660        0.0008793843048195816
661        0.0009639162250820099
662        0.0006888720666162006
663        0.0006661619984859959
664        0.0007746656573303055
665        0.0005475649760282612
666        0.0007027504415846588
667        0.0009033560434014644
668        0.0009109260661115328
669        0.0007040121120363367
670        0.0009437294978551613
671        0.0006497602826141818
672        0.0006749936916477418
673        0.0007330305324249322
674        0.0007002271006813027
675        0.000672470350744386
676        0.0006636386575826398
677        0.0006510219530658604
678        0.000609386828160486
679        0.0010383547817310135
680        0.0011026999747665914
681        0.0007645722937168826
682        0.0009046177138531421
683        0.0009273277819833469
684        0.0005892001009336377
685        0.0010055513499873838
686        0.0007014887711329809
687        0.0007254605097148633
688        0.0007860206913954089
689        0.0008062074186222562
690        0.001015644713600808
691        0.0008882159979813281
692        0.0006951804188745902
693        0.0008150391117840027
694        0.0006901337370678786
695        0.0008339641685591736
696        0.0007519555892001011
697        0.0005387332828665154
698        0.0006270502144839772
699        0.0007166288165531171
700        0.000739338884683321
701        0.0007090587938430495
702        0.000885692657077972
703        0.0007065354529396928
704        0.0008213474640423923
705        0.0006762553620994201
706        0.0008844309866262938
707        0.0009500378501135513
708        0.0006749936916477416
709        0.0007317688619732532
710        0.0006876103961645227
711        0.000817562452687359
712        0.0011165783497350515
713        0.0007279838506182197
714        0.0006548069644208935
715        0.00073429220287661
716        0.0009311127933383815
717        0.0007570022710068136
718        0.000729245521069897
719        0.0006913954075195567
720        0.0007923290436537994
721        0.0006913954075195569
722        0.0007090587938430484
723        0.0006888720666162004
724        0.0008743376230128704
725        0.0007834973504920521
726        0.0009500378501135519
727        0.0006989654302296246
728        0.0006737320211960638
729        0.0009475145092101955
730        0.0007027504415846597
731        0.0008188241231390373
732        0.0007368155437799653
733        0.0008390108503658846
734        0.0010509714862477933
735        0.000864244259399446
736        0.0008238708049457486
737        0.0008011607368155454
738        0.000976532929598789
739        0.0007469089073933905
740        0.0007027504415846592
741        0.0006989654302296245
742        0.0008718142821095138
743        0.0008226091344940709
744        0.0007292455210698968
745        0.0006989654302296253
746        0.0006636386575826409
747        0.0006674236689376742
748        0.0008453192026242753
749        0.0007809740095886958
750        0.000648498612162504
751        0.0007166288165531172
752        0.0007141054756497619
753        0.0007229371688115086
754        0.000738077214231644
755        0.0007216754983598294
756        0.0010295230885692661
757        0.0008768609639162269
758        0.0008112541004289688
759        0.0006850870552611662
760        0.000919757759273279
761        0.0007557406005551363
762        0.000860459248044411
763        0.0005475649760282623
764        0.0008718142821095138
765        0.0007532172596517795
766        0.0006850870552611662
767        0.0008301791572041386
768        0.0006977037597779469
769        0.0009954579863739592
770        0.0006800403734544538
771        0.0007178904870047954
772        0.000731768861973254
773        0.0009866262932122132
774        0.000739338884683321
775        0.0008074690890739349
776        0.0007330305324249313
777        0.0006913954075195561
778        0.0008440575321725968
779        0.0006926570779712351
780        0.000796114055008833
781        0.0010307847590209451
782        0.0011115316679283385
783        0.0009740095886954336
784        0.0006447136008074697
785        0.0008642442593994455
786        0.0007923290436537984
787        0.0006775170325510984
788        0.0010799899066363874
789        0.0007898057027504431
790        0.0008781226343679046
791        0.0007481705778450681
792        0.0007620489528135259
793        0.0008566742366893778
794        0.00083017915720414
795        0.001038354781731013
796        0.0006989654302296252
797        0.0007166288165531171
798        0.0006737320211960649
799        0.000673732021196064
800        0.0005059298511228865
801        0.0007267221801665417
802        0.0006876103961645231
803        0.0006409285894524353
804        0.000885692657077971
805        0.0007002271006813029
806        0.0010976532929598795
807        0.0008314408276558172
808        0.0008478425435276324
809        0.0007494322482967456
810        0.0008440575321725974
811        0.0007342922028766098
812        0.0007670956346202376
813        0.0008074690890739342
814        0.0008137774413323239
815        0.0012175119858692915
816        0.0009538228614685858
817        0.0009058793843048209
818        0.0007620489528135265
819        0.0007620489528135264
820        0.0008983093615947533
821        0.000787282361847087
822        0.0007570022710068145
823        0.0008049457481705777
824        0.0006459752712591474
825        0.001045924804441082
826        0.0007115821347464056
827        0.0007178904870047953
828        0.0009121877365632104
829        0.0008554125662377001
830        0.0007380772142316438
831        0.0007241988392631852
832        0.000849104213979309
833        0.0008251324753974279
834        0.0008869543275296508
835        0.0006913954075195569
836        0.0008137774413323245
837        0.0006484986121625038
838        0.0007267221801665414
839        0.0010736815543779977
840        0.0010787282361847089
841        0.0009588695432752984
842        0.0007305071915215749
843        0.001086298258894778
844        0.0007330305324249318
845        0.0010598031794095402
846        0.000827655816300782
847        0.0006611153166792841
848        0.0007115821347464048
849        0.0009311127933383813
850        0.0006913954075195564
851        0.0008655059298511239
852        0.0007330305324249318
853        0.0007305071915215761
854        0.001088821599798134
855        0.0010131213726974528
856        0.0008491042139793109
857        0.0005210698965430229
858        0.0006283118849356542
859        0.0006800403734544546
860        0.0007746656573303067
861        0.0007797123391370186
862        0.0008402725208175632
863        0.0007658339641685609
864        0.0008011607368155449
865        0.0010370931112793354
866        0.000912187736563211
867        0.000886954327529651
868        0.0007998990663638671
869        0.0010206913954075203
870        0.0008175624526873602
871        0.0007532172596517791
872        0.0009248044410799914
873        0.0007317688619732532
874        0.0010030280090840287
875        0.0006699470098410307
876        0.000921019429724957
877        0.0007948523845571556
878        0.0007532172596517794
879        0.0008781226343679034
880        0.0010219530658591997
881        0.000791067373202121
882        0.0007519555892001018
883        0.0008125157708806464
884        0.0008806459752712603
885        0.0007241988392631858
886        0.0008327024981074963
887        0.000835225839010851
888        0.0006182185213222312
889        0.0007279838506182199
890        0.0006497602826141816
891        0.0010812515770880664
892        0.0009878879636638928
893        0.0006989654302296251
894        0.0005097148624779199
895        0.0011342417360585425
896        0.0006951804188745906
897        0.0008339641685591747
898        0.000974009588695434
899        0.001021953065859199
900        0.0007544789301034582
901        0.001015644713600808
902        0.0007620489528135264
903        0.0009941963159222822
904        0.0007002271006813024
905        0.0011455967701236446
906        0.0008768609639162265
907        0.0007683573050719161
908        0.0007570022710068148
909        0.001048448145344437
910        0.0007229371688115078
911        0.0009020943729497871
912        0.0008705526116578356
913        0.000875599293464548
914        0.00088695432752965
915        0.0007910673732021214
916        0.0007380772142316448
917        0.0007065354529396935
918        0.0007014887711329811
919        0.000751955589200103
920        0.0007923290436537997
921        0.0007809740095886979
922        0.0007620489528135271
923        0.0006333585667423672
924        0.0007708806459752732
925        0.001024476406762555
926        0.0008541508957860219
927        0.0008844309866262951
928        0.0007305071915215756
929        0.0008087307595256128
930        0.00101438304314913
931        0.0007834973504920516
932        0.001010598031794096
933        0.000919757759273279
934        0.000712843805198083
935        0.0007469089073933895
936        0.0007229371688115075
937        0.0007267221801665418
938        0.000711582134746406
939        0.0006838253848094885
940        0.0009336361342417365
941        0.0007683573050719158
942        0.0007670956346202387
943        0.0007279838506182196
944        0.0007595256119101705
945        0.0008604592480444112
946        0.000717890487004795
947        0.0007115821347464052
948        0.0007973757254605108
949        0.0007885440322987645
950        0.0007570022710068145
951        0.0009967196568256393
952        0.0007077971233913709
953        0.0006926570779712339
954        0.0007014887711329807
955        0.0008125157708806472
956        0.0007406005551349997
957        0.0007885440322987638
958        0.0006787787030027765
959        0.0006724703507443867
960        0.0008276558163007831
961        0.0010509714862477933
962        0.0008920010093363626
963        0.0008453192026242754
964        0.0007696189755235937
965        0.0007456472369417118
966        0.0007494322482967462
967        0.0007077971233913717
968        0.0008415341912692417
969        0.0007166288165531172
970        0.0007582639414584915
971        0.0007115821347464049
972        0.0007570022710068142
973        0.0007998990663638677
974        0.0007948523845571555
975        0.0008667676003028024
976        0.0009374211455967714
977        0.0007368155437799656
978        0.0007216754983598291
979        0.0008150391117840027
980        0.000517284885187989
981        0.0007834973504920526
982        0.000784759020943731
983        0.001061064849861217
984        0.0010017663386323499
985        0.0008390108503658848
986        0.0008339641685591731
987        0.0010724198839263195
988        0.0007191521574564741
989        0.0007355538733282872
990        0.0007191521574564731
991        0.000876860963916226
992        0.0008680292707544801
993        0.0010635881907645733
994        0.0008175624526873586
995        0.0008781226343679033
996        0.0007683573050719165
997        0.0007734039868786284
998        0.0006636386575826395
999        0.000706535452939693
1000        0.0006901337370678786
1001        0.0008920010093363619
1002        0.0007506939187484239
1003        0.0007292455210698973
1004        0.000696442089326269
1005        0.0008642442593994449
1006        0.0006876103961645222
1007        0.0010673732021196064
1008        0.000994196315922282
1009        0.0011645218268988146
1010        0.000680040373454454
1011        0.000820085793590715
1012        0.000733030532424932
1013        0.000741862225586678
1014        0.0008238708049457502
1015        0.0008920010093363631
1016        0.0009058793843048222
1017        0.0007910673732021209
1018        0.0005652283623517548
1019        0.0008642442593994463
1020        0.0011468584405753236
1021        0.0009525611910169083
1022        0.000977794600050468
1023        0.0010169063840524868
1024        0.0010055513499873843
1025        0.0008339641685591729
1026        0.0008175624526873584
1027        0.0007948523845571536
1028        0.0009525611910169073
1029        0.0009601312137269759
1030        0.0007961140550088331
1031        0.0007279838506182197
1032        0.0008566742366893776
1033        0.0007216754983598296
1034        0.0009071410547564986
1035        0.0006737320211960645
1036        0.0007746656573303076
1037        0.0007166288165531178
1038        0.0006989654302296249
1039        0.0006825637143578103
1040        0.0006825637143578103
1041        0.0006611153166792845
1042        0.0006560686348725727
1043        0.0008238708049457498
1044        0.0008402725208175643
1045        0.0009121877365632091
1046        0.000985364622760536
1047        0.000760787282361849
1048        0.0007923290436537991
1049        0.0010257380772142335
1050        0.0008566742366893778
1051        0.0007670956346202381
1052        0.0006913954075195562
1053        0.0006939187484229124
1054        0.0007355538733282877
1055        0.0006775170325510985
1056        0.0007431238960383564
1057        0.0008705526116578361
1058        0.0007178904870047953
1059        0.0005475649760282614
1060        0.0007141054756497615
1061        0.0009033560434014656
1062        0.0009399444865001271
1063        0.0009500378501135511
1064        0.0007330305324249309
1065        0.0007406005551350004
1066        0.0006623769871309619
1067        0.0008743376230128698
1068        0.0008276558163007828
1069        0.0008339641685591723
1070        0.0009399444865001268
1071        0.0009109260661115328
1072        0.0007368155437799663
1073        0.0006825637143578102
1074        0.0007759273277819833
1075        0.0006838253848094892
1076        0.0008049457481705789
1077        0.0007204138279081518
1078        0.0007494322482967455
1079        0.001182185213222307
1080        0.0006686853393893526
1081        0.0009399444865001276
1082        0.0006573303053242509
1083        0.0009374211455967716
1084        0.0006913954075195571
1085        0.0007595256119101698
1086        0.0006699470098410305
1087        0.0009563462023719415
1088        0.0006749936916477416
1089        0.0009437294978551623
1090        0.0009803179409538245
1091        0.0006825637143578101
1092        0.0007292455210698972
1093        0.0007014887711329807
1094        0.0009424678274034831
1095        0.0008617209184960887
1096        0.0006220035326772642
1097        0.0009046177138531423
1098        0.0008894776684330062
1099        0.0009197577592732796
1100        0.0006787787030027771
1101        0.0009550845319202638
1102        0.0007141054756497617
1103        0.0007557406005551356
1104        0.0007128438051980833
1105        0.0007267221801665417
1106        0.000788544032298764
1107        0.0007784506686853406
1108        0.0006775170325510981
1109        0.0010194297249558428
1110        0.000864244259399446
1111        0.0007090587938430488
1112        0.00102699974766591
1113        0.0008781226343679044
1114        0.000806207418622258
1115        0.0008554125662376997
1116        0.000673732021196064
1117        0.0006964420893262692
1118        0.0007973757254605106
1119        0.0007620489528135276
1120        0.0007481705778450676
1121        0.000735553873328287
1122        0.0006813020439061323
1123        0.0007759273277819837
1124        0.0008491042139793101
1125        0.0007229371688115078
1126        0.0007393388846833217
1127        0.0006409285894524366
1128        0.0009311127933383802
1129        0.0006459752712591472
1130        0.0007948523845571551
1131        0.001086298258894778
1132        0.0009601312137269757
1133        0.0007885440322987654
1134        0.0009727479182437564
1135        0.0011569518041887464
1136        0.0008390108503658865
1137        0.0008755992934645477
1138        0.0007204138279081515
1139        0.00074690890739339
1140        0.001024476406762554
1141        0.0007506939187484235
1142        0.0009689629068887225
1143        0.0009576078728236203
1144        0.0009071410547564986
1145        0.0009979813272773168
1146        0.0005791067373202123
1147        0.0008276558163007838
1148        0.0012074186222558677
1149        0.0012200353267726477
1150        0.0007128438051980827
1151        0.0008819076457229378
1152        0.0010547564976028272
1153        0.0010434014635377247
1154        0.0011897552359323748
1155        0.001052233156699471
1156        0.0010244764067625538
1157        0.000995457986373961
1158        0.0007342922028766101
1159        0.0006749936916477424
1160        0.0006977037597779468
1161        0.0008478425435276323
1162        0.0007721423164269509
1163        0.0008024224072672238
1164        0.0009992429977289947
1165        0.0008516275548826657
1166        0.0009121877365632112
1167        0.0007948523845571545
1168        0.000797375725460511
1169        0.0008894776684330069
1170        0.0008655059298511253
1171        0.000980317940953824
1172        0.0006649003280343173
1173        0.0006384052485490795
1174        0.0008238708049457481
1175        0.0007872823618470873
1176        0.0009399444865001268
1177        0.0006977037597779468
1178        0.0009803179409538251
1179        0.0011582134746404248
1180        0.0006775170325510981
1181        0.0008465808730759542
1182        0.0011317183951551862
1183        0.0008465808730759531
1184        0.0007620489528135263
1185        0.0006762553620994196
1186        0.0008478425435276312
1187        0.0009487761796618742
1188        0.0007885440322987652
1189        0.0009588695432752964
1190        0.000722937168811507
1191        0.0007406005551350003
1192        0.0007544789301034586
1193        0.0008390108503658853
1194        0.0006459752712591474
1195        0.0008793843048195832
1196        0.0007368155437799663
1197        0.0008692909412061576
1198        0.0009462528387585175
1199        0.0007746656573303071
1200        0.0008983093615947535
1201        0.0007696189755235941
1202        0.0007279838506182199
1203        0.0008869543275296495
1204        0.000910926066111532
1205        0.0010471864748927589
1206        0.0011847085541256638
1207        0.001188493565480698
1208        0.0006686853393893518
1209        0.0009033560434014644
1210        0.0008755992934645492
1211        0.0007607872823618484
1212        0.0008364875094625298
1213        0.0007759273277819849
1214        0.0007860206913954084
1215        0.0007141054756497606
1216        0.0009563462023719423
1217        0.0007002271006813025
1218        0.0008667676003028008
1219        0.0011279333838001527
1220        0.0007633106232652043
1221        0.0007128438051980837
1222        0.0005753217259651787
1223        0.0007607872823618484
1224        0.0008655059298511232
1225        0.0011720918496088834
1226        0.000997981327277317
1227        0.0007481705778450682
1228        0.000932374463790059
1229        0.0011872318950290194
1230        0.0010383547817310141
1231        0.0007481705778450677
1232        0.0008074690890739343
1233        0.0009008327024981085
1234        0.0009967196568256389
1235        0.0008402725208175635
1236        0.0009210194297249578
1237        0.0009689629068887209
1238        0.0007040121120363374
1239        0.0008163007822356813
1240        0.0008049457481705788
1241        0.0010194297249558426
1242        0.0007532172596517796
1243        0.0006939187484229128
1244        0.0007330305324249308
1245        0.0006510219530658592
1246        0.0007040121120363364
1247        0.0007128438051980829
1248        0.0008339641685591729
1249        0.0009525611910169086
1250        0.0007532172596517807
1251        0.0010825132475397426
1252        0.0006548069644208933
1253        0.0010926066111531677
1254        0.0009071410547564985
1255        0.0009992429977289947
1256        0.0009992429977289947
1257        0.000692657077971235
1258        0.0007229371688115074
1259        0.0006838253848094892
1260        0.0007696189755235949
1261        0.0008327024981074945
1262        0.0007065354529396928
1263        0.0006838253848094885
1264        0.0007317688619732532
1265        0.0007645722937168818
1266        0.0006775170325510984
1267        0.0007279838506182197
1268        0.0009866262932122138
1269        0.0007570022710068141
1270        0.0009285894524350246
1271        0.0009147110774665669
1272        0.0009235427706283122
1273        0.0006762553620994202
1274        0.0007065354529396929
1275        0.0008226091344940707
1276        0.0007267221801665416
1277        0.0008226091344940718
1278        0.000876860963916226
1279        0.000928589452435024
1280        0.0007469089073933899
1281        0.0012717638152914467
1282        0.0008465808730759539
1283        0.0011645218268988152
1284        0.0008528892253343438
1285        0.0006598536462276059
1286        0.0007153671461014399
1287        0.0008289174867524611
1288        0.0008024224072672229
1289        0.0009576078728236191
1290        0.0006989654302296246
1291        0.0007279838506182194
1292        0.0007115821347464052
1293        0.0008554125662376996
1294        0.000799899066363866
1295        0.000762048952813526
1296        0.000690133737067878
1297        0.000907141054756499
1298        0.0007115821347464055
1299        0.0007948523845571553
1300        0.0007002271006813025
1301        0.0009058793843048214
1302        0.0013197072924552124
1303        0.000697703759777947
1304        0.000719152157456473
1305        0.0006989654302296246
1306        0.0009538228614685856
1307        0.0008137774413323245
1308        0.0007633106232652042
1309        0.0007607872823618472
1310        0.0008655059298511244
1311        0.0009273277819833463
1312        0.0009550845319202635
1313        0.0010698965430229628
1314        0.0007910673732021221
1315        0.0011935402472874107
1316        0.0005336866010598034
1317        0.0007481705778450676
1318        0.0007734039868786278
1319        0.0007582639414584925
1320        0.0009727479182437561
1321        0.0008465808730759541
1322        0.000751955589200103
1323        0.0006762553620994203
1324        0.0008301791572041397
1325        0.0006850870552611661
1326        0.0007014887711329801
1327        0.0007670956346202385
1328        0.0007103204642947274
1329        0.0008099924299772904
1330        0.0007027504415846587
1331        0.0009197577592732783
1332        0.0008024224072672218
1333        0.0007065354529396931
1334        0.0007153671461014386
1335        0.0007355538733282874
1336        0.000711582134746405
1337        0.0008301791572041395
1338        0.000716628816553117
1339        0.0007065354529396931
1340        0.0008970476911430751
1341        0.0007393388846833214
1342        0.0008011607368155438
1343        0.0007519555892001023
1344        0.0007670956346202385
1345        0.0006951804188745913
1346        0.0011064849861216267
1347        0.0008465808730759544
1348        0.0006649003280343183
1349        0.000850365884430988
1350        0.0010522331566994718
1351        0.0006863487257128456
1352        0.0007986373959121888
1353        0.0006838253848094888
1354        0.0006964420893262687
1355        0.0009765329295987903
1356        0.000992934645470604
1357        0.0008024224072672235
1358        0.0011468584405753225
1359        0.0008213474640423935
1360        0.0011645218268988154
1361        0.0007809740095886965
1362        0.0006220035326772659
1363        0.0010446631339894037
1364        0.0006699470098410296
1365        0.0006913954075195563
1366        0.0007254605097148631
1367        0.0007506939187484236
1368        0.0010169063840524868
1369        0.0008680292707544791
1370        0.0007406005551349993
1371        0.0009273277819833476
1372        0.0007229371688115068
1373        0.0009020943729497861
1374        0.000782235680040374
1375        0.000671208680292708
1376        0.0006775170325510984
1377        0.0009147110774665662
1378        0.0007153671461014388
1379        0.0010105980317940968
1380        0.0009033560434014641
1381        0.0006749936916477422
1382        0.0009576078728236191
1383        0.000745647236941713
1384        0.0006573303053242496
1385        0.0008188241231390372
1386        0.0007872823618470863
1387        0.0007229371688115072
1388        0.0007279838506182197
1389        0.0009374211455967711
1390        0.0009374211455967706
1391        0.0007103204642947271
1392        0.0006649003280343186
1393        0.0007443855664900342
1394        0.0009626545546303322
1395        0.000672470350744386
1396        0.0007898057027504428
1397        0.0006977037597779464
1398        0.0007406005551349998
1399        0.0008087307595256126
1400        0.0009273277819833469
1401        0.000750693918748424
1402        0.0006939187484229118
1403        0.0007431238960383556
1404        0.0007431238960383558
1405        0.0007216754983598296
1406        0.0008945243502397184
1407        0.0009550845319202632
1408        0.000712843805198083
1409        0.0007973757254605107
1410        0.0009311127933383804
1411        0.0006838253848094888
1412        0.0008301791572041382
1413        0.0006813020439061323
1414        0.000736815543779965
1415        0.0010396164521826905
1416        0.0008314408276558165
1417        0.000864244259399447
1418        0.0009046177138531408
1419        0.0008301791572041383
1420        0.000719152157456474
1421        0.0009386828160484497
1422        0.0005690133737067885
1423        0.0007481705778450685
1424        0.0006737320211960642
1425        0.000739338884683322
1426        0.000691395407519557
1427        0.0008806459752712601
1428        0.0010080746908907392
1429        0.0008188241231390386
1430        0.0009651778955336876
1431        0.0008932626797880401
1432        0.0009235427706283124
1433        0.0006156951804188753
1434        0.0006749936916477419
1435        0.001048448145344437
1436        0.0005563966691900074
1437        0.00070148877113298
1438        0.0007065354529396928
1439        0.0006838253848094872
1440        0.0007847590209437307
1441        0.0007633106232652048
1442        0.0007620489528135258
1443        0.0007607872823618487
1444        0.0006863487257128449
1445        0.0007014887711329811
1446        0.0008440575321725979
1447        0.0006371435780974011
1448        0.0009033560434014646
1449        0.0007103204642947264
1450        0.0007418622255866782
1451        0.0009626545546303303
1452        0.0007633106232652049
1453        0.0007570022710068148
1454        0.0007734039868786293
1455        0.0009121877365632122
1456        0.0008781226343679036
1457        0.000715367146101439
1458        0.0010497098157961164
1459        0.0009084027252081761
1460        0.0007115821347464059
1461        0.0007670956346202378
1462        0.0007620489528135267
1463        0.0007229371688115077
1464        0.0007393388846833218
1465        0.0009235427706283137
1466        0.00077845066868534
1467        0.0007847590209437303
1468        0.0007607872823618477
1469        0.0007582639414584914
1470        0.0009210194297249569
1471        0.0010484481453444377
1472        0.0007355538733282884
1473        0.0007721423164269494
1474        0.000702750441584659
1475        0.0007519555892001018
1476        0.0009323744637900594
1477        0.0008730759525611922
1478        0.0007204138279081517
1479        0.000697703759777947
1480        0.0007746656573303062
1481        0.0006598536462276053
1482        0.0007570022710068145
1483        0.0009096643956598545
1484        0.0005374716124148369
1485        0.0007935907141054777
1486        0.0007532172596517794
1487        0.0009512995205652286
1488        0.0007191521574564731
1489        0.0008238708049457484
1490        0.0007532172596517799
1491        0.0007128438051980827
1492        0.0006649003280343179
1493        0.001042139793086047
1494        0.0006737320211960637
1495        0.0007935907141054772
1496        0.0008591975775927335
1497        0.0007115821347464048
1498        0.0007317688619732536
1499        0.0007822356800403745
1500        0.0008150391117840026
1501        0.000678778703002776
1502        0.000731768861973254
1503        0.0007040121120363368
1504        0.0007216754983598299
1505        0.0008844309866262943
1506        0.0006775170325510985
1507        0.0007973757254605111
1508        0.0007910673732021199
1509        0.0007241988392631853
1510        0.0007355538733282882
1511        0.0009639162250820091
1512        0.000704012112036337
1513        0.0010396164521826916
1514        0.0007166288165531182
1515        0.0010055513499873834
1516        0.0007216754983598299
1517        0.0006661619984859955
1518        0.0009588695432752971
1519        0.0007204138279081515
1520        0.0009134494070148892
1521        0.000673732021196064
1522        0.000639666919000757
1523        0.0006623769871309616
1524        0.0007658339641685601
1525        0.0009613928841786542
1526        0.0008920010093363621
1527        0.0006989654302296247
1528        0.0007557406005551361
1529        0.0007103204642947273
1530        0.0009500378501135511
1531        0.0007759273277819852
1532        0.0008415341912692407
1533        0.0009197577592732785
1534        0.0007721423164269508
1535        0.0008705526116578364
1536        0.0008579359071410558
1537        0.0010585415089578607
1538        0.0005955084531920272
1539        0.0010383547817310141
1540        0.0010118597022457751
1541        0.0008907393388846854
1542        0.0010585415089578616
1543        0.0008957860206913966
1544        0.0008339641685591746
1545        0.0011733535200605617
1546        0.0007191521574564726
1547        0.0006989654302296243
1548        0.000673732021196064
1549        0.0007368155437799658
1550        0.0006964420893262687
1551        0.0008226091344940713
1552        0.000837749179914208
1553        0.0006548069644208943
1554        0.0009437294978551612
1555        0.0007330305324249318
1556        0.0007557406005551361
1557        0.0007254605097148631
1558        0.0007532172596517798
1559        0.000886954327529651
1560        0.000712843805198083
1561        0.0007771889982336622
1562        0.0008920010093363626
1563        0.0006926570779712346
1564        0.0007670956346202385
1565        0.0007368155437799662
1566        0.0007090587938430487
1567        0.0008692909412061573
1568        0.0007494322482967455
1569        0.0006838253848094886
1570        0.0010408781226343689
1571        0.0010572798385061835
1572        0.0008440575321725981
1573        0.001269240474388091
1574        0.0011771385314155967
1575        0.0008503658844309886
1576        0.0007141054756497615
1577        0.0012376987130961405
1578        0.0006737320211960649
1579        0.0007052737824880146
1580        0.0008478425435276319
1581        0.0009525611910169073
1582        0.0008806459752712599
1583        0.0006863487257128443
1584        0.0009184960888216011
1585        0.0007784506686853396
1586        0.0008339641685591749
1587        0.0007570022710068143
1588        0.0006661619984859958
1589        0.0007620489528135263
1590        0.0008907393388846857
1591        0.0008125157708806472
1592        0.0008465808730759544
1593        0.0006951804188745903
1594        0.0006787787030027768
1595        0.0006901337370678787
1596        0.0007406005551349986
1597        0.0008339641685591721
1598        0.0011455967701236454
1599        0.0007910673732021211
1600        0.0008440575321725977
1601        0.0008112541004289693
1602        0.0008440575321725971
1603        0.0007670956346202386
1604        0.0007279838506182197
1605        0.0007153671461014388
1606        0.0007658339641685611
1607        0.00076583396416856
1608        0.0011115316679283374
1609        0.0007506939187484239
1610        0.0007797123391370175
1611        0.0007254605097148638
1612        0.0007834973504920522
1613        0.0007153671461014392
1614        0.0006560686348725715
1615        0.0008516275548826657
1616        0.001096391622508202
1617        0.000687610396164522
1618        0.0008957860206913965
1619        0.0007103204642947275
1620        0.0007355538733282871
1621        0.0006939187484229128
1622        0.000677517032551098
1623        0.0009651778955336876
1624        0.0010068130204390617
1625        0.0007481705778450684
1626        0.0007166288165531173
1627        0.001096391622508202
1628        0.0008806459752712607
1629        0.0006989654302296248
1630        0.001006813020439063
1631        0.0008352258390108511
1632        0.0007342922028766095
1633        0.0006800403734544545
1634        0.0008049457481705786
1635        0.0007633106232652038
1636        0.0007481705778450686
1637        0.000693918748422913
1638        0.0006838253848094884
1639        0.0007002271006813026
1640        0.0007456472369417123
1641        0.0009765329295987916
1642        0.0010547564976028272
1643        0.0007469089073933899
1644        0.0008718142821095128
1645        0.0007532172596517805
1646        0.0006724703507443863
1647        0.0007330305324249321
1648        0.0007380772142316445
1649        0.000668685339389352
1650        0.0007014887711329805
1651        0.0006674236689376739
1652        0.0006964420893262683
1653        0.000698965430229625
1654        0.000725460509714863
1655        0.0007052737824880153
1656        0.0007872823618470862
1657        0.0007809740095886963
1658        0.0007683573050719161
1659        0.0006749936916477418
1660        0.0009260661115316686
1661        0.0007254605097148628
1662        0.0007746656573303061
1663        0.0007141054756497617
1664        0.0007355538733282874
1665        0.0007090587938430484
1666        0.0006598536462276061
1667        0.0009462528387585175
1668        0.0006913954075195565
1669        0.0007847590209437305
1670        0.0006888720666162005
1671        0.0006989654302296241
1672        0.0007128438051980837
1673        0.000798637395912189
1674        0.000793590714105477
1675        0.0008983093615947522
1676        0.0008188241231390377
1677        0.000704012112036337
1678        0.0010030280090840282
1679        0.0007115821347464051
1680        0.0007532172596517804
1681        0.0007784506686853411
1682        0.0007279838506182192
1683        0.0009815796114055015
1684        0.0007267221801665417
1685        0.0007317688619732539
1686        0.0007002271006813031
1687        0.0006813020439061323
1688        0.0008112541004289684
1689        0.0008036840777188998
1690        0.0006888720666162006
1691        0.0007027504415846593
1692        0.0007090587938430499
1693        0.0006724703507443863
1694        0.0007885440322987646
1695        0.0009437294978551612
1696        0.0011090083270249831
1697        0.0007872823618470859
1698        0.0007721423164269512
1699        0.0010787282361847089
1700        0.0009487761796618736
1701        0.0007822356800403756
1702        0.0007153671461014385
1703        0.0007090587938430492
1704        0.0008327024981074952
1705        0.000995457986373961
1706        0.0012112036336109021
1707        0.0006724703507443856
1708        0.0007153671461014391
1709        0.0007090587938430495
1710        0.0008427958617209186
1711        0.0009563462023719423
1712        0.0007418622255866775
1713        0.0008390108503658848
1714        0.00107241988392632
1715        0.0008125157708806465
1716        0.0008932626797880406
1717        0.000875599293464548
1718        0.0009222811001766353
1719        0.0007910673732021211
1720        0.0007973757254605111
1721        0.0007330305324249319
1722        0.0007368155437799662
1723        0.0006850870552611668
1724        0.0008238708049457487
1725        0.0010762048952813546
1726        0.0006876103961645218
1727        0.0007797123391370185
1728        0.0008491042139793095
1729        0.0006850870552611668
1730        0.0008276558163007831
1731        0.0009386828160484497
1732        0.0008806459752712603
1733        0.0006901337370678788
1734        0.0008566742366893772
1735        0.0006169568508705532
1736        0.0009841029523088576
1737        0.0010976532929598806
1738        0.0009424678274034833
1739        0.000767095634620239
1740        0.0007809740095886963
1741        0.0009197577592732779
1742        0.000837749179914207
1743        0.0010030280090840293
1744        0.0008503658844309872
1745        0.0010623265203128956
1746        0.0010623265203128956
1747        0.0007014887711329809
1748        0.0009222811001766357
1749        0.0008289174867524616
1750        0.0007910673732021212
1751        0.0007670956346202388
1752        0.0008163007822356818
1753        0.0008680292707544794
1754        0.0009020943729497866
1755        0.0009046177138531421
1756        0.0009046177138531426
1757        0.000744385566490034
1758        0.0007998990663638675
1759        0.000701488771132981
1760        0.0008554125662376994
1761        0.0009878879636638926
1762        0.001050971486247794
1763        0.0009601312137269765
1764        0.0008251324753974271
1765        0.0010534948271511489
1766        0.0012402220539994978
1767        0.0007494322482967455
1768        0.0007216754983598292
1769        0.0008074690890739361
1770        0.0008112541004289691
1771        0.0009689629068887223
1772        0.0010888215997981344
1773        0.00073429220287661
1774        0.0007557406005551372
1775        0.0007368155437799668
1776        0.0007292455210698984
1777        0.0007721423164269508
1778        0.0012969972243250072
1779        0.0011355034065102217
1780        0.0007090587938430488
1781        0.0009361594751450924
1782        0.0009803179409538245
1783        0.0007292455210698976
1784        0.0010017663386323497
1785        0.0008995710320464304
1786        0.0009626545546303324
1787        0.0009841029523088574
1788        0.001271763815291447
1789        0.0008188241231390364
1790        0.0009437294978551602
1791        0.0009159727479182452
1792        0.0008099924299772913
1793        0.0011342417360585427
1794        0.0008743376230128708
1795        0.0008755992934645479
1796        0.0007872823618470863
1797        0.0009613928841786538
1798        0.0007380772142316429
1799        0.0007759273277819851
1800        0.0007670956346202385
1801        0.0007267221801665417
1802        0.0008541508957860211
1803        0.0007317688619732539
1804        0.0005854150895786026
1805        0.0007822356800403752
1806        0.0009273277819833471
1807        0.0009765329295987905
1808        0.0008200857935907146
1809        0.0008844309866262938
1810        0.000687610396164523
1811        0.0007027504415846588
1812        0.0007317688619732537
1813        0.001062326520312896
1814        0.0007443855664900335
1815        0.0010307847590209451
1816        0.0010471864748927582
1817        0.0008566742366893776
1818        0.0009525611910169089
1819        0.0009159727479182439
1820        0.0009273277819833471
1821        0.0010812515770880656
1822        0.0009033560434014643
1823        0.0011430734292202879
1824        0.000676255362099421
1825        0.0007797123391370185
1826        0.0012376987130961403
1827        0.0010585415089578638
1828        0.0008200857935907163
1829        0.0009008327024981089
1830        0.0007784506686853411
1831        0.0010118597022457738
1832        0.0011531667928337123
1833        0.0008049457481705781
1834        0.0009020943729497867
1835        0.0007885440322987652
1836        0.0008894776684330062
1837        0.0008364875094625294
1838        0.0010282614181175893
1839        0.0008617209184960902
1840        0.0008301791572041384
1841        0.000590461771385315
1842        0.0006951804188745917
1843        0.0011064849861216262
1844        0.0007872823618470866
1845        0.0011001766338632373
1846        0.0012376987130961407
1847        0.0008957860206913972
1848        0.0007696189755235943
1849        0.0007040121120363374
1850        0.0010434014635377251
1851        0.0008718142821095145
1852        0.0007633106232652043
1853        0.0007872823618470854
1854        0.0007544789301034584
1855        0.0009563462023719407
1856        0.000854150895786023
1857        0.0006611153166792841
1858        0.0008263941458491058
1859        0.0007506939187484244
1860        0.000720413827908151
1861        0.0006825637143578102
1862        0.0009222811001766345
1863        0.000758263941458493
1864        0.0007683573050719162
1865        0.0009765329295987893
1866        0.0009134494070148892
1867        0.001010598031794096
1868        0.0007809740095886977
1869        0.0007570022710068143
1870        0.0009273277819833466
1871        0.0009613928841786545
1872        0.0006762553620994198
1873        0.0010446631339894033
1874        0.0011165783497350504
1875        0.0007443855664900343
1876        0.0007267221801665418
1877        0.0008175624526873586
1878        0.0007254605097148636
1879        0.0009777946000504693
1880        0.0010635881907645744
1881        0.0008554125662377004
1882        0.0006674236689376746
1883        0.0011216250315417631
1884        0.0011960635881907663
1885        0.0011026999747665918
1886        0.0008339641685591728
1887        0.0010358314408276572
1888        0.0008364875094625303
1889        0.0008718142821095143
1890        0.0009361594751450939
1891        0.000704012112036337
1892        0.0007342922028766099
1893        0.0007317688619732528
1894        0.0008024224072672223
1895        0.0007986373959121888
1896        0.0009235427706283126
1897        0.0007267221801665415
1898        0.0006484986121625038
1899        0.0009197577592732788
1900        0.0007267221801665408
1901        0.000890739338884685
1902        0.0006560686348725717
1903        0.0006560686348725716
1904        0.0009210194297249573
1905        0.0012641937925813784
1906        0.0006964420893262687
1907        0.0007204138279081516
1908        0.0008125157708806473
1909        0.001230128690386073
1910        0.000755740600555136
1911        0.0008200857935907157
1912        0.0012503154176129207
1913        0.0007734039868786291
1914        0.0008680292707544804
1915        0.0009248044410799917
1916        0.0010333080999243
1917        0.0012843805198082272
1918        0.0007935907141054772
1919        0.001319707292455211
1920        0.0007431238960383554
1921        0.0007910673732021211
1922        0.0007241988392631858
1923        0.0007077971233913709
1924        0.000806207418622258
1925        0.0008390108503658861
1926        0.0010131213726974533
1927        0.0012465304062578876
1928        0.0009159727479182443
1929        0.0010963916225082023
1930        0.0012490537471612421
1931        0.0006712086802927078
1932        0.001129195054251832
1933        0.0012414837244511747
1934        0.0010459248044410807
1935        0.0007759273277819855
1936        0.0008755992934645474
1937        0.0006585919757759278
1938        0.0008465808730759541
1939        0.0007204138279081507
1940        0.0009222811001766355
1941        0.0010232147363108774
1942        0.0007506939187484244
1943        0.0008478425435276321
1944        0.000985364622760535
1945        0.0010282614181175897
1946        0.0013058289174867532
1947        0.0007128438051980829
1948        0.0012705021448397682
1949        0.0005437799646732279
1950        0.0011001766338632373
1951        0.0012717638152914476
1952        0.0007986373959121894
1953        0.0006156951804188759
1954        0.0009992429977289938
1955        0.0008402725208175635
1956        0.0009096643956598545
1957        0.00089326267978804
1958        0.0008907393388846841
1959        0.0008528892253343434
1960        0.0007544789301034571
1961        0.0007746656573303071
1962        0.0009664395659853655
1963        0.0008528892253343436
1964        0.0008680292707544801
1965        0.0009273277819833477
1966        0.0008516275548826663
1967        0.000929851122886704
1968        0.0009197577592732796
1969        0.000918496088821601
1970        0.000982841281857181
1971        0.0006964420893262686
1972        0.0009159727479182451
1973        0.000775927327781985
1974        0.000923542770628313
1975        0.000770880645975272
1976        0.0009184960888216016
1977        0.000711582134746405
1978        0.0006686853393893523
1979        0.0008554125662377004
1980        0.0006888720666162006
1981        0.0011026999747665914
1982        0.0008137774413323253
1983        0.0011859702245773408
1984        0.000953822861468586
1985        0.0007519555892001023
1986        0.0008755992934645496
1987        0.001242745394902853
1988        0.00118092354277063
1989        0.0008882159979813283
1990        0.001019429724955842
1991        0.0008036840777189013
1992        0.000740600555135
1993        0.0008894776684330064
1994        0.001091344940701491
1995        0.0007393388846833216
1996        0.0006762553620994205
1997        0.0007469089073933906
1998        0.0007166288165531174
1999        0.0008528892253343419
2000        0.0008718142821095143
2001        0.0008957860206913961
2002        0.0006951804188745918
2003        0.0008036840777189014
2004        0.0011191016906384064
2005        0.0008036840777189013
2006        0.0006888720666162001
2007        0.0008755992934645492
2008        0.0009121877365632123
2009        0.001072419883926319
2010        0.0011683068382538492
2011        0.0009803179409538243
2012        0.0008995710320464302
2013        0.0010333080999243033
2014        0.0008440575321725981
2015        0.0008655059298511236
2016        0.0007355538733282878
2017        0.0006749936916477419
2018        0.0007443855664900338
2019        0.0006358819076457232
2020        0.0009298511228867022
2021        0.0007166288165531173
2022        0.0008200857935907157
2023        0.0006421902599041133
2024        0.000635881907645723
2025        0.0009109260661115337
2026        0.0007557406005551361
2027        0.0006510219530658592
2028        0.000740600555135
2029        0.0006333585667423673
2030        0.0006573303053242504
2031        0.0006421902599041138
2032        0.0007077971233913718
2033        0.0009740095886954333
2034        0.0007052737824880152
2035        0.0007103204642947264
2036        0.000826394145849105
2037        0.0008882159979813283
2038        0.0007002271006813023
2039        0.0007317688619732532
2040        0.0007847590209437314
2041        0.0007128438051980832
2042        0.0007077971233913713
2043        0.0006749936916477426
2044        0.0007317688619732535
2045        0.0008327024981074954
2046        0.0008932626797880403
2047        0.0007456472369417115
2048        0.0009046177138531429
2049        0.0007746656573303062
2050        0.0011014383043149144
2051        0.0008894776684330064
2052        0.0011796618723189504
2053        0.0008099924299772909
2054        0.0007658339641685607
2055        0.0009449911683068396
2056        0.0005311632601564475
2057        0.0011922785768357317
2058        0.000721675498359829
2059        0.0007557406005551359
2060        0.0008983093615947533
2061        0.0009424678274034835
2062        0.0008806459752712622
2063        0.000932374463790059
2064        0.0009576078728236198
2065        0.0008465808730759536
2066        0.0009512995205652293
2067        0.0005942467827403485
2068        0.0008125157708806473
2069        0.0010358314408276566
2070        0.0007305071915215763
2071        0.00105854150895786
2072        0.0009550845319202645
2073        0.0008415341912692424
2074        0.0007658339641685604
2075        0.0008629825889477675
2076        0.0006939187484229122
2077        0.0006585919757759274
2078        0.0008200857935907146
2079        0.000975271259147111
2080        0.0007948523845571536
2081        0.0007216754983598303
2082        0.0008831693161746176
2083        0.0007519555892001022
2084        0.0008263941458491052
2085        0.0007683573050719155
2086        0.0007216754983598295
2087        0.0009248044410799903
2088        0.0008554125662376989
2089        0.0007734039868786285
2090        0.0007898057027504426
2091        0.0008768609639162267
2092        0.0009878879636638926
2093        0.0008806459752712606
2094        0.0007759273277819851
2095        0.0008591975775927338
2096        0.0007519555892001018
2097        0.0008755992934645483
2098        0.000680040373454454
2099        0.0009576078728236191
2100        0.0009790562705021453
2101        0.0007557406005551362
2102        0.0008200857935907148
2103        0.0007834973504920525
2104        0.0009588695432752967
2105        0.0009285894524350253
2106        0.000725460509714864
2107        0.0007418622255866776
2108        0.0007204138279081507
2109        0.0009601312137269756
2110        0.0009121877365632109
2111        0.0007582639414584919
2112        0.0007355538733282869
2113        0.0008806459752712601
2114        0.001063588190764574
2115        0.0009803179409538247
2116        0.0006661619984859965
2117        0.0007267221801665415
2118        0.0009046177138531429
2119        0.0010434014635377243
2120        0.0006951804188745905
2121        0.0008150391117840044
2122        0.0005955084531920274
2123        0.0008718142821095141
2124        0.0008541508957860213
2125        0.0008882159979813281
2126        0.0008402725208175622
2127        0.0008062074186222565
2128        0.0007330305324249315
2129        0.0010900832702498112
2130        0.0010673732021196072
2131        0.0011531667928337138
2132        0.000780974009588697
2133        0.0006421902599041139
2134        0.0010509714862477922
2135        0.0007998990663638673
2136        0.000783497350492053
2137        0.0010219530658591984
2138        0.000738077214231644
2139        0.000767095634620239
2140        0.0007620489528135265
2141        0.000733030532424931
2142        0.0007040121120363361
2143        0.0007115821347464054
2144        0.0006825637143578103
2145        0.0007822356800403738
2146        0.0007822356800403753
2147        0.0007368155437799665
2148        0.0007481705778450674
2149        0.0007582639414584923
2150        0.0007759273277819843
2151        0.0007544789301034584
2152        0.000844057532172599
2153        0.0006876103961645229
2154        0.0006977037597779468
2155        0.0007771889982336633
2156        0.0006270502144839777
2157        0.0007670956346202377
2158        0.0008869543275296506
2159        0.0007696189755235946
2160        0.000809992429977291
2161        0.0007216754983598298
2162        0.0008150391117840031
2163        0.0009727479182437559
2164        0.0007809740095886968
2165        0.0008226091344940716
2166        0.0010648498612162516
2167        0.0007961140550088332
2168        0.0008604592480444125
2169        0.0008869543275296506
2170        0.0010042896795357068
2171        0.0009904113045672487
2172        0.000865505929851124
2173        0.0009323744637900594
2174        0.0008402725208175643
2175        0.001071158213474642
2176        0.0009677012364370437
2177        0.0010547564976028277
2178        0.0008175624526873599
2179        0.0008907393388846835
2180        0.0008327024981074952
2181        0.0005563966691900074
2182        0.0009664395659853658
2183        0.0008213474640423938
2184        0.0008289174867524616
2185        0.0008806459752712606
2186        0.0008957860206913965
2187        0.0008957860206913963
2188        0.0008768609639162254
2189        0.0007368155437799659
2190        0.0009512995205652296
2191        0.0012099419631592238
2192        0.0008768609639162254
2193        0.0008755992934645479
2194        0.0007898057027504435
2195        0.0009626545546303313
2196        0.0009424678274034831
2197        0.0007153671461014394
2198        0.0010610648498612172
2199        0.0007204138279081507
2200        0.0007746656573303067
2201        0.0007557406005551359
2202        0.0007595256119101701
2203        0.000678778703002776
2204        0.0007279838506182198
2205        0.0007746656573303066
2206        0.0009475145092101946
2207        0.0007519555892001025
2208        0.0007948523845571554
2209        0.0006762553620994205
2210        0.0007141054756497608
2211        0.0007431238960383554
2212        0.0007317688619732536
2213        0.0006548069644208942
2214        0.0008112541004289683
2215        0.0008163007822356821
2216        0.0010320464294726233
2217        0.0008983093615947525
2218        0.000796114055008833
2219        0.0006686853393893518
2220        0.0006131718395155196
2221        0.0006749936916477422
2222        0.0010358314408276585
2223        0.0010610648498612153
2224        0.0007355538733282874
2225        0.0007305071915215756
2226        0.0007229371688115075
2227        0.0009134494070148891
2228        0.0008503658844309886
2229        0.0006396669190007579
2230        0.0007077971233913707
2231        0.0007696189755235943
2232        0.0008692909412061586
2233        0.0006623769871309617
2234        0.000592985112288671
2235        0.001082513247539744
2236        0.0009020943729497867
2237        0.00089326267978804
2238        0.0011405500883169331
2239        0.0007279838506182197
2240        0.0009979813272773157
2241        0.0008074690890739345
2242        0.000794852384557155
2243        0.0007683573050719175
2244        0.0008667676003028017
2245        0.0008793843048195817
2246        0.0007027504415846586
2247        0.0008289174867524609
2248        0.0007696189755235938
2249        0.0008087307595256134
2250        0.0009449911683068396
2251        0.0010042896795357066
2252        0.0008743376230128708
2253        0.0007494322482967452
2254        0.0011216250315417625
2255        0.0007998990663638672
2256        0.000890739338884685
2257        0.0007986373959121896
2258        0.0007254605097148631
2259        0.0012831188493565488
2260        0.0008251324753974274
2261        0.0009689629068887227
2262        0.0009904113045672478
2263        0.0007241988392631854
2264        0.0009550845319202646
2265        0.001073681554377998
2266        0.000673732021196064
2267        0.0007418622255866775
2268        0.0008743376230128697
2269        0.001001766338632351
2270        0.0007822356800403743
2271        0.000745647236941712
2272        0.0012452687358062097
2273        0.0005791067373202125
2274        0.0011683068382538492
2275        0.0007910673732021217
2276        0.0006560686348725718
2277        0.0008238708049457488
2278        0.0009563462023719401
2279        0.0008011607368155463
2280        0.000803684077718901
2281        0.0007910673732021206
2282        0.0008667676003028019
2283        0.0008768609639162262
2284        0.0008591975775927333
2285        0.0007620489528135262
2286        0.0008528892253343443
2287        0.0008427958617209189
2288        0.0009134494070148892
2289        0.0007721423164269504
2290        0.0008970476911430747
2291        0.0009046177138531423
2292        0.0007746656573303071
2293        0.001155690133737069
2294        0.0007746656573303061
2295        0.0007570022710068145
2296        0.0009563462023719412
2297        0.0010169063840524861
2298        0.0009677012364370435
2299        0.0007923290436537988
2300        0.0008352258390108521
2301        0.000775927327781984
2302        0.0007544789301034575
2303        0.0007431238960383564
2304        0.0007241988392631851
2305        0.0007077971233913713
2306        0.0008869543275296502
2307        0.000741862225586678
2308        0.0007141054756497613
2309        0.0006964420893262681
2310        0.0007998990663638672
2311        0.0009525611910169066
2312        0.000729245521069898
2313        0.0007141054756497621
2314        0.0007746656573303062
2315        0.0007670956346202381
2316        0.0007077971233913711
2317        0.0006409285894524362
2318        0.0009361594751450924
2319        0.0007532172596517801
2320        0.0009235427706283132
2321        0.0009336361342417375
2322        0.0006674236689376739
2323        0.000545041635124906
2324        0.0008402725208175635
2325        0.0007696189755235957
2326        0.0006989654302296252
2327        0.0007279838506182192
2328        0.0008730759525611912
2329        0.0007443855664900345
2330        0.0008364875094625285
2331        0.0008024224072672223
2332        0.0007090587938430492
2333        0.0007784506686853406
2334        0.0008617209184960895
2335        0.0008932626797880401
2336        0.0009437294978551602
2337        0.0007582639414584925
2338        0.001037093111279335
2339        0.000859197577592733
2340        0.0008920010093363626
2341        0.0010156447136008093
2342        0.0007481705778450678
2343        0.000898309361594752
2344        0.0007254605097148631
2345        0.0007935907141054758
2346        0.0007532172596517804
2347        0.0008655059298511234
2348        0.0007115821347464054
2349        0.0008617209184960889
2350        0.0007279838506182198
2351        0.0008024224072672228
2352        0.0009462528387585175
2353        0.0007595256119101704
2354        0.0008970476911430748
2355        0.0007191521574564738
2356        0.0008188241231390366
2357        0.0008301791572041393
2358        0.0007355538733282878
2359        0.0007330305324249322
2360        0.0009197577592732792
2361        0.00077340398687863
2362        0.000664900328034318
2363        0.0009058793843048206
2364        0.0007935907141054773
2365        0.0006295735553873337
2366        0.0005551349987383295
2367        0.0007847590209437305
2368        0.0006484986121625035
2369        0.0006749936916477425
2370        0.0008301791572041394
2371        0.0006384052485490797
2372        0.0008629825889477675
2373        0.000683825384809489
2374        0.000869290941206158
2375        0.0008503658844309875
2376        0.0007128438051980824
2377        0.000547564976028261
2378        0.0006396669190007573
2379        0.0006787787030027767
2380        0.0006371435780974008
2381        0.0006686853393893519
2382        0.0007342922028766094
2383        0.0007103204642947274
2384        0.0006724703507443855
2385        0.0006800403734544537
2386        0.000813777441332325
2387        0.0007305071915215761
2388        0.0007645722937168826
2389        0.0007759273277819849
2390        0.0007166288165531173
2391        0.000815039111784003
2392        0.0007771889982336617
2393        0.0006724703507443861
2394        0.0006863487257128447
2395        0.0007128438051980837
2396        0.0007456472369417119
2397        0.0006585919757759281
2398        0.00066363865758264
2399        0.0007254605097148637
2400        0.0007254605097148638
2401        0.0007986373959121884
2402        0.0007103204642947274
2403        0.0006926570779712352
2404        0.0006320968962906887
2405        0.0007973757254605106
2406        0.0007519555892001013
2407        0.000574060055513501
2408        0.0006724703507443867
2409        0.0008188241231390362
2410        0.000965177895533688
2411        0.0009020943729497872
2412        0.0007532172596517805
2413        0.0007797123391370173
2414        0.0008617209184960897
2415        0.0008049457481705785
2416        0.0008591975775927344
2417        0.0008806459752712596
2418        0.0010799899066363866
2419        0.0006749936916477429
2420        0.0006825637143578103
2421        0.0006749936916477426
2422        0.0007708806459752714
2423        0.0007506939187484245
2424        0.0007696189755235939
2425        0.0007317688619732541
2426        0.0006775170325510984
2427        0.0007797123391370176
2428        0.0008251324753974276
2429        0.0006800403734544545
2430        0.0006661619984859956
2431        0.0007519555892001017
2432        0.0007380772142316439
2433        0.0009033560434014646
2434        0.0007317688619732541
2435        0.0006560686348725729
2436        0.0008099924299772909
2437        0.0008465808730759535
2438        0.000929851122886702
2439        0.0007128438051980827
2440        0.0008642442593994455
2441        0.0007771889982336621
2442        0.0007305071915215754
2443        0.0008062074186222573
2444        0.000717890487004795
2445        0.0009273277819833469
2446        0.0007103204642947276
2447        0.0007696189755235936
2448        0.0006951804188745905
2449        0.0006989654302296258
2450        0.0009235427706283124
2451        0.0007822356800403749
2452        0.0007052737824880153
2453        0.00076583396416856
2454        0.0006977037597779469
2455        0.0009613928841786533
2456        0.0007469089073933901
2457        0.0006838253848094891
2458        0.0006913954075195564
2459        0.0007481705778450676
2460        0.0009147110774665662
2461        0.0006964420893262701
2462        0.0007708806459752727
2463        0.0007355538733282889
2464        0.0007935907141054781
2465        0.0007443855664900337
2466        0.0007191521574564739
2467        0.0006964420893262687
2468        0.0009147110774665662
2469        0.00065733030532425
2470        0.0007431238960383561
2471        0.0006346202371940462
2472        0.0007746656573303068
2473        0.0007494322482967465
2474        0.0006421902599041134
2475        0.0007355538733282872
2476        0.0006712086802927094
2477        0.0009222811001766342
2478        0.0007847590209437301
2479        0.0007292455210698978
2480        0.000784759020943731
2481        0.0007570022710068141
2482        0.0007229371688115071
2483        0.0007961140550088333
2484        0.000751955589200102
2485        0.0007557406005551365
2486        0.0007683573050719164
2487        0.000767095634620237
2488        0.0007658339641685598
2489        0.000955084531920262
2490        0.000919757759273278
2491        0.0010244764067625534
2492        0.0008680292707544794
2493        0.000931112793338381
2494        0.0006585919757759277
2495        0.0006484986121625041
2496        0.0007645722937168822
2497        0.000726722180166541
2498        0.0008718142821095141
2499        0.0008945243502397184
2500        0.0009601312137269754
2501        0.0008364875094625294
2502        0.0007380772142316424
2503        0.0007305071915215751
2504        0.0007342922028766099
2505        0.0007822356800403748
2506        0.0008364875094625303
2507        0.0010005046681806724
2508        0.0007860206913954094
2509        0.0007872823618470865
2510        0.0007380772142316431
2511        0.0006939187484229123
2512        0.0006838253848094887
2513        0.0008957860206913955
2514        0.0007204138279081515
2515        0.0006977037597779473
2516        0.0006333585667423672
2517        0.0006913954075195563
2518        0.0006926570779712346
2519        0.0006598536462276061
2520        0.0007103204642947273
2521        0.0008200857935907155
2522        0.0007191521574564738
2523        0.0008491042139793085
2524        0.0008314408276558168
2525        0.0008554125662376994
2526        0.0007456472369417118
2527        0.0008099924299772901
2528        0.0007254605097148629
2529        0.0008276558163007833
2530        0.0006838253848094891
2531        0.0006863487257128449
2532        0.0007834973504920521
2533        0.0007052737824880148
2534        0.0009815796114055017
2535        0.000697703759777947
2536        0.0008692909412061586
2537        0.0007771889982336625
2538        0.0006623769871309618
2539        0.0009248044410799904
2540        0.0006283118849356548
2541        0.0007620489528135265
2542        0.0009601312137269748
2543        0.0006888720666162009
2544        0.0007898057027504418
2545        0.000652283623517538
2546        0.0006926570779712356
2547        0.0006939187484229124
2548        0.0007973757254605099
2549        0.0006283118849356556
2550        0.0007935907141054756
2551        0.0008011607368155442
2552        0.0006611153166792835
2553        0.0006913954075195567
2554        0.0007784506686853406
2555        0.0007532172596517806
2556        0.0008440575321725974
2557        0.0007342922028766098
2558        0.0007355538733282878
2559        0.0006724703507443859
2560        0.000697703759777947
2561        0.0009033560434014646
2562        0.0009714862477920774
2563        0.0007355538733282878
2564        0.0006901337370678785
2565        0.0007784506686853405
2566        0.0007595256119101699
2567        0.0008983093615947524
2568        0.000751955589200102
2569        0.0007469089073933896
2570        0.0006636386575826401
2571        0.0007191521574564732
2572        0.0009172344183699218
2573        0.0007229371688115069
2574        0.0006939187484229127
2575        0.0006636386575826396
2576        0.0008137774413323242
2577        0.0007330305324249308
2578        0.0007519555892001025
2579        0.0009134494070148887
2580        0.0007961140550088328
2581        0.0006850870552611659
2582        0.0007418622255866776
2583        0.0008213474640423939
2584        0.0007570022710068141
2585        0.0006585919757759272
2586        0.0008541508957860206
2587        0.0007115821347464043
2588        0.0007115821347464047
2589        0.0008163007822356816
2590        0.0007040121120363371
2591        0.0010030280090840282
2592        0.000695180418874591
2593        0.0007456472369417122
2594        0.000729245521069898
2595        0.000881907645722938
2596        0.0006989654302296254
2597        0.0008591975775927328
2598        0.0007077971233913714
2599        0.0006548069644208941
2600        0.0005109765329295987
2601        0.0006825637143578097
2602        0.0006484986121625037
2603        0.0007885440322987644
2604        0.0006522836235175378
2605        0.0007658339641685599
2606        0.0006838253848094885
2607        0.0006484986121625034
2608        0.0006800403734544542
2609        0.0007103204642947274
2610        0.0008642442593994455
2611        0.0006510219530658594
2612        0.0005399949533181935
2613        0.0007204138279081504
2614        0.0008705526116578356
2615        0.0008541508957860219
2616        0.0008743376230128695
2617        0.0008314408276558167
2618        0.0007342922028766099
2619        0.0008579359071410551
2620        0.000831440827655817
2621        0.0007544789301034575
2622        0.0006775170325510975
2623        0.0006573303053242501
2624        0.0005601816805450425
2625        0.0005299015897047691
2626        0.0005261165783497353
2627        0.0005753217259651782
2628        0.0005286399192530907
2629        0.0005753217259651788
2630        0.0005828917486752467
2631        0.0006081251577088075
2632        0.0005677517032551104
2633        0.0005563966691900081
2634        0.0006207418622255865
2635        0.0005223315669947011
2636        0.0005917234418369928
2637        0.0005210698965430229
2638        0.000558920010093364
2639        0.0005601816805450424
2640        0.0005463033055765837
2641        0.0005336866010598029
2642        0.0005286399192530907
