1        0.00045798637395912074
2        0.0004680797375725454
3        0.0005286399192530912
4        0.00043022962402220356
5        0.0004567247035074426
6        0.00045546303305576464
7        0.0005753217259651777
8        0.00045546303305576475
9        0.0005614433509967199
10        0.0005917234418369926
11        0.0006081251577088065
12        0.0005917234418369916
13        0.0005362099419631594
14        0.0004743880898309353
15        0.0006081251577088064
16        0.0006030784759020947
17        0.0006371435780974014
18        0.0004567247035074427
19        0.0005955084531920272
20        0.0005639666919000762
21        0.0005866767600302801
22        0.0005349482715114813
23        0.0005639666919000761
24        0.0005463033055765835
25        0.00047943477163764743
26        0.0005942467827403481
27        0.0005929851122886708
28        0.0005324249306081248
29        0.0005778450668685344
30        0.0006093868281604852
31        0.0005299015897047684
32        0.0006699470098410307
33        0.00060560181680545
34        0.00046807973757254524
35        0.0006661619984859962
36        0.0005374716124148371
37        0.0005374716124148369
38        0.0006194801917739092
39        0.0006447136008074694
40        0.0005122382033812763
41        0.000507191521574564
42        0.0005349482715114811
43        0.0005828917486752461
44        0.0005601816805450421
45        0.0006220035326772651
46        0.00046934140802422326
47        0.0005589200100933633
48        0.000594246782740348
49        0.0005059298511228859
50        0.0006459752712591481
51        0.0006106484986121632
52        0.0005463033055765838
53        0.0005639666919000752
54        0.0005551349987383301
55        0.0006926570779712346
56        0.0005778450668685345
57        0.0005576583396416853
58        0.000543779964673227
59        0.0004516780217007301
60        0.0006497602826141822
61        0.0005904617713853137
62        0.0006106484986121629
63        0.0006813020439061326
64        0.0004882664647993936
65        0.0005942467827403477
66        0.0005374716124148369
67        0.0006081251577088069
68        0.0005122382033812771
69        0.0005412566237698711
70        0.0005425182942215494
71        0.0005601816805450413
72        0.0004870047943477156
73        0.0004504163512490521
74        0.0005185465556396664
75        0.0004844814534443594
76        0.0005223315669947011
77        0.0005992934645470603
78        0.0005551349987383292
79        0.0005652283623517533
80        0.0005299015897047692
81        0.0006510219530658594
82        0.0005576583396416857
83        0.0006472369417108253
84        0.0005778450668685342
85        0.0005828917486752471
86        0.000528639919253091
87        0.0004542013626040867
88        0.000600555134998739
89        0.0005399949533181929
90        0.0006573303053242502
91        0.0005803684077718902
92        0.0005589200100933638
93        0.0006497602826141814
94        0.0006863487257128452
95        0.0005059298511228864
96        0.0006560686348725715
97        0.0004592480444107986
98        0.0005273782488014134
99        0.0005614433509967199
100        0.0005627050214483985
101        0.0005563966691900078
102        0.0005740600555135
103        0.0005349482715114813
104        0.0006232652031289436
105        0.0005576583396416857
106        0.00045167802170073074
107        0.000562705021448398
108        0.0005664900328034321
109        0.0006194801917739089
110        0.0006093868281604846
111        0.0004743880898309355
112        0.0004756497602826136
113        0.0005273782488014126
114        0.0005892001009336367
115        0.0006169568508705525
116        0.000444107998990662
117        0.0005349482715114815
118        0.0006119101690638415
119        0.0005816300782235689
120        0.0005235932374463787
121        0.0005021448397678522
122        0.0005198082260913446
123        0.0005463033055765836
124        0.0005639666919000758
125        0.0006396669190007573
126        0.0006018168054504167
127        0.0006396669190007575
128        0.000542518294221549
129        0.0005841534191269243
130        0.0005816300782235687
131        0.0005109765329295987
132        0.0005084531920262422
133        0.0005942467827403483
134        0.0005488266464799395
135        0.0005299015897047693
136        0.0006598536462276064
137        0.0006257885440322989
138        0.0005967701236437042
139        0.0005311632601564471
140        0.0006257885440322989
141        0.000596770123643704
142        0.0005374716124148372
143        0.0005034065102195302
144        0.0005463033055765832
145        0.0005248549078980565
146        0.0005803684077718902
147        0.0005702750441584654
148        0.0005677517032551099
149        0.0006056018168054505
150        0.0006396669190007571
151        0.0006358819076457235
152        0.0006156951804188748
153        0.0007279838506182188
154        0.0005601816805450421
155        0.0006295735553873335
156        0.0006232652031289437
157        0.0005261165783497353
158        0.0006535452939692158
159        0.0005286399192530912
160        0.0005967701236437039
161        0.0005273782488014131
162        0.0006484986121625037
163        0.0006573303053242496
164        0.000616956850870553
165        0.0005122382033812759
166        0.0006220035326772652
167        0.0006371435780974022
168        0.0006270502144839769
169        0.0005967701236437046
170        0.000499621498864496
171        0.00048195811254100337
172        0.0005589200100933646
173        0.0005261165783497347
174        0.0005399949533181932
175        0.0005664900328034324
176        0.0005387332828665152
177        0.0005526116578349736
178        0.0005563966691900079
179        0.000546303305576584
180        0.0005892001009336369
181        0.0006699470098410301
182        0.0004958364875094619
183        0.0005463033055765835
184        0.0005879384304819584
185        0.0005071915215745643
186        0.0005929851122886708
187        0.0005362099419631592
188        0.0006182185213222313
189        0.0006409285894524357
190        0.000633358566742367
191        0.0007166288165531178
192        0.0005387332828665155
193        0.0005841534191269239
194        0.0006308352258390118
195        0.0005854150895786023
196        0.0005892001009336366
197        0.0006308352258390105
198        0.0006207418622255871
199        0.0005929851122886711
200        0.000608125157708807
201        0.0005992934645470606
202        0.0006131718395155184
203        0.0005160232147363104
204        0.0005690133737067883
205        0.0006056018168054502
206        0.0006169568508705532
207        0.0006333585667423672
208        0.000619480191773909
209        0.0005866767600302806
210        0.0005500883169316176
211        0.0005223315669947004
212        0.0005210698965430233
213        0.0006901337370678782
214        0.0005778450668685342
215        0.0005198082260913448
216        0.0005627050214483985
217        0.0006081251577088073
218        0.0005463033055765839
219        0.0005134998738329547
220        0.0005488266464799397
221        0.0005803684077718914
222        0.0005311632601564472
223        0.000514761544284633
224        0.0005450416351249059
225        0.0005185465556396669
226        0.0005992934645470604
227        0.0005425182942215493
228        0.0005362099419631591
229        0.0006913954075195562
230        0.0005437799646732272
231        0.0006333585667423668
232        0.0006106484986121628
233        0.0006068634872571287
234        0.0005791067373202122
235        0.0005412566237698717
236        0.0005904617713853144
237        0.0005652283623517544
238        0.0005463033055765833
239        0.000522331566994701
240        0.0005299015897047691
241        0.0005071915215745644
242        0.0004970981579611405
243        0.0005551349987383294
244        0.000556396669190007
245        0.0006056018168054515
246        0.0005639666919000764
247        0.0005627050214483975
248        0.0005324249306081254
249        0.0006724703507443857
250        0.0006081251577088066
251        0.0005955084531920275
252        0.000587938430481959
253        0.0005172848851879887
254        0.0005526116578349738
255        0.0005084531920262419
256        0.0006119101690638411
257        0.0005765833964168559
258        0.000576583396416856
259        0.0006182185213222305
260        0.0006194801917739098
261        0.000529901589704769
262        0.0005286399192530914
263        0.0006018168054504162
264        0.0005286399192530912
265        0.0005980317940953825
266        0.0005791067373202125
267        0.0004415846580873061
268        0.0005828917486752458
269        0.0005904617713853144
270        0.0005904617713853149
271        0.0006144335099671969
272        0.0005980317940953821
273        0.0006257885440322994
274        0.0006775170325510986
275        0.0005904617713853146
276        0.000531163260156447
277        0.0005715367146101445
278        0.0005097148624779204
279        0.0005866767600302795
280        0.0006106484986121628
281        0.0006964420893262681
282        0.0006699470098410306
283        0.0006270502144839773
284        0.0005399949533181933
285        0.0005286399192530909
286        0.0005803684077718901
287        0.0005387332828665149
288        0.0006005551349987391
289        0.0005399949533181931
290        0.0005387332828665156
291        0.0005273782488014125
292        0.0005803684077718902
293        0.0005955084531920262
294        0.0006384052485490791
295        0.0006043401463537734
296        0.0005929851122886701
297        0.0005513499873832957
298        0.0006220035326772647
299        0.0005084531920262427
300        0.0005967701236437045
301        0.0005904617713853149
302        0.0007191521574564735
303        0.0005627050214483974
304        0.0006863487257128438
305        0.0007279838506182184
306        0.0005399949533181934
307        0.0005311632601564469
308        0.0005273782488014126
309        0.0005235932374463786
310        0.0005362099419631588
311        0.0005198082260913439
312        0.0005425182942215498
313        0.0006194801917739097
314        0.0005727983850618224
315        0.0005273782488014136
316        0.0005690133737067881
317        0.000610648498612163
318        0.0006447136008074696
319        0.0005311632601564464
320        0.00056775170325511
321        0.0005992934645470598
322        0.0005992934645470603
323        0.0004466313398940183
324        0.0006535452939692155
325        0.0006447136008074698
326        0.0006056018168054508
327        0.0006005551349987388
328        0.000605601816805451
329        0.0006043401463537729
330        0.0005551349987383299
331        0.0005362099419631587
332        0.0005627050214483981
333        0.0005904617713853142
334        0.0005399949533181936
335        0.0006093868281604844
336        0.0005854150895786021
337        0.0005210698965430223
338        0.0005702750441584656
339        0.0006270502144839772
340        0.0006194801917739096
341        0.0006926570779712345
342        0.0005021448397678523
343        0.0004504163512490526
344        0.0005450416351249057
345        0.000616956850870553
346        0.000547564976028262
347        0.0005614433509967194
348        0.0004390613171839501
349        0.00042770628311884746
350        0.0005589200100933634
351        0.000690133737067879
352        0.0005387332828665154
353        0.0006409285894524355
354        0.0005980317940953824
355        0.0005500883169316175
356        0.0005198082260913447
357        0.00046050971486247657
358        0.0006850870552611659
359        0.0005727983850618224
360        0.0006926570779712349
361        0.0006093868281604848
362        0.0005324249306081244
363        0.0005866767600302801
364        0.0006207418622255866
365        0.0006207418622255871
366        0.0004605097148624768
367        0.000664900328034318
368        0.0005866767600302801
369        0.00047060307847590106
370        0.0005362099419631589
371        0.0005614433509967192
372        0.0006800403734544543
373        0.0005601816805450417
374        0.0006308352258390114
375        0.000591723441836992
376        0.0006686853393893522
377        0.0005765833964168561
378        0.000551349987383296
379        0.0005563966691900075
380        0.0005450416351249058
381        0.0006384052485490795
382        0.0004415846580873062
383        0.0005311632601564467
384        0.0005134998738329545
385        0.0006888720666162002
386        0.0005071915215745641
387        0.000562705021448398
388        0.0005652283623517537
389        0.0005753217259651775
390        0.0005109765329295986
391        0.0006396669190007572
392        0.0005475649760282614
393        0.0005488266464799393
394        0.0005677517032551103
395        0.0005463033055765832
396        0.0005425182942215499
397        0.0005021448397678524
398        0.0004390613171839501
399        0.0006396669190007584
400        0.0005715367146101442
401        0.0005261165783497345
402        0.0005299015897047689
403        0.0006056018168054504
404        0.000526116578349735
405        0.0006232652031289434
406        0.0006207418622255869
407        0.0005828917486752462
408        0.0005122382033812763
409        0.0005425182942215487
410        0.000529901589704769
411        0.000594246782740348
412        0.0005816300782235684
413        0.0005362099419631591
414        0.0005690133737067874
415        0.00056775170325511
416        0.0005223315669947005
417        0.00045672470350744277
418        0.0005765833964168566
419        0.0006106484986121635
420        0.0005614433509967199
421        0.0005273782488014133
422        0.0005551349987383293
423        0.0005261165783497348
424        0.000582891748675246
425        0.0005690133737067879
426        0.0005828917486752464
427        0.0005387332828665155
428        0.0005690133737067879
429        0.0005299015897047691
430        0.0005349482715114807
431        0.00044915468079737437
432        0.0005311632601564471
433        0.000519808226091345
434        0.0005324249306081256
435        0.0006384052485490793
436        0.0005248549078980565
437        0.0005425182942215494
438        0.0005488266464799392
439        0.0005147615442846321
440        0.0005349482715114811
441        0.0005576583396416849
442        0.0006018168054504162
443        0.0005172848851879882
444        0.00044284632853898426
445        0.0005450416351249055
446        0.000516023214736311
447        0.000577845066868534
448        0.0005362099419631595
449        0.0005084531920262423
450        0.0005223315669947009
451        0.0005387332828665145
452        0.0005690133737067874
453        0.0005198082260913445
454        0.000539994953318193
455        0.0005122382033812768
456        0.0005488266464799397
457        0.0005816300782235683
458        0.0005664900328034319
459        0.00044536966944234025
460        0.0005059298511228862
461        0.0005248549078980568
462        0.0005917234418369927
463        0.0005929851122886707
464        0.0006283118849356552
465        0.0005299015897047689
466        0.0005210698965430235
467        0.0005122382033812768
468        0.0005362099419631598
469        0.0005892001009336362
470        0.0006421902599041139
471        0.0006333585667423672
472        0.0005387332828665155
473        0.0005412566237698717
474        0.0005160232147363108
475        0.0005362099419631589
476        0.0005185465556396665
477        0.0005841534191269248
478        0.0005942467827403489
479        0.0005589200100933632
480        0.0005387332828665155
481        0.0005084531920262424
482        0.0005248549078980565
483        0.0006636386575826396
484        0.0005147615442846325
485        0.0005223315669947011
486        0.0005425182942215494
487        0.0005109765329295985
488        0.0005526116578349739
489        0.0005134998738329548
490        0.0005854150895786016
491        0.0005235932374463788
492        0.0005450416351249057
493        0.0005034065102195299
494        0.0005034065102195301
495        0.0006295735553873336
496        0.0005071915215745642
497        0.0006636386575826395
498        0.0005084531920262421
499        0.0005185465556396663
500        0.0005109765329295985
501        0.0005172848851879887
502        0.0005929851122886714
503        0.0006081251577088064
504        0.0006043401463537727
505        0.000494574817057784
506        0.0005324249306081249
507        0.0005980317940953823
508        0.0005223315669947007
509        0.0004642947262175112
510        0.0005702750441584664
511        0.0006358819076457233
512        0.0005097148624779208
513        0.0005160232147363107
514        0.0005513499873832956
515        0.0005576583396416857
516        0.000537471612414837
517        0.0007027504415846585
518        0.0005589200100933644
519        0.000499621498864496
520        0.0006560686348725717
521        0.000616956850870553
522        0.0006068634872571293
523        0.0004478930103456963
524        0.0006068634872571288
525        0.000604340146353773
526        0.00045798637395912063
527        0.0005778450668685346
528        0.00043906131718394976
529        0.0005248549078980567
530        0.000526116578349735
531        0.00045546303305576475
532        0.0005614433509967203
533        0.0005008831693161742
534        0.0005475649760282613
535        0.000570275044158466
536        0.0006320968962906895
537        0.0005967701236437039
538        0.0006169568508705535
539        0.0005992934645470602
540        0.0006131718395155194
541        0.0006182185213222318
542        0.0005147615442846323
543        0.0005147615442846321
544        0.0005437799646732277
545        0.0006018168054504162
546        0.0005778450668685338
547        0.000522331566994701
548        0.0005134998738329547
549        0.0005854150895786025
550        0.0006220035326772649
551        0.0005627050214483979
552        0.0005904617713853145
553        0.0005097148624779203
554        0.0005904617713853148
555        0.0005273782488014133
556        0.0005917234418369923
557        0.0005109765329295982
558        0.000523593237446379
559        0.0006320968962906894
560        0.0005854150895786024
561        0.0005311632601564474
562        0.0006144335099671965
563        0.0005097148624779203
564        0.0005336866010598037
565        0.0005866767600302813
566        0.0005450416351249053
567        0.0006560686348725715
568        0.0005627050214483985
569        0.0005223315669947007
570        0.000600555134998739
571        0.0005917234418369932
572        0.0005311632601564465
573        0.0005261165783497353
574        0.0006144335099671973
575        0.00048195811254100337
576        0.0005122382033812763
577        0.0006005551349987381
578        0.0005526116578349732
579        0.0005727983850618217
580        0.0005248549078980572
581        0.0005336866010598031
582        0.0006686853393893517
583        0.0006283118849356555
584        0.0005223315669947007
585        0.0005828917486752466
586        0.0005690133737067881
587        0.0005614433509967199
588        0.0005639666919000764
589        0.0006081251577088071
590        0.0005299015897047693
591        0.0006472369417108257
592        0.0006194801917739088
593        0.0005513499873832956
594        0.0005992934645470616
595        0.0006093868281604851
596        0.0005160232147363108
597        0.0005273782488014129
598        0.000533686601059803
599        0.0006081251577088071
600        0.0005866767600302802
601        0.0005702750441584662
602        0.0005399949533181935
603        0.0005160232147363105
604        0.0006182185213222304
605        0.0005185465556396669
606        0.0006737320211960637
607        0.0006333585667423686
608        0.0006497602826141812
609        0.0005387332828665152
610        0.0006320968962906897
611        0.0005172848851879887
612        0.0005538733282866513
613        0.0005134998738329543
614        0.0005664900328034319
615        0.0005235932374463788
616        0.0004542013626040868
617        0.000603078475902094
618        0.0005488266464799391
619        0.000523593237446379
620        0.000652283623517537
621        0.000565228362351754
622        0.0006056018168054503
623        0.0005803684077718901
624        0.0006169568508705529
625        0.0005147615442846326
626        0.0006220035326772653
627        0.0005980317940953832
628        0.0005071915215745643
629        0.0006283118849356548
630        0.0004958364875094617
631        0.0005387332828665155
632        0.0004668180671208673
633        0.0006434519303557914
634        0.0005021448397678524
635        0.0005866767600302802
636        0.0004958364875094625
637        0.0005715367146101444
638        0.0005336866010598027
639        0.0006510219530658592
640        0.0005374716124148366
641        0.0006081251577088066
642        0.0005399949533181932
643        0.0005450416351249055
644        0.0005324249306081249
645        0.0006649003280343182
646        0.0005336866010598031
647        0.0005273782488014125
648        0.0006384052485490795
649        0.000536209941963159
650        0.0007077971233913705
651        0.000533686601059803
652        0.0006106484986121628
653        0.0005134998738329545
654        0.0005488266464799393
655        0.0005059298511228863
656        0.0005071915215745642
657        0.0005248549078980572
658        0.000539994953318193
659        0.0005399949533181938
660        0.0005715367146101437
661        0.0006207418622255878
662        0.0005071915215745644
663        0.0005551349987383299
664        0.0005765833964168566
665        0.00047312641937925727
666        0.000541256623769871
667        0.0006043401463537728
668        0.0006106484986121633
669        0.0005349482715114809
670        0.0006207418622255872
671        0.0005235932374463788
672        0.0005210698965430222
673        0.000531163260156447
674        0.0005248549078980567
675        0.0005374716124148371
676        0.0005147615442846333
677        0.0005021448397678516
678        0.0004592480444107988
679        0.0006194801917739089
680        0.0007128438051980822
681        0.0005286399192530911
682        0.0006611153166792838
683        0.0006232652031289428
684        0.0004491546807973744
685        0.0006434519303557916
686        0.0005248549078980569
687        0.0005362099419631601
688        0.0005475649760282617
689        0.0005690133737067876
690        0.0006825637143578105
691        0.0006169568508705533
692        0.0004933131466061059
693        0.0005967701236437038
694        0.0005198082260913445
695        0.0005273782488014134
696        0.0005437799646732272
697        0.0004529396921524086
698        0.0005084531920262421
699        0.0005008831693161741
700        0.0005235932374463791
701        0.0004983598284128177
702        0.0006598536462276057
703        0.0005500883169316176
704        0.0006093868281604848
705        0.0004895281352510717
706        0.0005753217259651783
707        0.0006421902599041137
708        0.0005387332828665152
709        0.0005425182942215491
710        0.0005311632601564474
711        0.0005601816805450416
712        0.0006926570779712333
713        0.0005500883169316178
714        0.0005147615442846327
715        0.000533686601059803
716        0.0005753217259651781
717        0.0006056018168054512
718        0.0005185465556396668
719        0.0005576583396416858
720        0.0005753217259651783
721        0.0005034065102195307
722        0.0005109765329295981
723        0.000542518294221549
724        0.0006358819076457238
725        0.000526116578349735
726        0.0006169568508705526
727        0.0005273782488014126
728        0.0005210698965430224
729        0.0005791067373202123
730        0.000522331566994701
731        0.0005627050214483981
732        0.0005437799646732278
733        0.0006220035326772647
734        0.0006825637143578098
735        0.0006333585667423672
736        0.0005904617713853144
737        0.0005450416351249055
738        0.0006081251577088062
739        0.0005235932374463794
740        0.0005261165783497348
741        0.0004706030784759017
742        0.0005879384304819583
743        0.0005185465556396669
744        0.0004996214988644963
745        0.0005172848851879887
746        0.0004945748170577834
747        0.0005172848851879884
748        0.0005854150895786023
749        0.0005803684077718894
750        0.0005160232147363104
751        0.000551349987383295
752        0.0005324249306081255
753        0.0005563966691900076
754        0.0005122382033812767
755        0.0005324249306081252
756        0.000618218521322232
757        0.0005917234418369925
758        0.0005904617713853148
759        0.0005538733282866516
760        0.0006510219530658598
761        0.0005286399192530908
762        0.0005740600555135001
763        0.00047186474892757903
764        0.0006005551349987392
765        0.0005059298511228855
766        0.0005248549078980565
767        0.0005892001009336361
768        0.0005109765329295981
769        0.000595508453192026
770        0.0005500883169316171
771        0.0005538733282866513
772        0.0005299015897047685
773        0.0006346202371940457
774        0.000533686601059803
775        0.0005172848851879888
776        0.0005450416351249052
777        0.0005349482715114807
778        0.0005727983850618223
779        0.0005286399192530909
780        0.0004983598284128178
781        0.000695180418874591
782        0.0006989654302296259
783        0.0005589200100933638
784        0.0005463033055765838
785        0.0005917234418369921
786        0.0005488266464799397
787        0.000545041635124905
788        0.0006560686348725717
789        0.0005198082260913445
790        0.0005727983850618223
791        0.0005248549078980574
792        0.000576583396416856
793        0.0006232652031289436
794        0.000562705021448398
795        0.000630835225839012
796        0.00047186474892757903
797        0.0005374716124148366
798        0.0005021448397678523
799        0.0005160232147363103
800        0.0004504163512490525
801        0.0005134998738329545
802        0.0005627050214483978
803        0.0005059298511228862
804        0.000623265203128943
805        0.0005425182942215491
806        0.0006699470098410302
807        0.0005134998738329548
808        0.0005563966691900082
809        0.0005652283623517543
810        0.0005803684077718895
811        0.0005336866010598036
812        0.0004945748170577836
813        0.0005425182942215487
814        0.0005917234418369921
815        0.00066994700984103
816        0.0006232652031289437
817        0.0006081251577088072
818        0.0005475649760282613
819        0.0005071915215745647
820        0.0005841534191269244
821        0.0005299015897047689
822        0.0005223315669947007
823        0.0005463033055765832
824        0.0005324249306081248
825        0.0006257885440322995
826        0.0005627050214483987
827        0.0005172848851879893
828        0.0006623769871309626
829        0.0005576583396416855
830        0.0005463033055765833
831        0.0005715367146101439
832        0.0005753217259651783
833        0.0005488266464799395
834        0.0005955084531920265
835        0.0005223315669947009
836        0.0005791067373202123
837        0.0005463033055765834
838        0.0005299015897047685
839        0.0006800403734544536
840        0.0006674236689376738
841        0.0006232652031289433
842        0.0005387332828665158
843        0.0006674236689376739
844        0.0005399949533181931
845        0.0005904617713853148
846        0.0005753217259651777
847        0.0005248549078980574
848        0.0004958364875094619
849        0.0006056018168054508
850        0.0005071915215745646
851        0.0005753217259651779
852        0.0005324249306081257
853        0.0005210698965430227
854        0.0006522836235175377
855        0.0006850870552611662
856        0.0005627050214483978
857        0.00044789301034569646
858        0.0004996214988644959
859        0.0004920514761544275
860        0.0005513499873832954
861        0.000507191521574564
862        0.0005727983850618216
863        0.0005412566237698715
864        0.000587938430481958
865        0.0006472369417108258
866        0.0006194801917739088
867        0.0006005551349987388
868        0.0005324249306081253
869        0.0006560686348725717
870        0.0005513499873832957
871        0.0005122382033812759
872        0.0005223315669947012
873        0.0004970981579611404
874        0.0006636386575826404
875        0.000508453192026242
876        0.0006169568508705527
877        0.0005399949533181937
878        0.0005172848851879884
879        0.0005841534191269248
880        0.0006056018168054515
881        0.0005563966691900076
882        0.0005198082260913448
883        0.0005816300782235678
884        0.0005803684077718904
885        0.0005576583396416859
886        0.0005765833964168558
887        0.0006320968962906893
888        0.000537471612414837
889        0.0005160232147363103
890        0.0005362099419631589
891        0.0007090587938430493
892        0.0006358819076457236
893        0.0005475649760282614
894        0.0004466313398940183
895        0.0006989654302296247
896        0.0005172848851879886
897        0.0005349482715114812
898        0.000661115316679284
899        0.0006737320211960637
900        0.000498359828412818
901        0.000640928589452435
902        0.0005122382033812765
903        0.0006661619984859955
904        0.0004970981579611398
905        0.000741862225586677
906        0.0006245268735806214
907        0.0005198082260913443
908        0.000529901589704769
909        0.000666161998485995
910        0.0005513499873832952
911        0.0005854150895786023
912        0.0005917234418369926
913        0.0006611153166792839
914        0.0006056018168054504
915        0.0005362099419631592
916        0.0005210698965430232
917        0.0005387332828665153
918        0.0005273782488014132
919        0.000534948271511481
920        0.0005349482715114816
921        0.000550088316931618
922        0.000542518294221549
923        0.0005185465556396665
924        0.0005185465556396663
925        0.0006724703507443865
926        0.00056775170325511
927        0.0005601816805450416
928        0.0005071915215745643
929        0.0005753217259651779
930        0.0006699470098410304
931        0.0005374716124148374
932        0.0006838253848094885
933        0.0005980317940953816
934        0.0004945748170577839
935        0.000539994953318193
936        0.0005387332828665152
937        0.00054882664647994
938        0.0005551349987383297
939        0.0005134998738329543
940        0.0007052737824880143
941        0.0005046681806712088
942        0.0005740600555135
943        0.0005412566237698708
944        0.0005500883169316181
945        0.000632096896290689
946        0.0005046681806712086
947        0.0005273782488014131
948        0.0005500883169316174
949        0.0005463033055765838
950        0.000519808226091345
951        0.0006522836235175371
952        0.0005071915215745641
953        0.0005614433509967198
954        0.000537471612414837
955        0.0005538733282866513
956        0.0004970981579611402
957        0.0005929851122886702
958        0.0005311632601564471
959        0.0005185465556396666
960        0.0006194801917739095
961        0.0006901337370678775
962        0.0005942467827403485
963        0.0005841534191269249
964        0.0005273782488014126
965        0.0005324249306081253
966        0.0005311632601564474
967        0.0005589200100933632
968        0.0005601816805450421
969        0.0005488266464799392
970        0.0005160232147363104
971        0.0005084531920262421
972        0.0005286399192530912
973        0.0005627050214483978
974        0.0005336866010598039
975        0.0005362099419631591
976        0.0006775170325510978
977        0.00054251829422155
978        0.0005286399192530911
979        0.0005955084531920267
980        0.0004516780217007306
981        0.0005955084531920265
982        0.0005362099419631589
983        0.0006901337370678786
984        0.0006522836235175375
985        0.0005904617713853139
986        0.0005387332828665157
987        0.0006825637143578109
988        0.0005349482715114809
989        0.0005299015897047689
990        0.0005324249306081255
991        0.0005816300782235685
992        0.0005967701236437047
993        0.0006749936916477422
994        0.000565228362351754
995        0.000592985112288671
996        0.00056775170325511
997        0.0005955084531920266
998        0.000527378248801413
999        0.0005071915215745648
1000        0.0005235932374463787
1001        0.0006245268735806214
1002        0.0005399949533181931
1003        0.000533686601059803
1004        0.0005160232147363105
1005        0.000585415089578603
1006        0.0005235932374463788
1007        0.0006749936916477415
1008        0.0006598536462276063
1009        0.0007153671461014391
1010        0.0005097148624779202
1011        0.0005551349987383298
1012        0.0005198082260913446
1013        0.0005160232147363111
1014        0.0005235932374463791
1015        0.000608125157708807
1016        0.0006333585667423679
1017        0.0005854150895786013
1018        0.0004743880898309359
1019        0.0005160232147363103
1020        0.0007014887711329808
1021        0.0006497602826141816
1022        0.0005854150895786017
1023        0.0006447136008074691
1024        0.0006535452939692161
1025        0.0005866767600302803
1026        0.0005172848851879886
1027        0.0005639666919000755
1028        0.0006283118849356553
1029        0.0005955084531920269
1030        0.0005576583396416864
1031        0.0005223315669947009
1032        0.0005992934645470608
1033        0.000499621498864496
1034        0.0006358819076457228
1035        0.0004945748170577836
1036        0.0005715367146101439
1037        0.0005589200100933639
1038        0.0005475649760282616
1039        0.0005160232147363102
1040        0.0005059298511228865
1041        0.0005273782488014131
1042        0.000499621498864496
1043        0.0005286399192530912
1044        0.0005627050214483982
1045        0.0005955084531920261
1046        0.0006232652031289425
1047        0.0005627050214483975
1048        0.0005185465556396667
1049        0.000704012112036337
1050        0.0005336866010598036
1051        0.0005223315669947007
1052        0.0005160232147363102
1053        0.0005324249306081253
1054        0.0005172848851879886
1055        0.0005273782488014133
1056        0.000533686601059803
1057        0.0005955084531920258
1058        0.0005374716124148374
1059        0.0004441079989906621
1060        0.0005097148624779205
1061        0.0005992934645470606
1062        0.0006472369417108249
1063        0.0005980317940953827
1064        0.0005311632601564471
1065        0.0005475649760282621
1066        0.0005210698965430225
1067        0.0005526116578349736
1068        0.000611910169063841
1069        0.000585415089578602
1070        0.0006636386575826405
1071        0.0006270502144839767
1072        0.000509714862477921
1073        0.0005059298511228862
1074        0.0005652283623517539
1075        0.0005097148624779203
1076        0.0005488266464799392
1077        0.0005210698965430222
1078        0.0005450416351249055
1079        0.00066363865758264
1080        0.0005349482715114809
1081        0.0005917234418369926
1082        0.000542518294221549
1083        0.0006018168054504167
1084        0.0005576583396416848
1085        0.0005463033055765834
1086        0.0005437799646732276
1087        0.0006182185213222311
1088        0.0005463033055765829
1089        0.0005929851122886706
1090        0.0006384052485490792
1091        0.0005071915215745646
1092        0.0005261165783497352
1093        0.0005526116578349732
1094        0.0006283118849356559
1095        0.0005904617713853143
1096        0.0005008831693161742
1097        0.0006421902599041134
1098        0.0005967701236437046
1099        0.0005980317940953822
1100        0.000524854907898057
1101        0.0006169568508705534
1102        0.0005185465556396671
1103        0.0005387332828665154
1104        0.0005286399192530914
1105        0.0005399949533181936
1106        0.0005715367146101435
1107        0.0004907898057027496
1108        0.0005387332828665155
1109        0.0006787787030027757
1110        0.000563966691900076
1111        0.0005071915215745643
1112        0.0006749936916477423
1113        0.0006043401463537732
1114        0.0005324249306081252
1115        0.0006018168054504162
1116        0.0005122382033812766
1117        0.0005134998738329545
1118        0.0005437799646732279
1119        0.0005248549078980572
1120        0.0005475649760282611
1121        0.0005324249306081252
1122        0.0004920514761544284
1123        0.0005854150895786025
1124        0.0005727983850618221
1125        0.000492051476154428
1126        0.0005273782488014127
1127        0.0005362099419631589
1128        0.0006005551349987383
1129        0.0005223315669947004
1130        0.0005362099419631595
1131        0.0006434519303557915
1132        0.0006056018168054506
1133        0.0005942467827403489
1134        0.0006611153166792835
1135        0.0007342922028766094
1136        0.0005374716124148375
1137        0.000579106737320212
1138        0.0005185465556396662
1139        0.0005374716124148378
1140        0.00065102195306586
1141        0.0005122382033812768
1142        0.0006232652031289427
1143        0.0006636386575826396
1144        0.0006320968962906892
1145        0.0005917234418369921
1146        0.0004592480444107987
1147        0.0005816300782235687
1148        0.0006169568508705525
1149        0.0006850870552611662
1150        0.0005475649760282612
1151        0.0006043401463537728
1152        0.0007178904870047946
1153        0.000623265203128943
1154        0.0007103204642947268
1155        0.000624526873580621
1156        0.0006775170325510977
1157        0.0006283118849356552
1158        0.0005172848851879888
1159        0.0005059298511228862
1160        0.0005198082260913448
1161        0.0005727983850618217
1162        0.0005437799646732278
1163        0.0005500883169316175
1164        0.0006081251577088069
1165        0.0005563966691900079
1166        0.0005904617713853144
1167        0.000585415089578602
1168        0.0005235932374463789
1169        0.000613171839515519
1170        0.000565228362351754
1171        0.0006522836235175379
1172        0.0005109765329295981
1173        0.000538733282866515
1174        0.0005765833964168562
1175        0.0005639666919000764
1176        0.0006093868281604848
1177        0.0005059298511228862
1178        0.0006548069644208942
1179        0.0007469089073933899
1180        0.0005286399192530906
1181        0.0005740600555135006
1182        0.0007797123391370181
1183        0.000590461771385314
1184        0.0005374716124148376
1185        0.0005147615442846327
1186        0.0005904617713853146
1187        0.0006131718395155191
1188        0.0005399949533181934
1189        0.0006876103961645227
1190        0.0005374716124148372
1191        0.0005324249306081252
1192        0.0005475649760282613
1193        0.0005740600555134999
1194        0.000517284885187988
1195        0.0005955084531920268
1196        0.0005299015897047694
1197        0.00059929346454706
1198        0.0005992934645470605
1199        0.0005450416351249058
1200        0.000556396669190008
1201        0.000529901589704769
1202        0.0005475649760282614
1203        0.0005803684077718904
1204        0.0005690133737067881
1205        0.0006661619984859956
1206        0.0006421902599041145
1207        0.000758263941458492
1208        0.0005198082260913443
1209        0.0005942467827403485
1210        0.0005791067373202122
1211        0.0005336866010598035
1212        0.0005463033055765839
1213        0.0005387332828665155
1214        0.0005324249306081256
1215        0.0005374716124148368
1216        0.0006106484986121628
1217        0.0005172848851879882
1218        0.0006119101690638412
1219        0.000697703759777947
1220        0.0006346202371940456
1221        0.0005475649760282615
1222        0.00045293969215240843
1223        0.000527378248801413
1224        0.0005942467827403483
1225        0.0006850870552611668
1226        0.000653545293969216
1227        0.0005589200100933644
1228        0.0005892001009336364
1229        0.0007052737824880143
1230        0.0006548069644208938
1231        0.0005311632601564471
1232        0.0005387332828665155
1233        0.0005841534191269239
1234        0.0006043401463537728
1235        0.0005450416351249054
1236        0.0006320968962906892
1237        0.0006333585667423668
1238        0.0005488266464799395
1239        0.0005942467827403476
1240        0.0006018168054504171
1241        0.0006825637143578109
1242        0.0005450416351249054
1243        0.0005059298511228862
1244        0.0005614433509967199
1245        0.0005387332828665152
1246        0.000527378248801413
1247        0.0005450416351249053
1248        0.0005715367146101435
1249        0.0006131718395155188
1250        0.0005425182942215491
1251        0.0006787787030027767
1252        0.0005172848851879886
1253        0.0006939187484229123
1254        0.0005967701236437044
1255        0.0006636386575826403
1256        0.0006409285894524364
1257        0.000528639919253091
1258        0.0005879384304819582
1259        0.0004933131466061055
1260        0.00050971486247792
1261        0.0005828917486752459
1262        0.0005059298511228867
1263        0.0004996214988644957
1264        0.0005412566237698712
1265        0.0005917234418369924
1266        0.0005210698965430226
1267        0.0005437799646732267
1268        0.0006207418622255873
1269        0.0005336866010598033
1270        0.0006762553620994201
1271        0.000596770123643705
1272        0.0006270502144839777
1273        0.0005172848851879885
1274        0.0005463033055765832
1275        0.0005387332828665154
1276        0.000505929851122886
1277        0.0005740600555135003
1278        0.0006081251577088071
1279        0.0006295735553873326
1280        0.0005362099419631589
1281        0.0006863487257128445
1282        0.0005412566237698714
1283        0.0006926570779712341
1284        0.0006447136008074689
1285        0.0005059298511228859
1286        0.0005639666919000756
1287        0.000584153419126925
1288        0.0005664900328034316
1289        0.0006787787030027762
1290        0.0005399949533181934
1291        0.0005488266464799397
1292        0.0005160232147363101
1293        0.0005765833964168565
1294        0.0005828917486752464
1295        0.000533686601059803
1296        0.0005374716124148371
1297        0.0005980317940953823
1298        0.000570275044158466
1299        0.0005488266464799401
1300        0.0005299015897047685
1301        0.0005980317940953828
1302        0.0007090587938430488
1303        0.0005084531920262427
1304        0.0005513499873832957
1305        0.0005261165783497349
1306        0.0006573303053242493
1307        0.000613171839515519
1308        0.0005109765329295991
1309        0.000556396669190008
1310        0.0005841534191269243
1311        0.0006030784759020945
1312        0.0006207418622255869
1313        0.0007077971233913705
1314        0.0005488266464799393
1315        0.0007065354529396923
1316        0.0004478930103456962
1317        0.0005551349987383295
1318        0.0005589200100933639
1319        0.0005664900328034327
1320        0.0006056018168054513
1321        0.0005488266464799391
1322        0.0005134998738329542
1323        0.000504668180671208
1324        0.0005248549078980572
1325        0.0005551349987383291
1326        0.0005299015897047694
1327        0.0005336866010598034
1328        0.0005513499873832953
1329        0.0005589200100933643
1330        0.0005122382033812765
1331        0.0006674236689376742
1332        0.0005967701236437042
1333        0.0005273782488014129
1334        0.0005008831693161734
1335        0.0005299015897047692
1336        0.0005488266464799391
1337        0.0006119101690638404
1338        0.0005690133737067882
1339        0.0005235932374463781
1340        0.0006434519303557914
1341        0.000527378248801413
1342        0.0006056018168054511
1343        0.0005349482715114811
1344        0.0005576583396416853
1345        0.0005412566237698713
1346        0.0006623769871309613
1347        0.0005854150895786027
1348        0.0004895281352510716
1349        0.0006106484986121621
1350        0.0006913954075195561
1351        0.0005450416351249055
1352        0.0005261165783497346
1353        0.000507191521574564
1354        0.0005513499873832949
1355        0.0006611153166792836
1356        0.0006838253848094883
1357        0.0005702750441584671
1358        0.0007090587938430492
1359        0.0005324249306081259
1360        0.0007204138279081509
1361        0.0005425182942215498
1362        0.0004920514761544281
1363        0.0006939187484229126
1364        0.0005084531920262421
1365        0.0005286399192530907
1366        0.0005437799646732271
1367        0.0005324249306081248
1368        0.0006106484986121628
1369        0.0005778450668685337
1370        0.000536209941963159
1371        0.0006245268735806222
1372        0.0005526116578349738
1373        0.0005639666919000765
1374        0.0006156951804188742
1375        0.0005109765329295984
1376        0.0005185465556396668
1377        0.0006384052485490796
1378        0.0005059298511228862
1379        0.0006661619984859963
1380        0.0005980317940953826
1381        0.0005172848851879887
1382        0.000587938430481959
1383        0.0005450416351249056
1384        0.0005336866010598029
1385        0.0006018168054504162
1386        0.0006144335099671965
1387        0.0005664900328034324
1388        0.0005046681806712081
1389        0.0006371435780974014
1390        0.0006825637143578096
1391        0.0005198082260913447
1392        0.000524854907898057
1393        0.0005286399192530908
1394        0.0006371435780974014
1395        0.0005046681806712086
1396        0.0005008831693161743
1397        0.0005122382033812766
1398        0.0005488266464799402
1399        0.0006169568508705527
1400        0.0005955084531920269
1401        0.0005311632601564475
1402        0.0005134998738329545
1403        0.0005374716124148368
1404        0.0005450416351249055
1405        0.0005261165783497347
1406        0.0006497602826141813
1407        0.000651021953065859
1408        0.0005399949533181929
1409        0.0005652283623517539
1410        0.0006207418622255872
1411        0.0005399949533181936
1412        0.0005778450668685346
1413        0.0005513499873832959
1414        0.0005311632601564471
1415        0.0006093868281604848
1416        0.0005803684077718901
1417        0.0005715367146101447
1418        0.0005955084531920266
1419        0.0005526116578349734
1420        0.0005097148624779205
1421        0.0005879384304819584
1422        0.0004478930103456963
1423        0.0005563966691900078
1424        0.0005160232147363107
1425        0.0005614433509967192
1426        0.0005538733282866517
1427        0.0006081251577088064
1428        0.0006661619984859965
1429        0.0005172848851879884
1430        0.0006119101690638408
1431        0.0006384052485490797
1432        0.0006699470098410304
1433        0.0005034065102195305
1434        0.000531163260156447
1435        0.0006964420893262687
1436        0.00044032298763562806
1437        0.0005109765329295979
1438        0.0005349482715114814
1439        0.0005311632601564468
1440        0.0005563966691900088
1441        0.0005488266464799402
1442        0.0005185465556396663
1443        0.000532424930608125
1444        0.0005336866010598034
1445        0.0005362099419631595
1446        0.0005664900328034324
1447        0.0005198082260913452
1448        0.000662376987130962
1449        0.0005551349987383302
1450        0.0005677517032551102
1451        0.00065733030532425
1452        0.0005387332828665152
1453        0.0005223315669947008
1454        0.000587938430481959
1455        0.0005551349987383298
1456        0.0006005551349987384
1457        0.0005576583396416857
1458        0.0006081251577088069
1459        0.0006384052485490794
1460        0.0005336866010598033
1461        0.0004907898057027498
1462        0.0005273782488014136
1463        0.0005412566237698713
1464        0.00048195811254100375
1465        0.0006762553620994195
1466        0.0005362099419631588
1467        0.0005500883169316178
1468        0.0005387332828665149
1469        0.0005286399192530909
1470        0.0006699470098410295
1471        0.0006724703507443857
1472        0.0005299015897047687
1473        0.000523593237446379
1474        0.0005210698965430225
1475        0.0005702750441584657
1476        0.0005828917486752458
1477        0.0005929851122886702
1478        0.0005349482715114807
1479        0.000533686601059803
1480        0.0005021448397678526
1481        0.0005349482715114807
1482        0.0005576583396416856
1483        0.0006320968962906889
1484        0.0004529396921524087
1485        0.0005235932374463794
1486        0.0005412566237698708
1487        0.0006245268735806215
1488        0.000527378248801413
1489        0.0005652283623517539
1490        0.0005261165783497347
1491        0.0005223315669947007
1492        0.0005374716124148376
1493        0.00058036840777189
1494        0.0004920514761544278
1495        0.0005513499873832953
1496        0.0005538733282866515
1497        0.0005299015897047693
1498        0.0005248549078980568
1499        0.0005740600555134995
1500        0.0005879384304819588
1501        0.0005286399192530906
1502        0.0005538733282866517
1503        0.0005425182942215491
1504        0.0005551349987383298
1505        0.0005967701236437044
1506        0.0005147615442846325
1507        0.0005551349987383298
1508        0.0005980317940953827
1509        0.0005122382033812767
1510        0.0005664900328034324
1511        0.0006522836235175378
1512        0.0005614433509967205
1513        0.00068256371435781
1514        0.0005235932374463789
1515        0.0006661619984859956
1516        0.0004983598284128177
1517        0.0005299015897047689
1518        0.0006674236689376745
1519        0.0005198082260913447
1520        0.0006283118849356558
1521        0.0005412566237698713
1522        0.0004945748170577834
1523        0.000502144839767852
1524        0.0005311632601564474
1525        0.000638405248549079
1526        0.000580368407771891
1527        0.0005286399192530913
1528        0.0005563966691900077
1529        0.0005147615442846326
1530        0.0006421902599041136
1531        0.0005589200100933639
1532        0.0005955084531920258
1533        0.0006093868281604845
1534        0.0005437799646732277
1535        0.000576583396416856
1536        0.0005992934645470604
1537        0.0006939187484229124
1538        0.00043906131718395014
1539        0.0006611153166792837
1540        0.0006295735553873336
1541        0.0005526116578349737
1542        0.0006585919757759284
1543        0.0005929851122886705
1544        0.0005791067373202128
1545        0.0007115821347464052
1546        0.0005412566237698714
1547        0.0005551349987383298
1548        0.000582891748675246
1549        0.000533686601059803
1550        0.0005261165783497348
1551        0.0005992934645470602
1552        0.000534948271511482
1553        0.0004945748170577839
1554        0.0006447136008074697
1555        0.0005589200100933637
1556        0.0005336866010598033
1557        0.000533686601059803
1558        0.0005286399192530915
1559        0.0005980317940953823
1560        0.0005160232147363103
1561        0.0005160232147363105
1562        0.0006081251577088061
1563        0.0005286399192530906
1564        0.0005538733282866517
1565        0.00055513499873833
1566        0.0004983598284128178
1567        0.0005664900328034317
1568        0.0005210698965430234
1569        0.0005551349987383294
1570        0.0006813020439061324
1571        0.0006686853393893516
1572        0.0005526116578349745
1573        0.0007077971233913704
1574        0.0007279838506182194
1575        0.0005185465556396664
1576        0.000533686601059803
1577        0.0007191521574564728
1578        0.000529901589704769
1579        0.0005324249306081247
1580        0.0006320968962906894
1581        0.0006182185213222306
1582        0.0005892001009336361
1583        0.0004920514761544277
1584        0.0006472369417108252
1585        0.0005955084531920267
1586        0.0005210698965430231
1587        0.0004844814534443596
1588        0.0005349482715114806
1589        0.0005526116578349733
1590        0.0005286399192530912
1591        0.0005223315669947011
1592        0.0005563966691900075
1593        0.0004983598284128182
1594        0.0005223315669947008
1595        0.0005097148624779204
1596        0.0006194801917739089
1597        0.0006030784759020945
1598        0.0006838253848094881
1599        0.0005134998738329546
1600        0.0005513499873832957
1601        0.0005425182942215492
1602        0.0006182185213222311
1603        0.0005627050214483981
1604        0.0005299015897047689
1605        0.0005210698965430222
1606        0.0005677517032551102
1607        0.0005248549078980563
1608        0.0007380772142316432
1609        0.0005538733282866521
1610        0.0005639666919000758
1611        0.000545041635124906
1612        0.000572798385061822
1613        0.0005399949533181931
1614        0.000543779964673227
1615        0.0006056018168054508
1616        0.0006661619984859961
1617        0.0004907898057027495
1618        0.000591723441836992
1619        0.0005362099419631592
1620        0.0005765833964168565
1621        0.000522331566994701
1622        0.0005513499873832959
1623        0.0005992934645470603
1624        0.0006421902599041135
1625        0.0005475649760282619
1626        0.0005223315669947004
1627        0.0006510219530658601
1628        0.000616956850870553
1629        0.0005463033055765838
1630        0.0006308352258390112
1631        0.000581630078223568
1632        0.000524854907898057
1633        0.000510976532929598
1634        0.0005765833964168553
1635        0.0005097148624779205
1636        0.0005362099419631593
1637        0.0005551349987383298
1638        0.0005134998738329543
1639        0.0005349482715114813
1640        0.0005286399192530913
1641        0.000624526873580621
1642        0.0006598536462276053
1643        0.0005576583396416857
1644        0.0006207418622255867
1645        0.000541256623769871
1646        0.0005071915215745645
1647        0.0005109765329295979
1648        0.0005374716124148374
1649        0.0005261165783497346
1650        0.0005425182942215486
1651        0.0005336866010598031
1652        0.0005349482715114808
1653        0.0005008831693161742
1654        0.0005210698965430222
1655        0.0005299015897047682
1656        0.0005601816805450416
1657        0.0005475649760282615
1658        0.0005210698965430226
1659        0.0005021448397678519
1660        0.0006674236689376737
1661        0.0005690133737067883
1662        0.0005425182942215486
1663        0.0005147615442846326
1664        0.0005235932374463791
1665        0.0005349482715114808
1666        0.0005210698965430225
1667        0.0006283118849356549
1668        0.0005425182942215494
1669        0.0005071915215745641
1670        0.0005261165783497352
1671        0.0005198082260913448
1672        0.0005412566237698717
1673        0.0005387332828665157
1674        0.0005551349987383303
1675        0.000629573555387333
1676        0.0005892001009336373
1677        0.0005387332828665155
1678        0.0006194801917739101
1679        0.0005172848851879885
1680        0.0005500883169316178
1681        0.000558920010093364
1682        0.0005526116578349739
1683        0.0006661619984859962
1684        0.0005399949533181931
1685        0.0005210698965430226
1686        0.0005677517032551105
1687        0.0004970981579611395
1688        0.0006030784759020945
1689        0.0005892001009336364
1690        0.0005450416351249058
1691        0.0005349482715114814
1692        0.000533686601059803
1693        0.0005311632601564474
1694        0.0005513499873832958
1695        0.0005942467827403484
1696        0.0006068634872571288
1697        0.0005929851122886702
1698        0.0005248549078980574
1699        0.0006913954075195565
1700        0.0005904617713853144
1701        0.0005513499873832955
1702        0.0005210698965430229
1703        0.000600555134998739
1704        0.0006194801917739088
1705        0.0006207418622255873
1706        0.0007254605097148631
1707        0.0005198082260913444
1708        0.0005437799646732278
1709        0.0004907898057027498
1710        0.000587938430481958
1711        0.0006320968962906891
1712        0.0005652283623517536
1713        0.0005601816805450416
1714        0.0006447136008074701
1715        0.0006005551349987382
1716        0.0006257885440322992
1717        0.0005702750441584657
1718        0.0006056018168054507
1719        0.0005349482715114809
1720        0.0005437799646732279
1721        0.00056775170325511
1722        0.0005261165783497348
1723        0.000498359828412818
1724        0.0006081251577088071
1725        0.0007090587938430495
1726        0.0005399949533181931
1727        0.0005172848851879887
1728        0.0006371435780974014
1729        0.0005475649760282613
1730        0.000590461771385315
1731        0.0006535452939692163
1732        0.0005778450668685342
1733        0.0005198082260913448
1734        0.0006106484986121632
1735        0.00048700479434771643
1736        0.0006434519303557918
1737        0.0006661619984859956
1738        0.0006346202371940449
1739        0.0005437799646732271
1740        0.0005538733282866519
1741        0.0006573303053242491
1742        0.0005715367146101443
1743        0.0006396669190007574
1744        0.0005715367146101446
1745        0.0006384052485490795
1746        0.0006194801917739087
1747        0.0005185465556396664
1748        0.0006522836235175378
1749        0.0005425182942215497
1750        0.0005210698965430227
1751        0.000543779964673228
1752        0.0005286399192530913
1753        0.0006106484986121628
1754        0.0006018168054504171
1755        0.0006396669190007573
1756        0.0006674236689376737
1757        0.0005475649760282612
1758        0.0005563966691900082
1759        0.0005261165783497346
1760        0.0005879384304819583
1761        0.0006018168054504169
1762        0.0006005551349987387
1763        0.0006182185213222308
1764        0.0005488266464799398
1765        0.0005980317940953827
1766        0.0007620489528135261
1767        0.000537471612414837
1768        0.000538733282866515
1769        0.0005576583396416859
1770        0.0005109765329295986
1771        0.0006396669190007571
1772        0.0007254605097148637
1773        0.0005172848851879888
1774        0.0005198082260913442
1775        0.0005223315669947004
1776        0.0005652283623517538
1777        0.0005324249306081255
1778        0.0007191521574564735
1779        0.000677517032551099
1780        0.0005362099419631591
1781        0.0006056018168054508
1782        0.0005892001009336366
1783        0.000557658339641686
1784        0.0006346202371940451
1785        0.0005892001009336367
1786        0.0006182185213222315
1787        0.0006056018168054513
1788        0.0007267221801665405
1789        0.0005904617713853144
1790        0.0006093868281604849
1791        0.0005677517032551098
1792        0.0005412566237698712
1793        0.0007380772142316433
1794        0.0005475649760282614
1795        0.0005791067373202117
1796        0.0005450416351249055
1797        0.0006182185213222305
1798        0.0005273782488014126
1799        0.0005791067373202124
1800        0.0005172848851879887
1801        0.0005551349987383301
1802        0.0005980317940953822
1803        0.0004920514761544278
1804        0.0004542013626040867
1805        0.000537471612414837
1806        0.0005992934645470601
1807        0.0006560686348725725
1808        0.0006081251577088071
1809        0.0005791067373202124
1810        0.0005425182942215491
1811        0.0005450416351249056
1812        0.0005513499873832957
1813        0.0006913954075195565
1814        0.0005349482715114807
1815        0.0006951804188745916
1816        0.0006749936916477419
1817        0.0006257885440322996
1818        0.0005374716124148371
1819        0.0006560686348725715
1820        0.0006346202371940456
1821        0.0006876103961645232
1822        0.0006005551349987385
1823        0.0006939187484229124
1824        0.0005071915215745643
1825        0.0005803684077718903
1826        0.0006813020439061331
1827        0.0006320968962906898
1828        0.0005374716124148375
1829        0.0006030784759020947
1830        0.0005500883169316178
1831        0.0006674236689376732
1832        0.0006131718395155194
1833        0.000512238203381276
1834        0.0006686853393893526
1835        0.0005513499873832955
1836        0.0005841534191269243
1837        0.0006068634872571284
1838        0.0006156951804188749
1839        0.0005740600555134997
1840        0.0006308352258390113
1841        0.0004706030784759012
1842        0.0005134998738329543
1843        0.0006169568508705529
1844        0.0005677517032551107
1845        0.000645975271259148
1846        0.0007002271006813033
1847        0.0005904617713853146
1848        0.0005450416351249057
1849        0.0005109765329295985
1850        0.0006156951804188747
1851        0.000599293464547061
1852        0.000542518294221549
1853        0.0005816300782235683
1854        0.0005450416351249054
1855        0.0006371435780974013
1856        0.0005639666919000762
1857        0.000487004794347716
1858        0.0005677517032551106
1859        0.0005399949533181935
1860        0.0005374716124148371
1861        0.0005513499873832954
1862        0.0006245268735806207
1863        0.0005362099419631595
1864        0.000551349987383295
1865        0.0006510219530658592
1866        0.0005538733282866519
1867        0.0006472369417108259
1868        0.0005500883169316174
1869        0.0005526116578349737
1870        0.0006043401463537728
1871        0.0005980317940953828
1872        0.0005450416351249052
1873        0.0006245268735806215
1874        0.0006384052485490797
1875        0.0005134998738329544
1876        0.0005147615442846324
1877        0.000581630078223568
1878        0.0005450416351249055
1879        0.0006371435780974024
1880        0.0007002271006813029
1881        0.0005500883169316179
1882        0.0005425182942215489
1883        0.0007027504415846592
1884        0.0006876103961645227
1885        0.0007027504415846587
1886        0.0005904617713853148
1887        0.0005500883169316177
1888        0.0005362099419631589
1889        0.0005702750441584656
1890        0.0006207418622255871
1891        0.0005273782488014134
1892        0.000521069896543023
1893        0.0005147615442846326
1894        0.0005538733282866524
1895        0.0005463033055765835
1896        0.0006585919757759273
1897        0.0005387332828665147
1898        0.0004983598284128176
1899        0.0005803684077718901
1900        0.0005160232147363101
1901        0.00059929346454706
1902        0.0004970981579611401
1903        0.0005147615442846322
1904        0.0006156951804188749
1905        0.0006409285894524364
1906        0.0005248549078980568
1907        0.0005425182942215494
1908        0.0005210698965430233
1909        0.0005967701236437045
1910        0.0005576583396416866
1911        0.000532424930608125
1912        0.0007317688619732526
1913        0.0005122382033812763
1914        0.0005538733282866515
1915        0.0006169568508705536
1916        0.0006371435780974019
1917        0.0007065354529396927
1918        0.0005538733282866523
1919        0.000692657077971234
1920        0.0005463033055765837
1921        0.0005513499873832956
1922        0.0005059298511228865
1923        0.0005147615442846327
1924        0.0005526116578349738
1925        0.0006838253848094887
1926        0.0006030784759020952
1927        0.0007267221801665418
1928        0.0006484986121625036
1929        0.0007141054756497614
1930        0.0007014887711329808
1931        0.0005374716124148374
1932        0.0006989654302296254
1933        0.0007342922028766097
1934        0.0007014887711329806
1935        0.0005601816805450415
1936        0.0005791067373202122
1937        0.000527378248801413
1938        0.0005841534191269246
1939        0.0005235932374463784
1940        0.0006623769871309619
1941        0.0006585919757759283
1942        0.0005324249306081249
1943        0.0005475649760282617
1944        0.00067625536209942
1945        0.0006283118849356557
1946        0.0007014887711329818
1947        0.0005526116578349735
1948        0.0007040121120363362
1949        0.00045167802170073036
1950        0.0006951804188745916
1951        0.000725460509714864
1952        0.000569013373706788
1953        0.0005235932374463794
1954        0.0006308352258390103
1955        0.0005248549078980565
1956        0.0005841534191269238
1957        0.0006573303053242494
1958        0.0006358819076457242
1959        0.0005854150895786024
1960        0.0005046681806712076
1961        0.0005437799646732276
1962        0.0005917234418369924
1963        0.0006220035326772647
1964        0.0006056018168054503
1965        0.0005992934645470603
1966        0.0005147615442846322
1967        0.0006384052485490797
1968        0.0005917234418369927
1969        0.0005765833964168561
1970        0.000622003532677265
1971        0.0005273782488014125
1972        0.0006043401463537725
1973        0.000569013373706788
1974        0.0006245268735806206
1975        0.0005261165783497345
1976        0.0006257885440322995
1977        0.0005299015897047688
1978        0.0005639666919000759
1979        0.0005463033055765832
1980        0.0005248549078980569
1981        0.0007103204642947265
1982        0.0005046681806712084
1983        0.0006724703507443858
1984        0.0006169568508705533
1985        0.0005235932374463782
1986        0.0005601816805450423
1987        0.000733030532424932
1988        0.0007355538733282881
1989        0.0005879384304819585
1990        0.0006749936916477416
1991        0.0005627050214483979
1992        0.0005273782488014127
1993        0.0006308352258390112
1994        0.0006661619984859964
1995        0.0005084531920262422
1996        0.0005198082260913449
1997        0.000507191521574564
1998        0.0005286399192530915
1999        0.0006232652031289435
2000        0.0005904617713853142
2001        0.0006018168054504162
2002        0.0004970981579611398
2003        0.0005589200100933643
2004        0.0007040121120363365
2005        0.0006333585667423671
2006        0.0005198082260913443
2007        0.0005500883169316177
2008        0.0005803684077718902
2009        0.0006888720666162007
2010        0.0006787787030027765
2011        0.0005942467827403488
2012        0.0006156951804188751
2013        0.0005866767600302804
2014        0.0005172848851879891
2015        0.0005753217259651771
2016        0.0005210698965430222
2017        0.0005223315669947011
2018        0.000550088316931618
2019        0.0005071915215745646
2020        0.0006371435780974013
2021        0.0005109765329295986
2022        0.0005538733282866517
2023        0.0005134998738329547
2024        0.000522331566994701
2025        0.0005854150895786022
2026        0.0005210698965430225
2027        0.0005362099419631594
2028        0.0005576583396416857
2029        0.0004983598284128177
2030        0.0005526116578349738
2031        0.000542518294221549
2032        0.0005387332828665155
2033        0.0006977037597779463
2034        0.0005097148624779201
2035        0.0005816300782235678
2036        0.0005992934645470604
2037        0.0005727983850618219
2038        0.0005210698965430231
2039        0.000518546555639667
2040        0.0005488266464799398
2041        0.0005362099419631594
2042        0.0005425182942215491
2043        0.0005437799646732276
2044        0.0005589200100933639
2045        0.0005917234418369928
2046        0.0006232652031289429
2047        0.0005084531920262426
2048        0.0006245268735806213
2049        0.0005399949533181933
2050        0.0007178904870047951
2051        0.000614433509967197
2052        0.0007002271006813032
2053        0.0005374716124148371
2054        0.0005500883169316174
2055        0.0006245268735806213
2056        0.0004617713853141552
2057        0.0007077971233913706
2058        0.0005349482715114804
2059        0.0005109765329295986
2060        0.0005702750441584662
2061        0.0005980317940953839
2062        0.0005967701236437046
2063        0.000613171839515519
2064        0.0006005551349987388
2065        0.0006384052485490797
2066        0.0005992934645470608
2067        0.00044915468079737415
2068        0.0005349482715114812
2069        0.0006724703507443864
2070        0.0005223315669947007
2071        0.0007166288165531172
2072        0.0006270502144839773
2073        0.0005690133737067887
2074        0.0005109765329295985
2075        0.0006119101690638412
2076        0.0005412566237698709
2077        0.0005463033055765833
2078        0.0005374716124148372
2079        0.0006535452939692156
2080        0.0005778450668685339
2081        0.0005261165783497352
2082        0.0005399949533181933
2083        0.0005185465556396665
2084        0.0005261165783497346
2085        0.0005147615442846325
2086        0.0005071915215745644
2087        0.0006169568508705516
2088        0.0005778450668685335
2089        0.0005412566237698713
2090        0.0005450416351249054
2091        0.0005879384304819585
2092        0.0006737320211960643
2093        0.0005879384304819581
2094        0.000527378248801413
2095        0.000582891748675246
2096        0.0005362099419631593
2097        0.0005942467827403489
2098        0.0005538733282866515
2099        0.0006712086802927074
2100        0.0006838253848094879
2101        0.000524854907898057
2102        0.0005879384304819587
2103        0.0005374716124148377
2104        0.0006068634872571283
2105        0.0006169568508705523
2106        0.0005349482715114813
2107        0.0005210698965430224
2108        0.0005488266464799397
2109        0.0006787787030027761
2110        0.0005955084531920272
2111        0.0005387332828665152
2112        0.0005500883169316183
2113        0.0006320968962906894
2114        0.0006787787030027763
2115        0.0006182185213222308
2116        0.000531163260156447
2117        0.0005071915215745643
2118        0.0006119101690638401
2119        0.0007418622255866777
2120        0.0004870047943477158
2121        0.0005500883169316175
2122        0.00045167802170073047
2123        0.0005816300782235684
2124        0.0005778450668685348
2125        0.0006156951804188745
2126        0.000608125157708807
2127        0.0005324249306081249
2128        0.0005727983850618222
2129        0.0007355538733282874
2130        0.0006876103961645224
2131        0.00066994700984103
2132        0.0005336866010598035
2133        0.0004970981579611405
2134        0.0006800403734544539
2135        0.0005475649760282612
2136        0.0005261165783497348
2137        0.0006737320211960642
2138        0.0005134998738329545
2139        0.0005475649760282627
2140        0.0005185465556396666
2141        0.0005134998738329545
2142        0.0005097148624779207
2143        0.0005362099419631593
2144        0.0005109765329295982
2145        0.0005841534191269235
2146        0.0005210698965430226
2147        0.0005261165783497349
2148        0.0005677517032551103
2149        0.0005538733282866515
2150        0.0005349482715114811
2151        0.0005500883169316175
2152        0.0005147615442846321
2153        0.0004958364875094616
2154        0.0005425182942215492
2155        0.0005437799646732281
2156        0.0004945748170577842
2157        0.0005059298511228866
2158        0.0005639666919000767
2159        0.0005084531920262427
2160        0.0005589200100933635
2161        0.0005324249306081252
2162        0.0005904617713853146
2163        0.00065102195306586
2164        0.0005690133737067879
2165        0.0005551349987383303
2166        0.0006384052485490792
2167        0.0005248549078980571
2168        0.0005399949533181939
2169        0.0006308352258390108
2170        0.0006472369417108256
2171        0.0006131718395155194
2172        0.0006283118849356553
2173        0.000601816805450416
2174        0.0005450416351249061
2175        0.0006585919757759279
2176        0.0006320968962906897
2177        0.0006724703507443862
2178        0.0005349482715114812
2179        0.0005866767600302803
2180        0.0005828917486752464
2181        0.0004491546807973744
2182        0.0006421902599041133
2183        0.000560181680545042
2184        0.0005652283623517538
2185        0.0006018168054504169
2186        0.0006220035326772647
2187        0.0006119101690638406
2188        0.0005778450668685347
2189        0.0005551349987383295
2190        0.0006320968962906897
2191        0.000664900328034318
2192        0.0005866767600302801
2193        0.0006245268735806213
2194        0.0005488266464799394
2195        0.00066363865758264
2196        0.0005980317940953826
2197        0.0005639666919000761
2198        0.0006661619984859958
2199        0.0005942467827403484
2200        0.000552611657834973
2201        0.0005627050214483981
2202        0.0005437799646732279
2203        0.0004933131466061059
2204        0.0005109765329295985
2205        0.0005299015897047697
2206        0.0006573303053242498
2207        0.0005500883169316176
2208        0.0005778450668685344
2209        0.0005362099419631589
2210        0.0005614433509967197
2211        0.0005349482715114811
2212        0.0005500883169316179
2213        0.0005248549078980567
2214        0.0005765833964168559
2215        0.0005362099419631594
2216        0.0006611153166792842
2217        0.0006068634872571293
2218        0.0005765833964168562
2219        0.000507191521574565
2220        0.0005273782488014131
2221        0.0005399949533181927
2222        0.0006245268735806213
2223        0.0006623769871309617
2224        0.0005286399192530915
2225        0.0005349482715114807
2226        0.0005349482715114815
2227        0.000585415089578602
2228        0.0005627050214483978
2229        0.0005576583396416857
2230        0.0005513499873832956
2231        0.0005639666919000758
2232        0.0005904617713853146
2233        0.0005059298511228866
2234        0.00048574312389603754
2235        0.0006068634872571292
2236        0.0006434519303557915
2237        0.0005664900328034319
2238        0.0006838253848094885
2239        0.0005412566237698715
2240        0.0006283118849356547
2241        0.0005765833964168555
2242        0.0005311632601564471
2243        0.0005677517032551105
2244        0.0006106484986121626
2245        0.0006156951804188748
2246        0.000500883169316174
2247        0.0005879384304819581
2248        0.0005084531920262426
2249        0.0005311632601564471
2250        0.0006472369417108257
2251        0.0006977037597779463
2252        0.0005437799646732279
2253        0.0005248549078980569
2254        0.000681302043906132
2255        0.0005261165783497353
2256        0.0006106484986121628
2257        0.0005463033055765833
2258        0.0005387332828665159
2259        0.0007380772142316429
2260        0.000558920010093364
2261        0.0006030784759020948
2262        0.0006346202371940451
2263        0.000502144839767852
2264        0.0006472369417108255
2265        0.0006573303053242503
2266        0.0005210698965430222
2267        0.0005299015897047691
2268        0.0006346202371940452
2269        0.0006371435780974015
2270        0.0005336866010598033
2271        0.0005235932374463792
2272        0.000712843805198083
2273        0.0004693414080242229
2274        0.000755740600555136
2275        0.0005753217259651785
2276        0.0005084531920262427
2277        0.0005690133737067882
2278        0.0006724703507443853
2279        0.0005879384304819589
2280        0.000524854907898057
2281        0.0005172848851879891
2282        0.0005892001009336361
2283        0.0006043401463537729
2284        0.0005841534191269242
2285        0.0005324249306081253
2286        0.000587938430481959
2287        0.0006056018168054512
2288        0.0005917234418369923
2289        0.000570275044158466
2290        0.0006056018168054505
2291        0.0006144335099671972
2292        0.0005589200100933639
2293        0.0007103204642947267
2294        0.0006056018168054517
2295        0.0005147615442846323
2296        0.0005917234418369926
2297        0.0007153671461014391
2298        0.0006396669190007573
2299        0.0005513499873832955
2300        0.0005589200100933642
2301        0.0005223315669947011
2302        0.0005652283623517533
2303        0.0005261165783497353
2304        0.000553873328286652
2305        0.0005362099419631601
2306        0.0006131718395155194
2307        0.0005551349987383299
2308        0.0005614433509967201
2309        0.0005349482715114807
2310        0.0005664900328034326
2311        0.0006434519303557918
2312        0.000534948271511481
2313        0.0005172848851879885
2314        0.0005601816805450421
2315        0.0005866767600302811
2316        0.0005046681806712082
2317        0.0005437799646732272
2318        0.0006598536462276055
2319        0.0004870047943477155
2320        0.0005664900328034316
2321        0.000584153419126924
2322        0.0005122382033812764
2323        0.0004516780217007306
2324        0.000553873328286652
2325        0.0005463033055765838
2326        0.0005425182942215494
2327        0.0005425182942215494
2328        0.000647236941710825
2329        0.0005412566237698715
2330        0.0005538733282866515
2331        0.000548826646479939
2332        0.0005198082260913449
2333        0.0005210698965430226
2334        0.0006207418622255869
2335        0.0005980317940953824
2336        0.0006560686348725712
2337        0.0005450416351249053
2338        0.000659853646227606
2339        0.0006030784759020947
2340        0.0006056018168054512
2341        0.0006623769871309622
2342        0.0005551349987383297
2343        0.0006876103961645227
2344        0.0005198082260913443
2345        0.0005778450668685343
2346        0.0005210698965430224
2347        0.0006636386575826406
2348        0.0005526116578349735
2349        0.0006056018168054508
2350        0.0005475649760282615
2351        0.0005362099419631595
2352        0.0006333585667423677
2353        0.0005652283623517544
2354        0.0006119101690638412
2355        0.0005311632601564477
2356        0.0006068634872571291
2357        0.000616956850870553
2358        0.0005084531920262427
2359        0.0005526116578349735
2360        0.0006548069644208935
2361        0.0005299015897047689
2362        0.0005349482715114814
2363        0.0006030784759020949
2364        0.0005399949533181937
2365        0.0005261165783497346
2366        0.0004592480444107986
2367        0.0006030784759020948
2368        0.0004832197829926813
2369        0.0005134998738329544
2370        0.0005892001009336361
2371        0.0005210698965430225
2372        0.0005955084531920261
2373        0.000493313146606106
2374        0.0006043401463537727
2375        0.0005765833964168565
2376        0.0005526116578349736
2377        0.0004542013626040863
2378        0.0005349482715114812
2379        0.0005122382033812767
2380        0.0005261165783497346
2381        0.0005526116578349735
2382        0.0005008831693161743
2383        0.0005261165783497353
2384        0.0005286399192530906
2385        0.0004945748170577837
2386        0.0005198082260913445
2387        0.0005198082260913446
2388        0.0005488266464799397
2389        0.0005841534191269244
2390        0.0005071915215745643
2391        0.0005664900328034322
2392        0.0005627050214483981
2393        0.0005172848851879881
2394        0.0005399949533181931
2395        0.0005046681806712082
2396        0.0005399949533181934
2397        0.0005475649760282615
2398        0.000537471612414837
2399        0.0004794347716376469
2400        0.0005223315669947009
2401        0.0005892001009336359
2402        0.0005046681806712079
2403        0.0005652283623517543
2404        0.0005109765329295986
2405        0.0005992934645470605
2406        0.0005677517032551099
2407        0.0004491546807973744
2408        0.000524854907898057
2409        0.0005942467827403488
2410        0.0005992934645470605
2411        0.0006156951804188746
2412        0.0005437799646732279
2413        0.0005828917486752462
2414        0.0006068634872571293
2415        0.0005866767600302803
2416        0.0006018168054504166
2417        0.0005866767600302808
2418        0.0007734039868786273
2419        0.0005336866010598024
2420        0.0005715367146101439
2421        0.0005349482715114813
2422        0.0005727983850618219
2423        0.0005160232147363111
2424        0.0005627050214483982
2425        0.0005374716124148371
2426        0.0005097148624779207
2427        0.0006030784759020947
2428        0.0005639666919000764
2429        0.000505929851122886
2430        0.000552611657834974
2431        0.0005185465556396668
2432        0.0005463033055765839
2433        0.0006245268735806216
2434        0.0005185465556396669
2435        0.000519808226091345
2436        0.0005349482715114814
2437        0.0006043401463537722
2438        0.0006611153166792835
2439        0.0005160232147363104
2440        0.0005727983850618226
2441        0.0005500883169316172
2442        0.0005450416351249055
2443        0.000541256623769871
2444        0.0005109765329295981
2445        0.0006333585667423671
2446        0.0005311632601564475
2447        0.0005387332828665153
2448        0.000494574817057784
2449        0.0005374716124148369
2450        0.0006585919757759279
2451        0.0005261165783497347
2452        0.0005715367146101438
2453        0.0005437799646732275
2454        0.0005437799646732274
2455        0.0006661619984859955
2456        0.0005892001009336367
2457        0.0005513499873832958
2458        0.0004895281352510713
2459        0.0005526116578349738
2460        0.0006194801917739091
2461        0.0005109765329295988
2462        0.0005437799646732275
2463        0.0005160232147363111
2464        0.0005488266464799393
2465        0.0005261165783497348
2466        0.0005109765329295986
2467        0.0005311632601564468
2468        0.00066363865758264
2469        0.000533686601059803
2470        0.0005362099419631589
2471        0.0005160232147363105
2472        0.000536209941963159
2473        0.0005362099419631589
2474        0.0005273782488014127
2475        0.00055513499873833
2476        0.0005740600555134995
2477        0.0006497602826141818
2478        0.0005336866010598035
2479        0.0005336866010598034
2480        0.0005778450668685342
2481        0.0005172848851879887
2482        0.0005425182942215489
2483        0.0005147615442846323
2484        0.000560181680545041
2485        0.0005084531920262429
2486        0.0005362099419631591
2487        0.0005753217259651781
2488        0.0005425182942215493
2489        0.0006712086802927081
2490        0.0006182185213222313
2491        0.0006522836235175374
2492        0.0005702750441584658
2493        0.0005879384304819583
2494        0.000518546555639667
2495        0.0005172848851879892
2496        0.0005008831693161744
2497        0.0005210698965430232
2498        0.0005917234418369923
2499        0.0006119101690638405
2500        0.0006510219530658593
2501        0.0005664900328034325
2502        0.0005336866010598032
2503        0.0005235932374463788
2504        0.0005311632601564471
2505        0.0005349482715114813
2506        0.0005425182942215501
2507        0.0005854150895786021
2508        0.0005450416351249057
2509        0.0005513499873832957
2510        0.0005727983850618216
2511        0.0005185465556396663
2512        0.0005084531920262427
2513        0.0006346202371940451
2514        0.000524854907898057
2515        0.0005235932374463786
2516        0.00048700479434771524
2517        0.0004857431238960374
2518        0.0005223315669947007
2519        0.0004958364875094623
2520        0.0005109765329295991
2521        0.0005475649760282612
2522        0.0005273782488014129
2523        0.0006447136008074695
2524        0.000587938430481959
2525        0.0006232652031289434
2526        0.0005273782488014126
2527        0.000590461771385314
2528        0.0005576583396416853
2529        0.0005223315669947008
2530        0.0005437799646732275
2531        0.0005223315669947007
2532        0.0006169568508705526
2533        0.000524854907898057
2534        0.000633358566742367
2535        0.0005122382033812765
2536        0.0006194801917739094
2537        0.0005765833964168557
2538        0.0005261165783497349
2539        0.000624526873580621
2540        0.000532424930608125
2541        0.0005500883169316172
2542        0.0006661619984859959
2543        0.0005071915215745644
2544        0.0005980317940953826
2545        0.0005235932374463792
2546        0.0005223315669947011
2547        0.0005374716124148371
2548        0.000562705021448398
2549        0.0005059298511228866
2550        0.0005778450668685337
2551        0.0005955084531920259
2552        0.0005273782488014132
2553        0.000529901589704769
2554        0.0005273782488014133
2555        0.0005727983850618224
2556        0.0005980317940953827
2557        0.0005425182942215492
2558        0.0005690133737067881
2559        0.0005235932374463785
2560        0.0005362099419631593
2561        0.0006560686348725716
2562        0.0006043401463537728
2563        0.0005198082260913446
2564        0.000526116578349735
2565        0.0005097148624779204
2566        0.000536209941963159
2567        0.0006649003280343178
2568        0.0005311632601564471
2569        0.0005235932374463788
2570        0.0005336866010598029
2571        0.0005311632601564468
2572        0.0006686853393893522
2573        0.0005273782488014129
2574        0.0005387332828665146
2575        0.0004996214988644959
2576        0.000581630078223568
2577        0.0005387332828665156
2578        0.000517284885187988
2579        0.0006182185213222305
2580        0.0005349482715114809
2581        0.0005034065102195308
2582        0.0005223315669947007
2583        0.0005879384304819588
2584        0.0005311632601564472
2585        0.0005399949533181936
2586        0.0006005551349987384
2587        0.0005235932374463786
2588        0.0005122382033812765
2589        0.000587938430481958
2590        0.0005134998738329546
2591        0.0006876103961645227
2592        0.0005299015897047687
2593        0.0005172848851879884
2594        0.0005374716124148371
2595        0.0006144335099671969
2596        0.0005311632601564472
2597        0.0006320968962906892
2598        0.0005324249306081254
2599        0.0005273782488014126
2600        0.0004529396921524083
2601        0.0005160232147363103
2602        0.0005147615442846326
2603        0.000571536714610144
2604        0.0005122382033812769
2605        0.0005967701236437047
2606        0.0005021448397678526
2607        0.0005059298511228862
2608        0.0004920514761544277
2609        0.0005349482715114807
2610        0.0005854150895786014
2611        0.0005589200100933636
2612        0.00043653797628059415
2613        0.0005513499873832949
2614        0.0006409285894524357
2615        0.0005992934645470607
2616        0.0006005551349987383
2617        0.0005892001009336361
2618        0.0005160232147363105
2619        0.0006232652031289427
2620        0.000589200100933636
2621        0.0005664900328034322
2622        0.0005324249306081245
2623        0.0005248549078980571
2624        0.00047060307847590096
2625        0.00044410799899066223
2626        0.0004743880898309353
2627        0.00047564976028261337
2628        0.0004415846580873059
2629        0.0004781731011859697
2630        0.0004781731011859696
2631        0.000461771385314155
2632        0.00044915468079737415
2633        0.0004870047943477158
2634        0.0004945748170577835
2635        0.00045167802170073047
2636        0.00046303305576583326
2637        0.00045546303305576453
2638        0.00045420136260408684
2639        0.0004466313398940182
2640        0.00044032298763562795
2641        0.0004542013626040868
2642        0.0004567247035074421
