1        0.00041382790815038895
2        0.000417612919505423
3        0.000417612919505423
4        0.00042518294221549136
5        0.000417612919505423
6        0.00041887458995710104
7        0.0004668180671208669
8        0.00040499621498864285
9        0.0005122382033812762
10        0.0004970981579611396
11        0.00045546303305576464
12        0.0004680797375725445
13        0.0004504163512490524
14        0.000416351249053745
15        0.0004668180671208677
16        0.0004844814534443593
17        0.0004693414080242229
18        0.00041761291950542307
19        0.0004819581125410036
20        0.00046050971486247694
21        0.0004769114307342916
22        0.00044536966944234025
23        0.00045167802170073047
24        0.00046177138531415513
25        0.000410042896795355
26        0.0004920514761544277
27        0.00047438808983093497
28        0.0004441079989906623
29        0.0004592480444107991
30        0.0004668180671208668
31        0.00044284632853898415
32        0.0005324249306081247
33        0.000475649760282613
34        0.00041382790815038895
35        0.0005248549078980564
36        0.0004756497602826132
37        0.00046429472621751106
38        0.0005008831693161741
39        0.0005387332828665149
40        0.00043401463537723773
41        0.00043275296492555987
42        0.0004415846580873062
43        0.0004415846580873061
44        0.0004327529649255595
45        0.00048069644208932524
46        0.0004201362604087792
47        0.0004806964420893254
48        0.000495836487509462
49        0.0004415846580873062
50        0.00047060307847590085
51        0.0004857431238960379
52        0.0004605097148624768
53        0.0004743880898309353
54        0.00045293969215240843
55        0.0004996214988644959
56        0.0004516780217007301
57        0.0004844814534443596
58        0.00046177138531415475
59        0.00041256623769871093
60        0.00047564976028261364
61        0.0004895281352510718
62        0.00046807973757254486
63        0.0005097148624779203
64        0.00042770628311884724
65        0.000487004794347716
66        0.0004529396921524086
67        0.0005021448397678521
68        0.0004478930103456962
69        0.0004706030784759011
70        0.00044915468079737437
71        0.0004428463285389839
72        0.00044536966944234025
73        0.000407519555891999
74        0.000437799646732272
75        0.00042896795357052553
76        0.0004390613171839501
77        0.0004857431238960382
78        0.0004617713853141548
79        0.00047691143073429144
80        0.0004352763058289161
81        0.0005021448397678521
82        0.0004857431238960374
83        0.0005172848851879882
84        0.00046681806712086716
85        0.00044536966944234047
86        0.00045167802170073036
87        0.0004113045672470329
88        0.0004567247035074427
89        0.0004567247035074425
90        0.0005046681806712079
91        0.0004907898057027495
92        0.00046177138531415513
93        0.00047312641937925705
94        0.0005235932374463788
95        0.00047438808983093524
96        0.0005261165783497345
97        0.00041130456724703285
98        0.0004554630330557648
99        0.0004441079989906623
100        0.00046177138531415453
101        0.000468079737572545
102        0.00047943477163764743
103        0.00044410799899066223
104        0.0005097148624779201
105        0.0004441079989906621
106        0.00041130456724703296
107        0.0004655563966691889
108        0.00045546303305576453
109        0.0004630330557658325
110        0.00048069644208932567
111        0.0004125662376987109
112        0.00041004289679535494
113        0.0004491546807973744
114        0.0004630330557658325
115        0.00048069644208932524
116        0.00041508957860206697
117        0.0004441079989906621
118        0.00047691143073429134
119        0.0004996214988644959
120        0.00044032298763562784
121        0.0004504163512490526
122        0.0004529396921524083
123        0.00044915468079737415
124        0.0004907898057027495
125        0.0004819581125410036
126        0.00045167802170073063
127        0.0004857431238960375
128        0.00046429472621751106
129        0.0004844814534443594
130        0.00048321978299268155
131        0.00044032298763562795
132        0.00045293969215240854
133        0.0005122382033812768
134        0.0004592480444107983
135        0.0004302296240222034
136        0.0005034065102195304
137        0.0004895281352510717
138        0.0004655563966691891
139        0.00043906131718395014
140        0.00048321978299268144
141        0.0004655563966691889
142        0.0004403229876356281
143        0.0004567247035074429
144        0.00045546303305576464
145        0.0004542013626040863
146        0.000455463033055765
147        0.0004806964420893251
148        0.0004870047943477157
149        0.00047691143073429096
150        0.0004970981579611401
151        0.0004806964420893255
152        0.0004718647489275791
153        0.0005134998738329547
154        0.0004567247035074429
155        0.0005109765329295986
156        0.00047438808983093497
157        0.0004504163512490524
158        0.0004844814534443596
159        0.00043779964673227185
160        0.0005097148624779197
161        0.0004630330557658331
162        0.000499621498864496
163        0.0005248549078980565
164        0.0004870047943477157
165        0.0004466313398940181
166        0.0004895281352510722
167        0.0005071915215745647
168        0.0005172848851879887
169        0.00045672470350744234
170        0.00043906131718394976
171        0.0004251829422154914
172        0.00045546303305576453
173        0.00043275296492555976
174        0.00045167802170073036
175        0.0004882664647993936
176        0.000441584658087306
177        0.0004365379762805939
178        0.00044410799899066223
179        0.0004415846580873059
180        0.00048574312389603814
181        0.0005311632601564467
182        0.00043779964673227185
183        0.0004567247035074425
184        0.00048700479434771524
185        0.0004504163512490525
186        0.0004958364875094621
187        0.00044536966944234036
188        0.0004769114307342918
189        0.0004933131466061057
190        0.0004756497602826132
191        0.0005172848851879887
192        0.00044536966944234
193        0.0004718647489275791
194        0.00048195811254100386
195        0.0004819581125410032
196        0.0004819581125410031
197        0.0004693414080242231
198        0.00047691143073429117
199        0.0004933131466061057
200        0.000499621498864496
201        0.000474388089830935
202        0.0004920514761544284
203        0.00045798637395912063
204        0.00045293969215240854
205        0.0004743880898309355
206        0.0004895281352510713
207        0.00047943477163764754
208        0.00047312641937925754
209        0.00048448145344435914
210        0.0004605097148624769
211        0.0004743880898309353
212        0.0004529396921524086
213        0.0005261165783497348
214        0.00047312641937925727
215        0.0004756497602826135
216        0.0005059298511228863
217        0.0004870047943477155
218        0.00044915468079737437
219        0.00046429472621751106
220        0.00047312641937925727
221        0.00048700479434771535
222        0.00045420136260408646
223        0.0004630330557658326
224        0.0004718647489275791
225        0.0004491546807973747
226        0.0004731264193792569
227        0.00045798637395912063
228        0.0004466313398940186
229        0.0005299015897047693
230        0.00043906131718394976
231        0.0004907898057027501
232        0.000493313146606106
233        0.00046681806712086716
234        0.0004806964420893254
235        0.00043779964673227174
236        0.00047564976028261375
237        0.0004529396921524087
238        0.0004895281352510713
239        0.0004441079989906621
240        0.0004554630330557644
241        0.00044284632853898404
242        0.0004478930103456964
243        0.00044410799899066223
244        0.0004970981579611401
245        0.0004769114307342917
246        0.000469341408024223
247        0.000441584658087306
248        0.0004352763058289157
249        0.0005071915215745643
250        0.0004806964420893256
251        0.0004895281352510717
252        0.0005210698965430231
253        0.0004352763058289159
254        0.00045798637395912063
255        0.0004466313398940183
256        0.00047312641937925765
257        0.00048195811254100386
258        0.00048195811254100364
259        0.00047943477163764754
260        0.0005097148624779203
261        0.0004693414080242231
262        0.00047564976028261326
263        0.0004983598284128182
264        0.00047438808983093524
265        0.00046050971486247694
266        0.0004617713853141549
267        0.00041887458995710104
268        0.00046681806712086716
269        0.0004996214988644958
270        0.0004806964420893254
271        0.0004630330557658326
272        0.00047817310118596984
273        0.000465556396669189
274        0.0005097148624779202
275        0.00047691143073429117
276        0.0004314912944738818
277        0.0004567247035074427
278        0.00043653797628059404
279        0.00046681806712086694
280        0.0004832197829926816
281        0.0005286399192530908
282        0.0005122382033812768
283        0.0005071915215745643
284        0.00044915468079737453
285        0.00046050971486247694
286        0.00047438808983093524
287        0.0004390613171839501
288        0.00048195811254100386
289        0.0004504163512490523
290        0.0004504163512490526
291        0.0004769114307342912
292        0.0004504163512490526
293        0.0004680797375725453
294        0.0004920514761544277
295        0.0004743880898309353
296        0.0004706030784759012
297        0.0004453696694423402
298        0.0004907898057027494
299        0.0004466313398940187
300        0.000488266464799394
301        0.0004769114307342915
302        0.0005399949533181931
303        0.00045167802170073036
304        0.0004933131466061062
305        0.0005084531920262425
306        0.00045167802170073047
307        0.00044536966944234025
308        0.00045167802170073074
309        0.00044284632853898404
310        0.0004441079989906621
311        0.0004478930103456963
312        0.0004642947262175112
313        0.00045167802170073074
314        0.00046429472621751096
315        0.0004529396921524082
316        0.00045546303305576475
317        0.0004592480444107988
318        0.0004970981579611401
319        0.0004377996467322719
320        0.0004680797375725453
321        0.0004680797375725453
322        0.0004769114307342916
323        0.0004087812263436768
324        0.0004945748170577837
325        0.0004617713853141548
326        0.0005034065102195303
327        0.0004844814534443597
328        0.0004731264193792569
329        0.0004945748170577843
330        0.0004542013626040862
331        0.0004655563966691891
332        0.0004403229876356281
333        0.0005046681806712084
334        0.0004352763058289158
335        0.0004781731011859692
336        0.0004907898057027498
337        0.0004504163512490525
338        0.00047943477163764754
339        0.0004882664647993937
340        0.0004983598284128179
341        0.0005248549078980566
342        0.0004466313398940183
343        0.0003999495331819307
344        0.0004567247035074426
345        0.0004895281352510718
346        0.0004605097148624767
347        0.0004264446126671695
348        0.0004125662376987109
349        0.00041382790815038884
350        0.0004870047943477155
351        0.0005147615442846322
352        0.00045167802170073036
353        0.0004794347716376474
354        0.0004706030784759011
355        0.00045924804441079843
356        0.0004340146353772377
357        0.0004024728740852867
358        0.0005147615442846325
359        0.00046934140802422315
360        0.0005147615442846329
361        0.0004605097148624768
362        0.00046934140802422326
363        0.00048321978299268106
364        0.0004706030784759012
365        0.0004706030784759012
366        0.00040878122634367697
367        0.0004958364875094616
368        0.0004996214988644958
369        0.00040499621498864285
370        0.00045167802170073063
371        0.0004415846580873063
372        0.0005223315669947004
373        0.00047060307847590144
374        0.00048069644208932535
375        0.0004668180671208669
376        0.000531163260156447
377        0.00044915468079737453
378        0.00043653797628059415
379        0.0004415846580873062
380        0.00044284632853898394
381        0.0004983598284128179
382        0.0004049962149886428
383        0.00043275296492555987
384        0.0004504163512490524
385        0.0004983598284128176
386        0.00044663133989401806
387        0.0004352763058289156
388        0.0004706030784759011
389        0.00046807973757254475
390        0.0004605097148624768
391        0.0005198082260913448
392        0.0004756497602826132
393        0.0004920514761544277
394        0.0004441079989906623
395        0.0004504163512490525
396        0.0004327529649255595
397        0.0004605097148624767
398        0.0004113045672470329
399        0.000475649760282613
400        0.0004478930103456961
401        0.0004504163512490523
402        0.0004478930103456963
403        0.00046681806712086694
404        0.0004642947262175112
405        0.0005172848851879886
406        0.0004806964420893258
407        0.0004819581125410036
408        0.0004352763058289157
409        0.0004529396921524083
410        0.00042896795357052553
411        0.00047060307847590106
412        0.0004832197829926813
413        0.00043653797628059394
414        0.0004870047943477155
415        0.0004352763058289156
416        0.00044032298763562806
417        0.00041635124905374505
418        0.0004970981579611402
419        0.0004895281352510718
420        0.0004491546807973739
421        0.0004314912944738815
422        0.0004605097148624768
423        0.0004365379762805938
424        0.00047691143073429117
425        0.00048321978299268117
426        0.0004542013626040864
427        0.0004617713853141549
428        0.0004731264193792568
429        0.00044915468079737426
430        0.00045041635124905223
431        0.00041256623769871093
432        0.00045167802170073063
433        0.00045167802170073025
434        0.0004554630330557644
435        0.00050340651021953
436        0.00043906131718395
437        0.0004415846580873061
438        0.0004605097148624767
439        0.0004529396921524086
440        0.00044915468079737437
441        0.0004907898057027492
442        0.00047438808983093486
443        0.0004289679535705256
444        0.00040878122634367697
445        0.0004478930103456963
446        0.00044284632853898415
447        0.00047060307847590134
448        0.0004491546807973739
449        0.0004428463285389844
450        0.00045293969215240843
451        0.00042518294221549136
452        0.0004605097148624765
453        0.00046681806712086694
454        0.00044284632853898415
455        0.0004415846580873061
456        0.0004239212717638134
457        0.00047312641937925716
458        0.00048069644208932535
459        0.000415089578602067
460        0.00044284632853898415
461        0.0004314912944738815
462        0.0004907898057027503
463        0.0004781731011859693
464        0.00047817310118596914
465        0.00044536966944234
466        0.000468079737572545
467        0.00045041635124905277
468        0.00045798637395912085
469        0.0004945748170577842
470        0.000481958112541003
471        0.0005021448397678519
472        0.0004264446126671695
473        0.00044789301034569646
474        0.0004478930103456961
475        0.00045167802170073025
476        0.0004478930103456964
477        0.0005034065102195302
478        0.00047564976028261337
479        0.00044032298763562806
480        0.0004478930103456963
481        0.00043527630582891597
482        0.0004516780217007302
483        0.0004983598284128178
484        0.00044032298763562806
485        0.000447893010345696
486        0.00043149129447388163
487        0.00042518294221549136
488        0.0004769114307342909
489        0.00043906131718394976
490        0.00046807973757254513
491        0.0004415846580873062
492        0.00046303305576583326
493        0.0004504163512490523
494        0.0004441079989906623
495        0.0005147615442846324
496        0.0004605097148624765
497        0.0004996214988644962
498        0.00044536966944234025
499        0.0004365379762805939
500        0.00045293969215240854
501        0.0004504163512490523
502        0.0004718647489275793
503        0.0004870047943477159
504        0.0004693414080242231
505        0.0004466313398940182
506        0.0004529396921524086
507        0.00047691143073429106
508        0.00044915468079737415
509        0.0004403229876356281
510        0.00044915468079737464
511        0.000500883169316174
512        0.0004655563966691892
513        0.0004466313398940181
514        0.0004630330557658329
515        0.00045167802170073074
516        0.000450416351249052
517        0.00050340651021953
518        0.0004327529649255597
519        0.00046934140802422326
520        0.0004983598284128178
521        0.0004781731011859697
522        0.00048574312389603754
523        0.00040499621498864274
524        0.00048826646479939375
525        0.00047691143073429134
526        0.00040499621498864285
527        0.0005046681806712079
528        0.0004075195558919989
529        0.0004415846580873061
530        0.0004605097148624769
531        0.0004226596013121352
532        0.0004441079989906621
533        0.0004403229876356281
534        0.0004504163512490524
535        0.00047438808983093497
536        0.0004970981579611402
537        0.0004857431238960379
538        0.0004630330557658329
539        0.00048826646479939396
540        0.00046681806712086727
541        0.00046429472621751085
542        0.00045293969215240843
543        0.0004516780217007306
544        0.0004352763058289156
545        0.0005021448397678519
546        0.0005008831693161737
547        0.00045420136260408657
548        0.00044536966944234036
549        0.0004895281352510717
550        0.00048826646479939375
551        0.0004605097148624767
552        0.0004920514761544277
553        0.0004529396921524087
554        0.0005084531920262422
555        0.00043779964673227185
556        0.0004756497602826132
557        0.00045546303305576437
558        0.0004377996467322719
559        0.0005160232147363104
560        0.0004806964420893255
561        0.0004529396921524086
562        0.0004706030784759008
563        0.00048195811254100364
564        0.00045293969215240854
565        0.0004933131466061065
566        0.000444107998990662
567        0.0005134998738329546
568        0.0004554630330557648
569        0.0004415846580873058
570        0.0004920514761544279
571        0.000463033055765833
572        0.00045420136260408646
573        0.00045293969215240843
574        0.0004781731011859697
575        0.00045167802170073063
576        0.00043653797628059394
577        0.0004605097148624769
578        0.0004617713853141548
579        0.000437799646732272
580        0.00045924804441079854
581        0.0004478930103456964
582        0.0005273782488014126
583        0.0004706030784759015
584        0.0004529396921524087
585        0.0005160232147363104
586        0.0004630330557658329
587        0.0004844814534443593
588        0.0004542013626040867
589        0.00048321978299268144
590        0.0004453696694423401
591        0.0005198082260913442
592        0.0004605097148624768
593        0.00044536966944234047
594        0.00048826646479939386
595        0.00047312641937925716
596        0.00044663133989401843
597        0.00045798637395912074
598        0.00044789301034569656
599        0.00048826646479939375
600        0.0005008831693161742
601        0.0004743880898309354
602        0.0004453696694423397
603        0.00046050971486247716
604        0.00046934140802422326
605        0.00045420136260408646
606        0.0005172848851879888
607        0.0004441079989906621
608        0.0005008831693161745
609        0.00045924804441079854
610        0.0005059298511228863
611        0.0004579863739591211
612        0.00044284632853898415
613        0.0004453696694423401
614        0.0004844814534443593
615        0.0004630330557658331
616        0.00043022962402220356
617        0.00046681806712086705
618        0.0004731264193792573
619        0.0004605097148624767
620        0.000510976532929598
621        0.0004630330557658331
622        0.0005172848851879891
623        0.0004756497602826131
624        0.0004769114307342912
625        0.0004542013626040864
626        0.0004857431238960375
627        0.0004642947262175107
628        0.00044032298763562795
629        0.0005374716124148368
630        0.000444107998990662
631        0.0004403229876356283
632        0.00041004289679535494
633        0.0004781731011859697
634        0.00045546303305576475
635        0.0004907898057027498
636        0.0004504163512490524
637        0.0004441079989906619
638        0.0004365379762805938
639        0.0004920514761544277
640        0.0004415846580873059
641        0.00046303305576583245
642        0.0004441079989906623
643        0.0004415846580873063
644        0.0004377996467322719
645        0.0005021448397678525
646        0.00046934140802422326
647        0.0004466313398940185
648        0.0004970981579611402
649        0.00042644461266716933
650        0.0005071915215745643
651        0.00044536966944234025
652        0.00046177138531415464
653        0.0004516780217007306
654        0.0004365379762805939
655        0.00043401463537723795
656        0.00043906131718395
657        0.00045798637395912047
658        0.0004365379762805938
659        0.00044915468079737426
660        0.0004706030784759015
661        0.0005008831693161743
662        0.0004592480444107988
663        0.00043779964673227185
664        0.0004781731011859694
665        0.00041382790815038895
666        0.0004428463285389843
667        0.000488266464799394
668        0.0004743880898309354
669        0.0004554630330557644
670        0.0004983598284128187
671        0.0004529396921524087
672        0.0004365379762805938
673        0.0004567247035074427
674        0.0004478930103456961
675        0.00045041635124905223
676        0.0004302296240222034
677        0.0004251829422154914
678        0.00042518294221549136
679        0.0005034065102195307
680        0.00051602321473631
681        0.0004706030784759012
682        0.0004832197829926816
683        0.0004895281352510722
684        0.000415089578602067
685        0.0004983598284128185
686        0.0004415846580873062
687        0.00045546303305576453
688        0.00046050971486247694
689        0.00047312641937925727
690        0.0005437799646732272
691        0.00047691143073429117
692        0.000444107998990662
693        0.0004592480444107992
694        0.0004504163512490524
695        0.00043653797628059394
696        0.0004352763058289159
697        0.00041256623769871093
698        0.0004605097148624764
699        0.00046303305576583277
700        0.0004365379762805938
701        0.0004718647489275793
702        0.0005210698965430223
703        0.0004579863739591206
704        0.00048069644208932535
705        0.00045167802170073047
706        0.00049078980570275
707        0.0004819581125410035
708        0.0004415846580873059
709        0.00045167802170073047
710        0.00045167802170073085
711        0.00048069644208932535
712        0.0005122382033812765
713        0.0004352763058289158
714        0.0004516780217007306
715        0.00043653797628059394
716        0.0005008831693161739
717        0.00046681806712086716
718        0.0004314912944738814
719        0.00044915468079737453
720        0.00046050971486247694
721        0.00045167802170073047
722        0.0004554630330557648
723        0.0004377996467322721
724        0.00047060307847590134
725        0.000463033055765833
726        0.00047060307847590085
727        0.00045293969215240854
728        0.00045167802170073047
729        0.00048069644208932486
730        0.000447893010345696
731        0.00046177138531415464
732        0.0004579863739591206
733        0.0004769114307342917
734        0.0005008831693161743
735        0.00047186474892757876
736        0.0004743880898309354
737        0.0004529396921524088
738        0.0005387332828665154
739        0.00046555639666918854
740        0.00044915468079737404
741        0.00045798637395912085
742        0.0004945748170577836
743        0.0004542013626040868
744        0.000413827908150389
745        0.0004655563966691888
746        0.00044284632853898404
747        0.000441584658087306
748        0.0004655563966691888
749        0.00048195811254100337
750        0.00045798637395912036
751        0.0004668180671208668
752        0.0004453696694423401
753        0.0004327529649255597
754        0.00045798637395912074
755        0.0004504163512490526
756        0.0004832197829926813
757        0.0004756497602826132
758        0.00047438808983093513
759        0.0004352763058289158
760        0.0004970981579611402
761        0.00044032298763562795
762        0.0004870047943477157
763        0.00042770628311884757
764        0.000504668180671208
765        0.00043653797628059394
766        0.00045672470350744277
767        0.0004794347716376471
768        0.0004693414080242227
769        0.0004655563966691893
770        0.0004529396921524086
771        0.00044284632853898415
772        0.0004453696694423401
773        0.0005021448397678519
774        0.0004415846580873061
775        0.00044536966944234025
776        0.00046934140802422337
777        0.0004504163512490524
778        0.0004781731011859694
779        0.00045293969215240843
780        0.00045546303305576475
781        0.0005412566237698711
782        0.0005034065102195305
783        0.0004781731011859694
784        0.0004504163512490525
785        0.0005008831693161741
786        0.0004592480444107986
787        0.00043653797628059394
788        0.000512238203381276
789        0.0004327529649255597
790        0.00046807973757254513
791        0.00044663133989401843
792        0.0004466313398940183
793        0.00048195811254100337
794        0.0004592480444107991
795        0.00046177138531415453
796        0.00043401463537723784
797        0.000456724703507443
798        0.00044032298763562795
799        0.0004352763058289157
800        0.0004113045672470329
801        0.00045798637395912063
802        0.0004504163512490523
803        0.00044284632853898426
804        0.0005273782488014125
805        0.00044032298763562806
806        0.0005223315669947003
807        0.0004441079989906621
808        0.0004617713853141549
809        0.0004642947262175107
810        0.00047312641937925705
811        0.00046429472621751047
812        0.00045293969215240843
813        0.0004945748170577842
814        0.00047312641937925705
815        0.0005273782488014131
816        0.00047943477163764776
817        0.0005071915215745636
818        0.0004504163512490525
819        0.0004415846580873062
820        0.0004832197829926818
821        0.0004466313398940181
822        0.0004542013626040867
823        0.00044915468079737453
824        0.000447893010345696
825        0.0004870047943477155
826        0.0004478930103456962
827        0.00045167802170073047
828        0.0004983598284128182
829        0.00045420136260408657
830        0.00044915468079737453
831        0.00047186474892757947
832        0.0004605097148624765
833        0.00047312641937925754
834        0.0004933131466061059
835        0.00045420136260408646
836        0.0004920514761544279
837        0.00044284632853898394
838        0.00045293969215240854
839        0.0005147615442846322
840        0.0005248549078980569
841        0.00047564976028261375
842        0.0004403229876356282
843        0.0005210698965430231
844        0.00044915468079737415
845        0.0004970981579611399
846        0.0004895281352510716
847        0.00044915468079737404
848        0.0004504163512490526
849        0.0005008831693161736
850        0.00043906131718395014
851        0.0004844814534443595
852        0.0004478930103456963
853        0.0004668180671208668
854        0.0005198082260913446
855        0.0005324249306081252
856        0.00045546303305576437
857        0.0004201362604087792
858        0.0004340146353772377
859        0.0004504163512490523
860        0.0004970981579611399
861        0.0004542013626040867
862        0.0004870047943477157
863        0.0004352763058289157
864        0.0004718647489275791
865        0.00046807973757254524
866        0.0004996214988644962
867        0.0004794347716376474
868        0.00047060307847590085
869        0.0005059298511228866
870        0.0004605097148624769
871        0.00045546303305576437
872        0.00047943477163764754
873        0.00046429472621751096
874        0.0005071915215745635
875        0.0004478930103456964
876        0.00047564976028261364
877        0.0004718647489275793
878        0.00045798637395912096
879        0.0004870047943477159
880        0.000517284885187988
881        0.00046429472621751106
882        0.0004466313398940181
883        0.0004895281352510717
884        0.0004718647489275792
885        0.00043527630582891553
886        0.0004630330557658331
887        0.00046050971486247694
888        0.00044284632853898426
889        0.00045420136260408657
890        0.00042518294221549125
891        0.0005109765329295988
892        0.0004693414080242231
893        0.0004504163512490526
894        0.0004150895786020669
895        0.000533686601059803
896        0.0004453696694423401
897        0.00045041635124905223
898        0.0005046681806712082
899        0.0004958364875094619
900        0.0004605097148624769
901        0.0005046681806712084
902        0.00043653797628059394
903        0.0005071915215745643
904        0.0004504163512490524
905        0.0005046681806712086
906        0.0004819581125410033
907        0.0004403229876356281
908        0.0004617713853141549
909        0.0005160232147363105
910        0.0004314912944738815
911        0.0004731264193792573
912        0.00047312641937925743
913        0.0005311632601564471
914        0.00048700479434771545
915        0.0004504163512490525
916        0.0004390613171839497
917        0.0004441079989906623
918        0.00044536966944234025
919        0.0004491546807973744
920        0.0004844814534443594
921        0.00045041635124905223
922        0.0004453696694423401
923        0.0004478930103456962
924        0.00045167802170073036
925        0.0005134998738329545
926        0.00045798637395912074
927        0.00046177138531415513
928        0.0004428463285389843
929        0.0004832197829926816
930        0.0005109765329295977
931        0.00043149129447388174
932        0.0005134998738329545
933        0.000493313146606106
934        0.00044284632853898426
935        0.00043401463537723773
936        0.00043275296492555987
937        0.00046807973757254486
938        0.00043906131718394987
939        0.00043401463537723746
940        0.0005109765329295982
941        0.00045167802170073025
942        0.00044915468079737437
943        0.00045672470350744304
944        0.0004630330557658325
945        0.0005122382033812763
946        0.00045420136260408657
947        0.0004605097148624768
948        0.00043527630582891597
949        0.0004630330557658329
950        0.0004605097148624769
951        0.0005071915215745643
952        0.0004428463285389838
953        0.00046177138531415475
954        0.00047312641937925727
955        0.00045420136260408684
956        0.00045798637395912047
957        0.0004844814534443594
958        0.0004466313398940181
959        0.00043906131718395
960        0.0004655563966691888
961        0.0005311632601564472
962        0.000473126419379257
963        0.0004617713853141549
964        0.0004655563966691892
965        0.0004693414080242231
966        0.0004352763058289158
967        0.000441584658087306
968        0.00046429472621751074
969        0.00044536966944234036
970        0.000455463033055765
971        0.00043653797628059356
972        0.00044032298763562806
973        0.0004289679535705257
974        0.0004478930103456964
975        0.0004731264193792573
976        0.000499621498864496
977        0.00046429472621751074
978        0.0004377996467322721
979        0.0004592480444107986
980        0.00040121120363360873
981        0.00046429472621751106
982        0.0004466313398940185
983        0.0005172848851879882
984        0.0004970981579611396
985        0.00046934140802422326
986        0.0004718647489275791
987        0.0004844814534443595
988        0.000441584658087306
989        0.0004655563966691891
990        0.00043906131718394987
991        0.000493313146606106
992        0.00048195811254100375
993        0.0005071915215745643
994        0.0004781731011859698
995        0.00048826646479939386
996        0.0004554630330557644
997        0.0004655563966691888
998        0.000457986373959121
999        0.00044284632853898404
1000        0.0004415846580873059
1001        0.0005134998738329542
1002        0.0004567247035074426
1003        0.0004441079989906621
1004        0.0004592480444107989
1005        0.0004870047943477157
1006        0.0004314912944738815
1007        0.0004832197829926817
1008        0.0005071915215745644
1009        0.0005311632601564476
1010        0.0004428463285389843
1011        0.0004428463285389843
1012        0.0004352763058289156
1013        0.00043653797628059394
1014        0.00045293969215240854
1015        0.0004907898057027498
1016        0.00045798637395912063
1017        0.000465556396669189
1018        0.00039868786273025274
1019        0.0004516780217007306
1020        0.0005311632601564468
1021        0.0004920514761544278
1022        0.00046429472621751074
1023        0.0005021448397678516
1024        0.0005349482715114807
1025        0.00048069644208932524
1026        0.0004542013626040863
1027        0.000498359828412818
1028        0.0004970981579611402
1029        0.0005059298511228863
1030        0.0004478930103456961
1031        0.00044915468079737453
1032        0.0004844814534443593
1033        0.00044284632853898394
1034        0.0004895281352510718
1035        0.0004314912944738818
1036        0.00045546303305576453
1037        0.0004352763058289158
1038        0.0004592480444107986
1039        0.0004365379762805939
1040        0.0004567247035074424
1041        0.0004453696694423401
1042        0.00044284632853898415
1043        0.00044915468079737453
1044        0.00042770628311884735
1045        0.0005034065102195302
1046        0.0004933131466061055
1047        0.00044915468079737426
1048        0.00046050971486247694
1049        0.0005223315669947001
1050        0.00045420136260408657
1051        0.0004239212717638132
1052        0.0004340146353772377
1053        0.00043149129447388163
1054        0.0004415846580873062
1055        0.00044410799899066223
1056        0.0004377996467322721
1057        0.0004882664647993933
1058        0.0004478930103456962
1059        0.00041004289679535494
1060        0.0004617713853141549
1061        0.0004857431238960378
1062        0.0005147615442846322
1063        0.0005046681806712079
1064        0.0004542013626040867
1065        0.0004415846580873061
1066        0.00046050971486247705
1067        0.00045546303305576464
1068        0.0004958364875094616
1069        0.00047943477163764754
1070        0.0004970981579611396
1071        0.0004769114307342912
1072        0.0004504163512490525
1073        0.00043022962402220356
1074        0.0004806964420893259
1075        0.0004466313398940181
1076        0.0004453696694423401
1077        0.0004504163512490524
1078        0.00046177138531415513
1079        0.0005261165783497346
1080        0.00044284632853898404
1081        0.0004907898057027495
1082        0.0004377996467322719
1083        0.0004907898057027497
1084        0.0004478930103456964
1085        0.0004781731011859693
1086        0.00045293969215240887
1087        0.0004806964420893254
1088        0.0004529396921524082
1089        0.00048069644208932535
1090        0.0004970981579611401
1091        0.00045420136260408646
1092        0.00044789301034569656
1093        0.00044536966944234025
1094        0.00046681806712086716
1095        0.0005034065102195305
1096        0.0004567247035074426
1097        0.0004781731011859688
1098        0.0004870047943477157
1099        0.0004844814534443596
1100        0.0004504163512490523
1101        0.000499621498864496
1102        0.0004478930103456962
1103        0.0004504163512490523
1104        0.0004466313398940186
1105        0.0004478930103456962
1106        0.0004769114307342912
1107        0.0004478930103456964
1108        0.0004478930103456961
1109        0.0004996214988644958
1110        0.0004592480444107989
1111        0.00044410799899066223
1112        0.0005311632601564471
1113        0.0004882664647993936
1114        0.00046177138531415475
1115        0.0004996214988644964
1116        0.00045167802170073047
1117        0.0004478930103456963
1118        0.0004605097148624769
1119        0.00046429472621751106
1120        0.00047691143073429096
1121        0.00043022962402220366
1122        0.0004504163512490525
1123        0.00046177138531415453
1124        0.0004844814534443593
1125        0.00045420136260408657
1126        0.0004504163512490526
1127        0.00042392127176381307
1128        0.00045798637395912085
1129        0.00046303305576583277
1130        0.00043401463537723773
1131        0.0005134998738329547
1132        0.0004680797375725454
1133        0.0004478930103456964
1134        0.0005097148624779202
1135        0.0005311632601564471
1136        0.0004377996467322719
1137        0.0005084531920262426
1138        0.0004592480444107988
1139        0.0004668180671208668
1140        0.0005008831693161733
1141        0.00044284632853898404
1142        0.0004655563966691889
1143        0.0005008831693161737
1144        0.0004617713853141549
1145        0.00047691143073429134
1146        0.0004213979308604572
1147        0.0004504163512490523
1148        0.0004895281352510719
1149        0.0005299015897047688
1150        0.00042896795357052553
1151        0.0004933131466061058
1152        0.0005059298511228857
1153        0.0005059298511228864
1154        0.0004970981579611397
1155        0.0005071915215745646
1156        0.0005286399192530909
1157        0.0004743880898309356
1158        0.000461771385314155
1159        0.0004352763058289157
1160        0.0004529396921524086
1161        0.0004933131466061063
1162        0.00046177138531415475
1163        0.00045167802170073025
1164        0.0004844814534443593
1165        0.0004529396921524088
1166        0.0004504163512490525
1167        0.0004882664647993935
1168        0.00044284632853898426
1169        0.00047943477163764727
1170        0.0004453696694423402
1171        0.0005198082260913445
1172        0.0004365379762805939
1173        0.0004441079989906619
1174        0.00045167802170073025
1175        0.0004542013626040867
1176        0.0004920514761544277
1177        0.00045798637395912063
1178        0.000494574817057784
1179        0.0005248549078980567
1180        0.0004415846580873063
1181        0.0004403229876356281
1182        0.000527378248801413
1183        0.0004870047943477159
1184        0.0004491546807973744
1185        0.0004390613171839501
1186        0.0004933131466061054
1187        0.0004680797375725449
1188        0.00044663133989401806
1189        0.000488266464799394
1190        0.0004529396921524083
1191        0.000444107998990662
1192        0.00043022962402220366
1193        0.0004844814534443594
1194        0.00043653797628059394
1195        0.0004605097148624768
1196        0.00045293969215240816
1197        0.00047943477163764743
1198        0.0005210698965430225
1199        0.00044284632853898415
1200        0.000459248044410799
1201        0.00046050971486247694
1202        0.0004289679535705253
1203        0.0004945748170577835
1204        0.0004718647489275794
1205        0.0005097148624779204
1206        0.00047691143073429144
1207        0.0005071915215745641
1208        0.0004428463285389839
1209        0.0004819581125410032
1210        0.0004453696694423402
1211        0.0004781731011859693
1212        0.0004478930103456962
1213        0.0004441079989906621
1214        0.0004466313398940183
1215        0.00045672470350744277
1216        0.0004895281352510724
1217        0.0004567247035074421
1218        0.0004693414080242229
1219        0.000556396669190008
1220        0.00047564976028261293
1221        0.0004466313398940183
1222        0.0004226596013121353
1223        0.0004567247035074426
1224        0.00045167802170073025
1225        0.0005185465556396669
1226        0.00046050971486247705
1227        0.00045041635124905266
1228        0.000479434771637647
1229        0.000543779964673227
1230        0.000498359828412818
1231        0.000461771385314155
1232        0.0004529396921524083
1233        0.00047943477163764727
1234        0.0005097148624779203
1235        0.00045420136260408646
1236        0.000513499873832954
1237        0.0005273782488014126
1238        0.0004314912944738815
1239        0.0004655563966691888
1240        0.0004504163512490524
1241        0.0005261165783497344
1242        0.0004466313398940183
1243        0.0004478930103456964
1244        0.00047186474892757947
1245        0.0004466313398940183
1246        0.0004352763058289159
1247        0.0004504163512490523
1248        0.0004945748170577837
1249        0.000488266464799394
1250        0.00044915468079737437
1251        0.0005147615442846329
1252        0.0004453696694423405
1253        0.0005172848851879879
1254        0.00048574312389603776
1255        0.0004806964420893254
1256        0.000495836487509462
1257        0.00045167802170073047
1258        0.00044032298763562795
1259        0.0004352763058289159
1260        0.00046681806712086716
1261        0.0004579863739591202
1262        0.0004453696694423401
1263        0.0004542013626040868
1264        0.000463033055765833
1265        0.00048321978299268155
1266        0.00046177138531415464
1267        0.0004365379762805938
1268        0.0004983598284128184
1269        0.0004415846580873061
1270        0.0005046681806712079
1271        0.0004668180671208669
1272        0.0004718647489275792
1273        0.0004579863739591206
1274        0.00044915468079737426
1275        0.0004529396921524083
1276        0.00044789301034569673
1277        0.00045041635124905266
1278        0.0004706030784759011
1279        0.0004870047943477158
1280        0.00045546303305576475
1281        0.0005210698965430229
1282        0.0004819581125410036
1283        0.0004970981579611397
1284        0.0004970981579611399
1285        0.0004478930103456962
1286        0.00046177138531415464
1287        0.0004630330557658327
1288        0.0004832197829926813
1289        0.0005273782488014126
1290        0.0004466313398940182
1291        0.0004554630330557649
1292        0.00043275296492555976
1293        0.0005021448397678522
1294        0.0004844814534443597
1295        0.00044915468079737437
1296        0.00044284632853898404
1297        0.0004882664647993937
1298        0.00044536966944234036
1299        0.0004630330557658325
1300        0.0004441079989906624
1301        0.0004945748170577837
1302        0.0005172848851879888
1303        0.0004466313398940182
1304        0.00045041635124905223
1305        0.0004478930103456962
1306        0.0004970981579611399
1307        0.00046050971486247705
1308        0.0004542013626040864
1309        0.00045293969215240854
1310        0.0004819581125410031
1311        0.00048700479434771616
1312        0.00047438808983093513
1313        0.0005059298511228865
1314        0.00046177138531415475
1315        0.0005601816805450416
1316        0.000412566237698711
1317        0.0004554630330557648
1318        0.0004933131466061058
1319        0.00045167802170073047
1320        0.0004718647489275788
1321        0.00046303305576583277
1322        0.00044284632853898415
1323        0.000447893010345696
1324        0.00043401463537723795
1325        0.00044284632853898426
1326        0.0004403229876356281
1327        0.00045798637395912074
1328        0.0004630330557658326
1329        0.0004680797375725454
1330        0.0004466313398940181
1331        0.0005160232147363112
1332        0.0004920514761544275
1333        0.00045672470350744277
1334        0.00044032298763562784
1335        0.0004542013626040862
1336        0.0004668180671208673
1337        0.00047438808983093513
1338        0.0004478930103456963
1339        0.00045167802170073047
1340        0.00047691143073429134
1341        0.0004239212717638133
1342        0.00047060307847590085
1343        0.00042644461266716933
1344        0.0004478930103456963
1345        0.0004466313398940182
1346        0.0005311632601564468
1347        0.0004478930103456964
1348        0.00044284632853898394
1349        0.0004920514761544277
1350        0.0005034065102195307
1351        0.00045798637395912063
1352        0.00045798637395912063
1353        0.0004516780217007302
1354        0.00044789301034569646
1355        0.000485743123896037
1356        0.0005046681806712081
1357        0.00046050971486247657
1358        0.0005563966691900076
1359        0.0004264446126671696
1360        0.000521069896543023
1361        0.00044284632853898426
1362        0.00041004289679535494
1363        0.000529901589704769
1364        0.000461771385314155
1365        0.0004504163512490523
1366        0.0004415846580873061
1367        0.0004365379762805938
1368        0.0004718647489275793
1369        0.0004706030784759015
1370        0.0004567247035074425
1371        0.00048321978299268134
1372        0.00045546303305576475
1373        0.0004327529649255596
1374        0.0004857431238960369
1375        0.0004542013626040863
1376        0.00044032298763562806
1377        0.00045546303305576437
1378        0.00045672470350744277
1379        0.0004983598284128181
1380        0.00048574312389603727
1381        0.000465556396669189
1382        0.00048195811254100396
1383        0.00044032298763562795
1384        0.000441584658087306
1385        0.0004756497602826132
1386        0.000469341408024223
1387        0.0004529396921524086
1388        0.00045798637395912085
1389        0.0004832197829926821
1390        0.0005261165783497345
1391        0.0004655563966691889
1392        0.00044284632853898426
1393        0.0004567247035074429
1394        0.0004794347716376478
1395        0.0004504163512490526
1396        0.0004567247035074427
1397        0.00045420136260408646
1398        0.00044410799899066223
1399        0.0004693414080242228
1400        0.0004882664647993941
1401        0.0004516780217007302
1402        0.00044789301034569646
1403        0.0004365379762805938
1404        0.00044663133989401843
1405        0.00044536966944234047
1406        0.00049078980570275
1407        0.0004920514761544276
1408        0.00044915468079737464
1409        0.00043906131718395014
1410        0.00047943477163764743
1411        0.00045293969215240854
1412        0.0004781731011859693
1413        0.00044915468079737426
1414        0.0004592480444107987
1415        0.00047438808983093513
1416        0.0004844814534443597
1417        0.000437799646732272
1418        0.00048321978299268144
1419        0.00048321978299268155
1420        0.00043022962402220356
1421        0.0004718647489275792
1422        0.0004125662376987109
1423        0.0004466313398940183
1424        0.0004415846580873062
1425        0.0004504163512490525
1426        0.0004340146353772377
1427        0.0004907898057027495
1428        0.0005273782488014129
1429        0.0004428463285389844
1430        0.00047817310118596947
1431        0.000492051476154428
1432        0.0004970981579611398
1433        0.00042770628311884773
1434        0.00045672470350744277
1435        0.000522331566994701
1436        0.00040878122634367686
1437        0.0004504163512490525
1438        0.0004453696694423401
1439        0.0004441079989906621
1440        0.0004441079989906619
1441        0.0004453696694423405
1442        0.0004478930103456962
1443        0.0004504163512490525
1444        0.0004617713853141552
1445        0.0004554630330557648
1446        0.0004655563966691892
1447        0.0004201362604087791
1448        0.0005223315669947007
1449        0.00044915468079737426
1450        0.00044915468079737437
1451        0.000507191521574564
1452        0.000450416351249052
1453        0.0004516780217007306
1454        0.00043653797628059366
1455        0.0004554630330557648
1456        0.0004769114307342912
1457        0.0004491546807973744
1458        0.00047564976028261337
1459        0.0005097148624779203
1460        0.0004693414080242229
1461        0.00045924804441079843
1462        0.00045546303305576475
1463        0.0004491546807973744
1464        0.0004529396921524088
1465        0.0005223315669947007
1466        0.0004352763058289156
1467        0.0004415846580873057
1468        0.0004441079989906621
1469        0.0004441079989906621
1470        0.000517284885187988
1471        0.0004844814534443598
1472        0.000444107998990662
1473        0.00044032298763562806
1474        0.0004781731011859698
1475        0.0004706030784759012
1476        0.00046303305576583277
1477        0.00047564976028261375
1478        0.0004213979308604571
1479        0.00044284632853898426
1480        0.0004466313398940181
1481        0.00045420136260408657
1482        0.00045546303305576453
1483        0.0004970981579611403
1484        0.00041004289679535483
1485        0.0004504163512490524
1486        0.0004567247035074425
1487        0.0005147615442846323
1488        0.00045798637395912085
1489        0.0004542013626040863
1490        0.0004403229876356282
1491        0.00044789301034569646
1492        0.0004441079989906621
1493        0.0004958364875094619
1494        0.00044536966944234047
1495        0.00044284632853898415
1496        0.0004920514761544278
1497        0.0004466313398940182
1498        0.00046429472621751106
1499        0.00049709815796114
1500        0.0004806964420893255
1501        0.0004542013626040862
1502        0.00043779964673227147
1503        0.00045798637395912085
1504        0.0004630330557658329
1505        0.000492051476154428
1506        0.00043906131718394976
1507        0.0004680797375725453
1508        0.00048069644208932524
1509        0.00046429472621751106
1510        0.00045293969215240854
1511        0.0005084531920262421
1512        0.0004441079989906621
1513        0.0005122382033812764
1514        0.00044663133989401806
1515        0.0005311632601564468
1516        0.0004504163512490525
1517        0.0004592480444107987
1518        0.0004882664647993934
1519        0.00043906131718395
1520        0.0005059298511228866
1521        0.0004592480444107986
1522        0.00044032298763562795
1523        0.00044915468079737437
1524        0.0004327529649255596
1525        0.000502144839767852
1526        0.0004706030784759012
1527        0.00045546303305576464
1528        0.00047438808983093513
1529        0.00047060307847590106
1530        0.0004794347716376474
1531        0.0004592480444107986
1532        0.00048321978299268134
1533        0.00047060307847590144
1534        0.0004466313398940183
1535        0.00047564976028261337
1536        0.0004945748170577837
1537        0.0005223315669947008
1538        0.00039868786273025274
1539        0.0005034065102195299
1540        0.000502144839767852
1541        0.0004655563966691889
1542        0.0005122382033812763
1543        0.0005008831693161744
1544        0.000444107998990662
1545        0.0005198082260913449
1546        0.00044536966944234025
1547        0.00044915468079737415
1548        0.0004415846580873059
1549        0.0004617713853141548
1550        0.00045167802170073047
1551        0.0004844814534443594
1552        0.0004529396921524086
1553        0.000457986373959121
1554        0.0005109765329295982
1555        0.0004415846580873061
1556        0.0004617713853141548
1557        0.00045167802170073063
1558        0.0004542013626040863
1559        0.0004832197829926818
1560        0.00043906131718395014
1561        0.0004592480444107989
1562        0.00047943477163764765
1563        0.000437799646732272
1564        0.0004655563966691892
1565        0.00045546303305576453
1566        0.00047060307847590096
1567        0.0004781731011859692
1568        0.0004478930103456962
1569        0.0004655563966691891
1570        0.0005324249306081248
1571        0.0005147615442846327
1572        0.00042770628311884746
1573        0.0005349482715114804
1574        0.0005286399192530903
1575        0.00045041635124905223
1576        0.00043779964673227174
1577        0.0005399949533181932
1578        0.00044536966944234025
1579        0.000437799646732272
1580        0.000495836487509462
1581        0.000533686601059803
1582        0.0004870047943477155
1583        0.0004403229876356282
1584        0.0004945748170577834
1585        0.00047691143073429144
1586        0.00045167802170073047
1587        0.0004630330557658327
1588        0.0004504163512490525
1589        0.0004478930103456962
1590        0.00043906131718395014
1591        0.00045167802170073063
1592        0.000459248044410799
1593        0.0004466313398940183
1594        0.0004567247035074426
1595        0.0004466313398940183
1596        0.0004756497602826128
1597        0.000500883169316174
1598        0.0005425182942215499
1599        0.0004352763058289158
1600        0.0004453696694423402
1601        0.00044284632853898415
1602        0.00047943477163764743
1603        0.00045924804441079854
1604        0.0004554630330557649
1605        0.0004478930103456959
1606        0.00044915468079737415
1607        0.0004403229876356282
1608        0.0005399949533181938
1609        0.00045798637395912063
1610        0.00045546303305576464
1611        0.00043906131718395
1612        0.0004870047943477159
1613        0.00046429472621751074
1614        0.00044915468079737453
1615        0.0004718647489275789
1616        0.0005084531920262421
1617        0.0004529396921524082
1618        0.00046934140802422326
1619        0.0004542013626040863
1620        0.0004945748170577837
1621        0.00047312641937925705
1622        0.0004605097148624767
1623        0.0004806964420893255
1624        0.0004958364875094617
1625        0.0004478930103456964
1626        0.00045798637395912063
1627        0.0004857431238960374
1628        0.00047691143073429144
1629        0.0004466313398940183
1630        0.0004819581125410035
1631        0.0004832197829926816
1632        0.0004390613171839501
1633        0.0004504163512490525
1634        0.000489528135251072
1635        0.00044536966944234036
1636        0.0004504163512490526
1637        0.0004415846580873061
1638        0.0004504163512490517
1639        0.00045798637395912074
1640        0.00044410799899066223
1641        0.0004693414080242228
1642        0.000487004794347716
1643        0.00044410799899066223
1644        0.0005172848851879881
1645        0.0004542013626040862
1646        0.00046177138531415475
1647        0.0004605097148624768
1648        0.0004617713853141545
1649        0.00044536966944234025
1650        0.0004743880898309353
1651        0.0004352763058289156
1652        0.0004478930103456964
1653        0.0004617713853141549
1654        0.00045167802170073036
1655        0.00045293969215240854
1656        0.000461771385314155
1657        0.00046934140802422326
1658        0.00045420136260408646
1659        0.00044284632853898404
1660        0.0005185465556396664
1661        0.00047438808983093567
1662        0.00047438808983093524
1663        0.0004441079989906623
1664        0.0004302296240222035
1665        0.00046303305576583277
1666        0.0004466313398940182
1667        0.0005198082260913445
1668        0.0004428463285389838
1669        0.00045672470350744234
1670        0.0004642947262175111
1671        0.0004377996467322719
1672        0.0004352763058289159
1673        0.00044915468079737437
1674        0.0004415846580873063
1675        0.0005097148624779208
1676        0.00044789301034569646
1677        0.0004554630330557644
1678        0.00047186474892757903
1679        0.0004314912944738815
1680        0.00046429472621751074
1681        0.00043401463537723773
1682        0.00044915468079737437
1683        0.0005071915215745639
1684        0.00044284632853898394
1685        0.00044915468079737415
1686        0.00043275296492555976
1687        0.0004466313398940183
1688        0.0004655563966691892
1689        0.00047817310118596947
1690        0.00045420136260408646
1691        0.0004617713853141548
1692        0.0004466313398940183
1693        0.0004453696694423398
1694        0.0004352763058289158
1695        0.00047060307847590144
1696        0.00048826646479939386
1697        0.00046934140802422315
1698        0.00044284632853898404
1699        0.0005425182942215497
1700        0.0004958364875094619
1701        0.00046807973757254524
1702        0.00045167802170073047
1703        0.00045293969215240843
1704        0.00047943477163764727
1705        0.00045924804441079843
1706        0.0005387332828665155
1707        0.00044663133989401843
1708        0.00044536966944234
1709        0.00042644461266716933
1710        0.0004857431238960371
1711        0.00048574312389603814
1712        0.00045420136260408646
1713        0.00046681806712086694
1714        0.000469341408024223
1715        0.0004907898057027501
1716        0.000502144839767852
1717        0.0004819581125410033
1718        0.0004870047943477155
1719        0.0004314912944738815
1720        0.00045420136260408684
1721        0.00047060307847590096
1722        0.00045798637395912085
1723        0.0004441079989906621
1724        0.0005071915215745643
1725        0.0004857431238960375
1726        0.00043401463537723746
1727        0.0004554630330557648
1728        0.0005008831693161744
1729        0.0004390613171839501
1730        0.0004806964420893255
1731        0.0004769114307342917
1732        0.0004933131466061057
1733        0.0004693414080242231
1734        0.0005210698965430227
1735        0.0004264446126671695
1736        0.0005362099419631593
1737        0.0004895281352510722
1738        0.00047943477163764727
1739        0.00044536966944234036
1740        0.00045672470350744277
1741        0.0004970981579611396
1742        0.0004844814534443596
1743        0.0004857431238960379
1744        0.00048700479434771513
1745        0.0005109765329295979
1746        0.0004706030784759011
1747        0.0004504163512490523
1748        0.0004945748170577839
1749        0.0004352763058289157
1750        0.0004504163512490521
1751        0.00044284632853898426
1752        0.0004542013626040864
1753        0.0004857431238960375
1754        0.0004996214988644957
1755        0.0005071915215745639
1756        0.0004920514761544278
1757        0.00045546303305576437
1758        0.00044032298763562806
1759        0.0004693414080242231
1760        0.00047691143073429144
1761        0.0004781731011859692
1762        0.0004857431238960379
1763        0.0004945748170577836
1764        0.0004466313398940185
1765        0.000493313146606106
1766        0.0005273782488014129
1767        0.00044915468079737437
1768        0.000441584658087306
1769        0.0004806964420893254
1770        0.0004642947262175112
1771        0.0005134998738329545
1772        0.0005134998738329544
1773        0.0004567247035074426
1774        0.000441584658087306
1775        0.0004542013626040863
1776        0.0004466313398940186
1777        0.00044032298763562806
1778        0.0005147615442846319
1779        0.00050971486247792
1780        0.0004516780217007301
1781        0.00047691143073429106
1782        0.0004567247035074429
1783        0.00044915468079737404
1784        0.0005147615442846323
1785        0.0004907898057027499
1786        0.0004920514761544281
1787        0.0004504163512490523
1788        0.000556396669190008
1789        0.0004769114307342912
1790        0.0004844814534443594
1791        0.0004920514761544275
1792        0.0004441079989906623
1793        0.0005324249306081249
1794        0.0004617713853141549
1795        0.00047060307847590106
1796        0.0004529396921524088
1797        0.00046934140802422315
1798        0.0004441079989906621
1799        0.00044536966944234047
1800        0.00045546303305576475
1801        0.00044284632853898426
1802        0.00047943477163764743
1803        0.0004504163512490524
1804        0.00041887458995710104
1805        0.0004592480444107987
1806        0.0004970981579611398
1807        0.000487004794347716
1808        0.00047691143073429117
1809        0.0004844814534443593
1810        0.0004567247035074425
1811        0.0004377996467322719
1812        0.0004504163512490529
1813        0.0005513499873832956
1814        0.0004466313398940182
1815        0.0005097148624779207
1816        0.0005261165783497353
1817        0.00047943477163764765
1818        0.00045167802170073036
1819        0.0004718647489275793
1820        0.0004731264193792573
1821        0.0005374716124148372
1822        0.00047691143073429144
1823        0.000502144839767852
1824        0.0004655563966691892
1825        0.00046934140802422326
1826        0.0005172848851879887
1827        0.0004870047943477158
1828        0.00045546303305576475
1829        0.0004832197829926817
1830        0.00044915468079737437
1831        0.0005198082260913445
1832        0.00046934140802422326
1833        0.0004415846580873063
1834        0.0004592480444107986
1835        0.00044915468079737464
1836        0.0004895281352510718
1837        0.00048195811254100337
1838        0.0005273782488014126
1839        0.00041887458995710114
1840        0.0004844814534443596
1841        0.000416351249053745
1842        0.000457986373959121
1843        0.0004907898057027495
1844        0.0004352763058289159
1845        0.0004983598284128184
1846        0.0005172848851879885
1847        0.00047438808983093486
1848        0.0004819581125410035
1849        0.00045167802170073047
1850        0.0004781731011859698
1851        0.0004731264193792573
1852        0.00045420136260408657
1853        0.0004718647489275788
1854        0.0004655563966691888
1855        0.0004756497602826131
1856        0.00045798637395912096
1857        0.00043653797628059394
1858        0.0004403229876356281
1859        0.00044536966944234036
1860        0.0004680797375725453
1861        0.0004365379762805938
1862        0.0005185465556396665
1863        0.00044536966944234025
1864        0.0004542013626040867
1865        0.0004983598284128178
1866        0.0004567247035074425
1867        0.0005122382033812764
1868        0.0004781731011859698
1869        0.0004478930103456962
1870        0.0004756497602826136
1871        0.0004718647489275794
1872        0.0004466313398940181
1873        0.00048574312389603765
1874        0.0004895281352510717
1875        0.00045672470350744207
1876        0.0004453696694423401
1877        0.0004554630330557644
1878        0.00044789301034569656
1879        0.000487004794347716
1880        0.0004970981579611401
1881        0.0004504163512490526
1882        0.00046934140802422326
1883        0.0005235932374463788
1884        0.0005412566237698708
1885        0.0005223315669947009
1886        0.0004882664647993936
1887        0.0004996214988644963
1888        0.0004706030784759012
1889        0.0004806964420893256
1890        0.000495836487509462
1891        0.00044789301034569646
1892        0.00044032298763562784
1893        0.0004327529649255596
1894        0.0004592480444107987
1895        0.0004529396921524086
1896        0.00048321978299268144
1897        0.0004554630330557644
1898        0.00044915468079737415
1899        0.00048195811254100375
1900        0.0004504163512490524
1901        0.00046934140802422326
1902        0.00043401463537723757
1903        0.00045167802170073047
1904        0.0004781731011859694
1905        0.0005109765329295979
1906        0.00043906131718394987
1907        0.00044284632853898404
1908        0.0004466313398940185
1909        0.0005185465556396664
1910        0.00043906131718395
1911        0.00044284632853898394
1912        0.0005160232147363107
1913        0.0004415846580873061
1914        0.0004504163512490526
1915        0.0004806964420893256
1916        0.00047186474892757947
1917        0.0005450416351249059
1918        0.0004680797375725453
1919        0.000521069896543023
1920        0.000444107998990662
1921        0.0004516780217007306
1922        0.00043906131718394976
1923        0.0004441079989906619
1924        0.00044284632853898415
1925        0.00045546303305576464
1926        0.0005046681806712081
1927        0.000550088316931618
1928        0.0005046681806712082
1929        0.0005021448397678521
1930        0.0005160232147363105
1931        0.00044536966944234036
1932        0.0004983598284128181
1933        0.0005311632601564475
1934        0.0004945748170577836
1935        0.0004567247035074429
1936        0.00048321978299268134
1937        0.00046934140802422353
1938        0.0004718647489275793
1939        0.000437799646732272
1940        0.00048826646479939396
1941        0.0004983598284128175
1942        0.0004415846580873061
1943        0.0004478930103456964
1944        0.0005109765329295984
1945        0.00047312641937925754
1946        0.0005412566237698717
1947        0.00044284632853898394
1948        0.0005071915215745644
1949        0.0004113045672470329
1950        0.0005147615442846323
1951        0.000504668180671208
1952        0.00047312641937925743
1953        0.0004251829422154914
1954        0.0005223315669947007
1955        0.0004567247035074427
1956        0.0004605097148624768
1957        0.0005299015897047688
1958        0.0004920514761544281
1959        0.0004882664647993934
1960        0.00044032298763562784
1961        0.0004504163512490521
1962        0.00048574312389603754
1963        0.0004907898057027497
1964        0.00047312641937925705
1965        0.0004756497602826132
1966        0.00047060307847590144
1967        0.0005109765329295987
1968        0.000493313146606106
1969        0.0005008831693161741
1970        0.000494574817057784
1971        0.0004478930103456963
1972        0.00048700479434771535
1973        0.0004706030784759011
1974        0.0004819581125410036
1975        0.0004756497602826136
1976        0.0004870047943477161
1977        0.0004365379762805939
1978        0.00044915468079737404
1979        0.00044536966944234063
1980        0.00044915468079737426
1981        0.0005349482715114816
1982        0.0004579863739591203
1983        0.0005147615442846325
1984        0.0004882664647993937
1985        0.0004226596013121353
1986        0.00045041635124905266
1987        0.0005374716124148376
1988        0.0004970981579611401
1989        0.0004693414080242231
1990        0.000500883169316174
1991        0.0004365379762805938
1992        0.0004415846580873063
1993        0.0004680797375725449
1994        0.0004970981579611401
1995        0.0004453696694423402
1996        0.0004466313398940183
1997        0.00045798637395912063
1998        0.0004567247035074426
1999        0.00047438808983093513
2000        0.0004819581125410035
2001        0.0004718647489275793
2002        0.0004542013626040868
2003        0.00045798637395912063
2004        0.0005299015897047691
2005        0.0005160232147363109
2006        0.0004390613171839497
2007        0.0004542013626040867
2008        0.0004365379762805939
2009        0.0005172848851879882
2010        0.0004996214988644962
2011        0.0005071915215745647
2012        0.00047564976028261337
2013        0.0004806964420893256
2014        0.00044410799899066223
2015        0.0004769114307342915
2016        0.0004403229876356282
2017        0.00045420136260408684
2018        0.00044536966944234036
2019        0.00047060307847590106
2020        0.000519808226091344
2021        0.0004542013626040863
2022        0.00046934140802422326
2023        0.0004567247035074429
2024        0.0004314912944738815
2025        0.0004806964420893256
2026        0.00045167802170073036
2027        0.0004567247035074425
2028        0.00045546303305576453
2029        0.00045420136260408646
2030        0.00044789301034569646
2031        0.0004529396921524083
2032        0.0004403229876356281
2033        0.0005008831693161737
2034        0.0004365379762805938
2035        0.00047438808983093513
2036        0.0004907898057027495
2037        0.00048574312389603765
2038        0.0004352763058289161
2039        0.0004327529649255597
2040        0.0004567247035074426
2041        0.00044284632853898404
2042        0.0004466313398940182
2043        0.000450416351249052
2044        0.00045546303305576464
2045        0.00047564976028261364
2046        0.00047312641937925705
2047        0.00045167802170073074
2048        0.0004693414080242231
2049        0.0004605097148624767
2050        0.000526116578349735
2051        0.00048448145344436033
2052        0.000551349987383295
2053        0.0004542013626040863
2054        0.00043906131718395
2055        0.0004920514761544282
2056        0.0004113045672470329
2057        0.000509714862477921
2058        0.0004453696694423402
2059        0.00043022962402220356
2060        0.00043022962402220366
2061        0.0004718647489275792
2062        0.00046303305576583315
2063        0.0005021448397678522
2064        0.0004743880898309355
2065        0.00048574312389603776
2066        0.0004907898057027497
2067        0.0004138279081503889
2068        0.00044536966944234025
2069        0.000527378248801413
2070        0.0004491546807973744
2071        0.000507191521574564
2072        0.0004933131466061057
2073        0.00044284632853898415
2074        0.0004466313398940185
2075        0.0004844814534443598
2076        0.000441584658087306
2077        0.0004478930103456964
2078        0.000441584658087306
2079        0.0004983598284128182
2080        0.00048321978299268106
2081        0.00045798637395912074
2082        0.00045798637395912063
2083        0.0004415846580873059
2084        0.0004466313398940178
2085        0.00045167802170073036
2086        0.00045672470350744277
2087        0.0005210698965430227
2088        0.0004718647489275789
2089        0.0004605097148624769
2090        0.00045167802170073074
2091        0.0005185465556396667
2092        0.00046807973757254475
2093        0.0004781731011859694
2094        0.0004592480444107989
2095        0.0004996214988644963
2096        0.0004365379762805938
2097        0.0004870047943477157
2098        0.0004314912944738814
2099        0.0005109765329295986
2100        0.0005084531920262425
2101        0.0004441079989906623
2102        0.0004617713853141548
2103        0.0004403229876356281
2104        0.0004870047943477157
2105        0.00047060307847590085
2106        0.00047438808983093567
2107        0.000441584658087306
2108        0.0004605097148624769
2109        0.0005046681806712081
2110        0.0004769114307342912
2111        0.00045546303305576475
2112        0.0004554630330557649
2113        0.0004718647489275791
2114        0.0005261165783497342
2115        0.0004718647489275793
2116        0.0004377996467322722
2117        0.0004478930103456963
2118        0.00047943477163764727
2119        0.0005185465556396663
2120        0.00045420136260408657
2121        0.00045293969215240843
2122        0.00041635124905374505
2123        0.0004630330557658329
2124        0.00047943477163764727
2125        0.0004769114307342912
2126        0.0004756497602826135
2127        0.00046429472621751096
2128        0.0004605097148624768
2129        0.0005475649760282608
2130        0.0005185465556396666
2131        0.0005134998738329545
2132        0.0004453696694423401
2133        0.0004542013626040864
2134        0.000517284885187988
2135        0.00046934140802422326
2136        0.00044032298763562806
2137        0.000521069896543023
2138        0.0004352763058289157
2139        0.00043653797628059366
2140        0.0004567247035074429
2141        0.00046050971486247694
2142        0.00043906131718394987
2143        0.00045798637395912085
2144        0.00045798637395912096
2145        0.0004895281352510721
2146        0.00044284632853898426
2147        0.0004542013626040863
2148        0.00046807973757254475
2149        0.00046050971486247716
2150        0.000461771385314155
2151        0.0004504163512490526
2152        0.0004554630330557648
2153        0.0004365379762805939
2154        0.0004403229876356281
2155        0.0004516780217007306
2156        0.0004327529649255594
2157        0.0004630330557658331
2158        0.00046934140802422337
2159        0.00045167802170073063
2160        0.0004617713853141549
2161        0.00043022962402220356
2162        0.0004882664647993937
2163        0.0004970981579611401
2164        0.00044284632853898426
2165        0.0004453696694423401
2166        0.0005324249306081252
2167        0.0004504163512490525
2168        0.0004478930103456963
2169        0.0004958364875094619
2170        0.0004693414080242229
2171        0.0005134998738329547
2172        0.00048195811254100293
2173        0.00048574312389603727
2174        0.00044032298763562806
2175        0.000498359828412818
2176        0.0004933131466061057
2177        0.0005109765329295988
2178        0.0004706030784759011
2179        0.0004832197829926817
2180        0.0004630330557658327
2181        0.00041256623769871093
2182        0.0005071915215745645
2183        0.0004605097148624769
2184        0.0004605097148624767
2185        0.0004933131466061055
2186        0.0005034065102195296
2187        0.0004642947262175107
2188        0.00047691143073429134
2189        0.0004567247035074426
2190        0.0004819581125410035
2191        0.0005046681806712081
2192        0.0004781731011859694
2193        0.00047943477163764727
2194        0.0004415846580873059
2195        0.00048321978299268155
2196        0.00048574312389603754
2197        0.00044032298763562806
2198        0.0005046681806712085
2199        0.00046681806712086727
2200        0.0004857431238960378
2201        0.00044789301034569673
2202        0.0004415846580873061
2203        0.000441584658087306
2204        0.00047312641937925727
2205        0.0004542013626040863
2206        0.000499621498864496
2207        0.00045798637395912074
2208        0.0004504163512490526
2209        0.00044032298763562784
2210        0.00045420136260408646
2211        0.00045798637395912096
2212        0.00043906131718394987
2213        0.00043401463537723773
2214        0.00048700479434771535
2215        0.0004504163512490524
2216        0.0005059298511228862
2217        0.0004832197829926817
2218        0.00044789301034569646
2219        0.0004377996467322721
2220        0.00043779964673227163
2221        0.00044663133989401843
2222        0.000499621498864496
2223        0.0005160232147363104
2224        0.0004403229876356281
2225        0.00044284632853898426
2226        0.00041635124905374505
2227        0.00047060307847590096
2228        0.0004592480444107989
2229        0.00043906131718394987
2230        0.0004592480444107987
2231        0.0004466313398940183
2232        0.0004769114307342917
2233        0.00044536966944234025
2234        0.0004226596013121352
2235        0.00048069644208932567
2236        0.00047691143073429134
2237        0.0005008831693161744
2238        0.0005374716124148371
2239        0.0004415846580873063
2240        0.0005437799646732272
2241        0.0004743880898309356
2242        0.00046303305576583326
2243        0.0004617713853141553
2244        0.00046429472621751096
2245        0.0004857431238960379
2246        0.0004516780217007306
2247        0.0004882664647993937
2248        0.0004605097148624769
2249        0.00043906131718394987
2250        0.0004907898057027495
2251        0.0004870047943477157
2252        0.0004289679535705258
2253        0.0004718647489275793
2254        0.0004970981579611399
2255        0.00046555639666918947
2256        0.0004756497602826131
2257        0.00044410799899066223
2258        0.00046303305576583326
2259        0.0005336866010598032
2260        0.00046429472621751096
2261        0.0004718647489275794
2262        0.0005286399192530908
2263        0.0004655563966691889
2264        0.0004945748170577836
2265        0.0004983598284128179
2266        0.000441584658087306
2267        0.0004718647489275797
2268        0.0004655563966691891
2269        0.0004958364875094622
2270        0.00044536966944234
2271        0.0004567247035074425
2272        0.0005425182942215494
2273        0.00040878122634367686
2274        0.0005463033055765831
2275        0.0004605097148624768
2276        0.0004592480444107988
2277        0.0004567247035074427
2278        0.0005034065102195298
2279        0.0004567247035074426
2280        0.0004529396921524083
2281        0.0004415846580873059
2282        0.00047060307847590106
2283        0.0004970981579611401
2284        0.0004945748170577841
2285        0.0004403229876356277
2286        0.0004743880898309356
2287        0.0004882664647993935
2288        0.0004832197829926816
2289        0.0004630330557658325
2290        0.00047943477163764716
2291        0.0004895281352510714
2292        0.0004352763058289159
2293        0.0005450416351249055
2294        0.0004642947262175114
2295        0.00045546303305576453
2296        0.0005235932374463788
2297        0.0005046681806712078
2298        0.0004895281352510718
2299        0.00043906131718394976
2300        0.0004415846580873061
2301        0.00044663133989401843
2302        0.0004655563966691888
2303        0.0004504163512490524
2304        0.0004377996467322719
2305        0.0004567247035074427
2306        0.0005223315669947005
2307        0.0004655563966691891
2308        0.0004441079989906621
2309        0.00046934140802422315
2310        0.00044536966944234047
2311        0.0005324249306081243
2312        0.00046050971486247657
2313        0.0004478930103456962
2314        0.0004441079989906621
2315        0.0004592480444107988
2316        0.0004542013626040868
2317        0.00046429472621751096
2318        0.0005084531920262421
2319        0.00044284632853898426
2320        0.00046681806712086705
2321        0.0004958364875094618
2322        0.00045546303305576464
2323        0.00042139793086045724
2324        0.0004605097148624767
2325        0.000437799646732272
2326        0.000437799646732272
2327        0.0004516780217007306
2328        0.0004844814534443596
2329        0.00045167802170073025
2330        0.0004756497602826128
2331        0.00047943477163764754
2332        0.00044284632853898415
2333        0.0004415846580873062
2334        0.0004920514761544274
2335        0.0005034065102195302
2336        0.00048826646479939386
2337        0.00044915468079737437
2338        0.0004983598284128179
2339        0.0004970981579611401
2340        0.0004970981579611397
2341        0.0004983598284128185
2342        0.0004655563966691891
2343        0.00047943477163764754
2344        0.0004352763058289159
2345        0.000461771385314155
2346        0.0004516780217007306
2347        0.0004958364875094619
2348        0.0004302296240222033
2349        0.0005034065102195297
2350        0.00044284632853898394
2351        0.00044536966944234047
2352        0.0004806964420893256
2353        0.0004642947262175111
2354        0.00048826646479939434
2355        0.0004352763058289158
2356        0.0004870047943477155
2357        0.0004819581125410035
2358        0.000456724703507443
2359        0.0004592480444107987
2360        0.000516023214736311
2361        0.00045420136260408657
2362        0.0004352763058289157
2363        0.00046807973757254513
2364        0.00045546303305576475
2365        0.00044032298763562806
2366        0.00041256623769871093
2367        0.0005008831693161739
2368        0.00044536966944234025
2369        0.00044032298763562784
2370        0.000475649760282613
2371        0.0004466313398940183
2372        0.0004769114307342909
2373        0.0004516780217007302
2374        0.0005046681806712079
2375        0.00046934140802422315
2376        0.00045167802170073047
2377        0.0004213979308604572
2378        0.00044032298763562795
2379        0.0004340146353772377
2380        0.00044915468079737426
2381        0.0004466313398940181
2382        0.00045293969215240854
2383        0.00045546303305576464
2384        0.00044915468079737453
2385        0.0004504163512490523
2386        0.0004466313398940182
2387        0.000444107998990662
2388        0.0004706030784759016
2389        0.0004680797375725455
2390        0.00045924804441079843
2391        0.00045167802170073047
2392        0.00043401463537723795
2393        0.0004529396921524086
2394        0.00046429472621751096
2395        0.0004680797375725449
2396        0.00042770628311884735
2397        0.00044915468079737415
2398        0.0004504163512490524
2399        0.00043906131718394987
2400        0.0004542013626040862
2401        0.0004655563966691888
2402        0.0004466313398940182
2403        0.0004529396921524082
2404        0.00044410799899066223
2405        0.00048321978299268134
2406        0.00047817310118596947
2407        0.0004251829422154914
2408        0.0004415846580873061
2409        0.0004693414080242228
2410        0.0005248549078980571
2411        0.00045293969215240816
2412        0.00043779964673227163
2413        0.00047943477163764716
2414        0.0004920514761544277
2415        0.00047943477163764743
2416        0.0004693414080242228
2417        0.0004983598284128185
2418        0.0005526116578349737
2419        0.0004478930103456963
2420        0.00043149129447388174
2421        0.0004504163512490525
2422        0.0004882664647993936
2423        0.0004567247035074426
2424        0.0004983598284128175
2425        0.0004453696694423401
2426        0.0004491546807973739
2427        0.000469341408024223
2428        0.00045546303305576453
2429        0.0004529396921524086
2430        0.00042896795357052553
2431        0.00046429472621751133
2432        0.0004365379762805938
2433        0.00047312641937925705
2434        0.00043653797628059366
2435        0.0004680797375725453
2436        0.0004655563966691887
2437        0.00047691143073429134
2438        0.0005084531920262424
2439        0.0004428463285389839
2440        0.00047060307847590096
2441        0.0004441079989906619
2442        0.0004390613171839501
2443        0.0004403229876356282
2444        0.0004365379762805938
2445        0.0005210698965430224
2446        0.00045546303305576475
2447        0.0004769114307342912
2448        0.0004504163512490525
2449        0.0004542013626040863
2450        0.0005160232147363109
2451        0.00043149129447388163
2452        0.00044410799899066223
2453        0.0004491546807973744
2454        0.00046429472621751074
2455        0.0005172848851879884
2456        0.0004630330557658331
2457        0.0004441079989906625
2458        0.0004579863739591203
2459        0.00046050971486247694
2460        0.0005059298511228862
2461        0.00044915468079737404
2462        0.0004504163512490525
2463        0.00044789301034569646
2464        0.00044789301034569646
2465        0.0004415846580873062
2466        0.0004592480444107987
2467        0.00043401463537723757
2468        0.0005185465556396658
2469        0.00043022962402220356
2470        0.0004466313398940183
2471        0.0004226596013121352
2472        0.000489528135251072
2473        0.0004655563966691891
2474        0.00046177138531415453
2475        0.00045293969215240843
2476        0.00045798637395912063
2477        0.0005172848851879887
2478        0.000434014635377238
2479        0.0004554630330557644
2480        0.00046807973757254475
2481        0.0004314912944738815
2482        0.0004403229876356282
2483        0.00043022962402220356
2484        0.0004352763058289159
2485        0.00044284632853898394
2486        0.00046050971486247657
2487        0.0004832197829926816
2488        0.0004352763058289159
2489        0.0005223315669947008
2490        0.0004819581125410036
2491        0.0005172848851879887
2492        0.000487004794347716
2493        0.0004983598284128177
2494        0.0004491546807973739
2495        0.00043275296492555976
2496        0.00045798637395912074
2497        0.0004466313398940185
2498        0.0005134998738329545
2499        0.0004983598284128175
2500        0.0005109765329295981
2501        0.00044032298763562784
2502        0.0004377996467322721
2503        0.0004478930103456962
2504        0.0004529396921524083
2505        0.0004466313398940183
2506        0.0004554630330557649
2507        0.0004920514761544276
2508        0.0004466313398940185
2509        0.00043527630582891597
2510        0.0004756497602826131
2511        0.0004377996467322719
2512        0.0004428463285389838
2513        0.0004945748170577835
2514        0.00044032298763562795
2515        0.00045672470350744277
2516        0.0004251829422154914
2517        0.0004415846580873062
2518        0.00045672470350744304
2519        0.0004365379762805938
2520        0.00045041635124905223
2521        0.00045167802170073036
2522        0.00044663133989401806
2523        0.000502144839767852
2524        0.00046681806712086694
2525        0.0004655563966691888
2526        0.0004516780217007302
2527        0.0004693414080242227
2528        0.0004264446126671694
2529        0.00044915468079737426
2530        0.00045420136260408646
2531        0.0004466313398940181
2532        0.000473126419379257
2533        0.0004706030784759008
2534        0.0005172848851879887
2535        0.00045546303305576475
2536        0.0004882664647993935
2537        0.00047186474892757876
2538        0.0004478930103456964
2539        0.00049078980570275
2540        0.0004213979308604571
2541        0.0004718647489275793
2542        0.0004907898057027499
2543        0.0004453696694423402
2544        0.0004617713853141545
2545        0.000437799646732272
2546        0.00042770628311884746
2547        0.0004327529649255597
2548        0.0004958364875094616
2549        0.00043779964673227174
2550        0.0004668180671208668
2551        0.000494574817057784
2552        0.00044536966944234036
2553        0.0004504163512490526
2554        0.0004365379762805939
2555        0.000441584658087306
2556        0.00046429472621751106
2557        0.00044284632853898415
2558        0.00047312641937925727
2559        0.0004365379762805939
2560        0.0004756497602826127
2561        0.0005084531920262421
2562        0.0005134998738329549
2563        0.00045293969215240843
2564        0.00044410799899066174
2565        0.0004504163512490524
2566        0.00044915468079737437
2567        0.0005160232147363103
2568        0.00044032298763562806
2569        0.0004415846580873061
2570        0.0004264446126671695
2571        0.0004567247035074425
2572        0.0005248549078980563
2573        0.00046934140802422245
2574        0.0004504163512490525
2575        0.00044915468079737437
2576        0.0004718647489275791
2577        0.0004630330557658329
2578        0.00045293969215240854
2579        0.0005223315669947005
2580        0.00046429472621751085
2581        0.0004377996467322719
2582        0.00046555639666918854
2583        0.0004655563966691889
2584        0.00046681806712086716
2585        0.00047060307847590134
2586        0.0004870047943477155
2587        0.0004453696694423401
2588        0.0004441079989906619
2589        0.00048826646479939375
2590        0.000437799646732272
2591        0.000529901589704769
2592        0.0004617713853141548
2593        0.0004529396921524086
2594        0.00045798637395912074
2595        0.00047312641937925754
2596        0.00046303305576583315
2597        0.00048700479434771524
2598        0.0004617713853141548
2599        0.0004680797375725449
2600        0.0004087812263436768
2601        0.00045420136260408646
2602        0.0004642947262175112
2603        0.0004844814534443598
2604        0.0004302296240222038
2605        0.00048195811254100375
2606        0.00044536966944234036
2607        0.00045798637395912063
2608        0.0004314912944738814
2609        0.00043906131718395014
2610        0.00047691143073429134
2611        0.0004314912944738818
2612        0.0004113045672470329
2613        0.00046050971486247624
2614        0.0005109765329295988
2615        0.0004870047943477156
2616        0.0004706030784759016
2617        0.0004806964420893258
2618        0.0004554630330557644
2619        0.000493313146606106
2620        0.0004605097148624769
2621        0.0004655563966691893
2622        0.00044536966944234047
2623        0.00043653797628059404
2624        0.0004075195558919989
2625        0.00039868786273025274
2626        0.0004213979308604571
2627        0.00042392127176381345
2628        0.0004062578854403208
2629        0.00040499621498864285
2630        0.00039616452182689665
2631        0.0004125662376987109
2632        0.0004075195558919988
2633        0.0004138279081503889
2634        0.0004466313398940182
2635        0.00041887458995710104
2636        0.0004213979308604572
2637        0.0003961645218268967
2638        0.0004352763058289157
2639        0.0004226596013121352
2640        0.00041382790815038884
2641        0.00041887458995710104
2642        0.0004037345445369648
