1        0.0004478930103456964
2        0.00047691143073429117
3        0.0005387332828665147
4        0.000444107998990662
5        0.0004630330557658326
6        0.0004642947262175111
7        0.0006081251577088057
8        0.0004466313398940182
9        0.0006119101690638403
10        0.0006081251577088064
11        0.0006573303053242502
12        0.0006598536462276058
13        0.0005513499873832949
14        0.00044789301034569646
15        0.00063840524854908
16        0.0006800403734544543
17        0.0006661619984859956
18        0.0004567247035074429
19        0.0005892001009336361
20        0.0005980317940953824
21        0.0006358819076457232
22        0.000582891748675246
23        0.0005387332828665153
24        0.0006093868281604849
25        0.0004806964420893258
26        0.0006182185213222305
27        0.0006421902599041134
28        0.000547564976028261
29        0.0006623769871309618
30        0.0006712086802927084
31        0.0005841534191269245
32        0.0007065354529396932
33        0.0006320968962906894
34        0.00047312641937925743
35        0.0007040121120363372
36        0.000526116578349735
37        0.0005816300782235689
38        0.0006573303053242505
39        0.0007241988392631855
40        0.0005437799646732275
41        0.0005134998738329545
42        0.0005589200100933634
43        0.0006043401463537732
44        0.0005652283623517543
45        0.0006472369417108255
46        0.0004693414080242229
47        0.0006396669190007578
48        0.000632096896290689
49        0.0005109765329295988
50        0.0006775170325510979
51        0.000616956850870553
52        0.0005412566237698716
53        0.0006005551349987387
54        0.0005652283623517543
55        0.000731768861973253
56        0.0005917234418369926
57        0.0005917234418369926
58        0.0005715367146101442
59        0.0004592480444107989
60        0.0006951804188745911
61        0.0006434519303557913
62        0.0006030784759020946
63        0.0007860206913954081
64        0.0005084531920262422
65        0.000601816805450417
66        0.0006005551349987397
67        0.000643451930355791
68        0.000594246782740349
69        0.0005526116578349733
70        0.0005828917486752465
71        0.0005399949533181935
72        0.0005311632601564474
73        0.0004781731011859696
74        0.0005627050214483988
75        0.0005374716124148375
76        0.0005563966691900075
77        0.0006686853393893519
78        0.000565228362351754
79        0.0006510219530658605
80        0.0005778450668685342
81        0.000691395407519556
82        0.000613171839515519
83        0.0007406005551349992
84        0.000569013373706789
85        0.0005652283623517536
86        0.0005500883169316171
87        0.00047060307847590106
88        0.0006396669190007581
89        0.000608125157708807
90        0.0007595256119101695
91        0.0006825637143578098
92        0.000579106737320213
93        0.0006409285894524356
94        0.0007254605097148631
95        0.0005627050214483971
96        0.0007481705778450681
97        0.0004718647489275793
98        0.0005727983850618223
99        0.0005311632601564474
100        0.0006232652031289437
101        0.0005374716124148375
102        0.0006106484986121628
103        0.0005652283623517539
104        0.0006901337370678775
105        0.0005664900328034323
106        0.0004870047943477159
107        0.0006257885440323005
108        0.0006207418622255878
109        0.0006939187484229133
110        0.0006346202371940459
111        0.0004605097148624765
112        0.0004642947262175111
113        0.0005475649760282613
114        0.0006346202371940451
115        0.0005828917486752456
116        0.00046934140802422315
117        0.0006232652031289442
118        0.0006712086802927087
119        0.0006421902599041132
120        0.0005324249306081254
121        0.000516023214736311
122        0.0005702750441584658
123        0.000552611657834974
124        0.0006535452939692156
125        0.0006447136008074698
126        0.0006056018168054511
127        0.0006510219530658598
128        0.0005589200100933637
129        0.0006144335099671971
130        0.0006573303053242496
131        0.0005727983850618221
132        0.0005589200100933635
133        0.0006850870552611656
134        0.0005248549078980568
135        0.0005791067373202125
136        0.0007406005551349991
137        0.0006636386575826409
138        0.0006283118849356556
139        0.0005929851122886707
140        0.0006346202371940456
141        0.0006421902599041138
142        0.0005437799646732271
143        0.0005702750441584664
144        0.000589200100933637
145        0.0005399949533181927
146        0.000566490032803432
147        0.0006283118849356548
148        0.0006535452939692162
149        0.0006484986121625039
150        0.0006194801917739091
151        0.0006787787030027763
152        0.0006876103961645225
153        0.0007595256119101697
154        0.0005412566237698708
155        0.0006459752712591484
156        0.0006964420893262697
157        0.0005614433509967195
158        0.0006888720666162006
159        0.0005639666919000764
160        0.0006472369417108259
161        0.0005841534191269239
162        0.0006585919757759277
163        0.0007708806459752714
164        0.0006611153166792842
165        0.0005690133737067878
166        0.0006686853393893528
167        0.0006409285894524355
168        0.0006913954075195563
169        0.0006497602826141812
170        0.000533686601059803
171        0.0004970981579611402
172        0.000614433509967197
173        0.0005526116578349737
174        0.0005753217259651783
175        0.000686348725712845
176        0.0005261165783497342
177        0.000551349987383295
178        0.0005967701236437048
179        0.0005892001009336373
180        0.0006459752712591474
181        0.0007443855664900335
182        0.0005538733282866509
183        0.000574060055513501
184        0.0006384052485490795
185        0.000566490032803432
186        0.0006421902599041134
187        0.0005664900328034316
188        0.0006320968962906889
189        0.000733030532424931
190        0.0006384052485490792
191        0.0007178904870047952
192        0.0005475649760282609
193        0.0006371435780974015
194        0.0006825637143578104
195        0.0006283118849356548
196        0.0006220035326772653
197        0.0006421902599041135
198        0.0006951804188745906
199        0.0006787787030027759
200        0.0006384052485490797
201        0.0006585919757759279
202        0.0006573303053242502
203        0.0005589200100933638
204        0.000553873328286652
205        0.0006409285894524353
206        0.0006674236689376742
207        0.0006737320211960642
208        0.0006611153166792835
209        0.0006434519303557914
210        0.0005488266464799392
211        0.0005828917486752464
212        0.0005816300782235688
213        0.000740600555134999
214        0.0006863487257128443
215        0.0005664900328034321
216        0.0006384052485490791
217        0.0006585919757759282
218        0.0005677517032551105
219        0.0006169568508705527
220        0.0005727983850618222
221        0.0006018168054504168
222        0.0006283118849356556
223        0.0005879384304819588
224        0.000539994953318194
225        0.0005437799646732276
226        0.00059929346454706
227        0.0005942467827403494
228        0.0005740600555135004
229        0.0007178904870047949
230        0.0005336866010598031
231        0.0006295735553873337
232        0.0006484986121625038
233        0.0006850870552611665
234        0.0006598536462276058
235        0.0005639666919000757
236        0.0006068634872571292
237        0.000648498612162504
238        0.0006005551349987383
239        0.0005854150895786027
240        0.0005412566237698714
241        0.0005324249306081254
242        0.0005664900328034323
243        0.0005929851122886708
244        0.0006358819076457237
245        0.0006371435780974013
246        0.0005664900328034326
247        0.0005816300782235684
248        0.0005715367146101443
249        0.0007103204642947271
250        0.0006649003280343172
251        0.000595508453192026
252        0.0006270502144839768
253        0.0005702750441584658
254        0.0005702750441584666
255        0.0005286399192530912
256        0.000622003532677265
257        0.000633358566742368
258        0.0006207418622255877
259        0.0006106484986121621
260        0.0006497602826141822
261        0.0005349482715114813
262        0.0005526116578349736
263        0.000666161998485996
264        0.000527378248801413
265        0.0006182185213222306
266        0.000649760282614181
267        0.000492051476154428
268        0.0006548069644208937
269        0.0006762553620994202
270        0.0006535452939692157
271        0.0006548069644208939
272        0.0006661619984859963
273        0.0007103204642947272
274        0.0007267221801665408
275        0.0006320968962906891
276        0.0005980317940953828
277        0.0005715367146101439
278        0.0005740600555134995
279        0.0006977037597779467
280        0.0006939187484229126
281        0.0008175624526873582
282        0.0006813020439061316
283        0.0006333585667423672
284        0.0005753217259651788
285        0.0005614433509967202
286        0.0006674236689376741
287        0.0005690133737067882
288        0.0006081251577088069
289        0.0005475649760282613
290        0.000557658339641686
291        0.0005828917486752468
292        0.0005576583396416859
293        0.0006207418622255865
294        0.0006674236689376738
295        0.0006144335099671969
296        0.0006257885440322995
297        0.0005450416351249053
298        0.0006434519303557916
299        0.0005349482715114809
300        0.0006699470098410298
301        0.0007027504415846586
302        0.0007065354529396925
303        0.0005942467827403492
304        0.0007481705778450675
305        0.0007166288165531174
306        0.0005576583396416855
307        0.0005374716124148369
308        0.0005513499873832958
309        0.0005904617713853146
310        0.0005526116578349732
311        0.0005273782488014126
312        0.0005563966691900076
313        0.0005967701236437046
314        0.0005727983850618222
315        0.0005235932374463788
316        0.0005614433509967199
317        0.0006333585667423677
318        0.0006522836235175374
319        0.0005299015897047689
320        0.0005791067373202115
321        0.0005904617713853144
322        0.0006522836235175377
323        0.0004958364875094626
324        0.0007443855664900333
325        0.0006484986121625033
326        0.000610648498612163
327        0.000664900328034318
328        0.0006775170325510984
329        0.0006674236689376742
330        0.0005866767600302803
331        0.0005816300782235683
332        0.0006308352258390112
333        0.0006283118849356557
334        0.0006169568508705537
335        0.0006220035326772655
336        0.0006144335099671972
337        0.0005614433509967193
338        0.0007204138279081514
339        0.0006863487257128447
340        0.0006813020439061328
341        0.0007027504415846594
342        0.0005261165783497349
343        0.0004605097148624769
344        0.000596770123643705
345        0.0007166288165531175
346        0.0005727983850618226
347        0.0005412566237698709
348        0.0004478930103456961
349        0.00044663133989401806
350        0.0005854150895786026
351        0.0007658339641685595
352        0.000600555134998739
353        0.0005955084531920268
354        0.0006459752712591481
355        0.0005273782488014127
356        0.0005248549078980571
357        0.00047312641937925716
358        0.0007708806459752716
359        0.0006081251577088066
360        0.000773403986878628
361        0.0006409285894524356
362        0.0005702750441584662
363        0.0006699470098410304
364        0.0006093868281604843
365        0.0006674236689376742
366        0.0004769114307342915
367        0.0007166288165531168
368        0.000633358566742367
369        0.00047060307847590106
370        0.0005664900328034321
371        0.0005664900328034316
372        0.0007292455210698967
373        0.0005715367146101442
374        0.0006712086802927078
375        0.0006510219530658594
376        0.0007443855664900336
377        0.0006081251577088075
378        0.0005639666919000758
379        0.000601816805450417
380        0.000577845066868535
381        0.0006131718395155192
382        0.00045546303305576453
383        0.000541256623769872
384        0.0005450416351249053
385        0.0006472369417108258
386        0.0005551349987383298
387        0.0005425182942215491
388        0.000634620237194045
389        0.0006510219530658594
390        0.0005362099419631588
391        0.0006813020439061323
392        0.0006194801917739084
393        0.000614433509967197
394        0.000567751703255111
395        0.0005399949533181931
396        0.0005589200100933637
397        0.0005513499873832957
398        0.00047060307847590134
399        0.0006283118849356542
400        0.0005727983850618229
401        0.0005223315669947005
402        0.0005614433509967205
403        0.0006649003280343172
404        0.0005652283623517542
405        0.0006939187484229132
406        0.0006421902599041137
407        0.0006182185213222319
408        0.0005412566237698714
409        0.0005753217259651781
410        0.0005904617713853145
411        0.0006346202371940461
412        0.0005929851122886701
413        0.0005841534191269239
414        0.0006396669190007572
415        0.00056775170325511
416        0.00056775170325511
417        0.0004895281352510718
418        0.0006724703507443861
419        0.0006850870552611664
420        0.0005437799646732275
421        0.0005639666919000757
422        0.0006497602826141812
423        0.0005778450668685332
424        0.0006194801917739088
425        0.0006522836235175373
426        0.000571536714610144
427        0.0005715367146101437
428        0.000627050214483977
429        0.0006093868281604852
430        0.0005589200100933642
431        0.0004352763058289156
432        0.0005765833964168565
433        0.0005526116578349735
434        0.0005816300782235685
435        0.0006876103961645224
436        0.0005374716124148377
437        0.000547564976028261
438        0.0005576583396416859
439        0.0005235932374463788
440        0.0005627050214483981
441        0.0005727983850618217
442        0.0006119101690638411
443        0.0005601816805450413
444        0.0004516780217007302
445        0.0005261165783497345
446        0.0005702750441584658
447        0.0006472369417108258
448        0.0005450416351249047
449        0.000524854907898057
450        0.0005374716124148377
451        0.0005248549078980567
452        0.0006320968962906892
453        0.0005917234418369926
454        0.0005425182942215491
455        0.0005349482715114812
456        0.0005753217259651784
457        0.0006257885440322989
458        0.0006194801917739089
459        0.00046429472621751096
460        0.0005399949533181936
461        0.0005399949533181931
462        0.0005892001009336366
463        0.0006283118849356555
464        0.0006674236689376736
465        0.000566490032803432
466        0.0005753217259651784
467        0.0005980317940953827
468        0.0005892001009336367
469        0.0007014887711329811
470        0.0006472369417108263
471        0.0006573303053242493
472        0.0005791067373202124
473        0.000542518294221549
474        0.0005614433509967199
475        0.0005412566237698712
476        0.0005336866010598025
477        0.0006005551349987387
478        0.0006371435780974017
479        0.0005500883169316174
480        0.000611910169063841
481        0.0005362099419631589
482        0.000556396669190007
483        0.0007368155437799649
484        0.0005614433509967205
485        0.0005261165783497345
486        0.0005664900328034332
487        0.0005349482715114812
488        0.000532424930608125
489        0.0005589200100933635
490        0.0006283118849356549
491        0.0005816300782235683
492        0.0006295735553873335
493        0.0005589200100933639
494        0.0005526116578349738
495        0.0007292455210698969
496        0.0005589200100933635
497        0.0006674236689376736
498        0.0005286399192530906
499        0.000536209941963159
500        0.0005677517032551101
501        0.0005892001009336367
502        0.0006043401463537728
503        0.0006081251577088066
504        0.0006106484986121626
505        0.0005261165783497347
506        0.0005526116578349744
507        0.0005791067373202125
508        0.0005374716124148378
509        0.00047943477163764754
510        0.0005803684077718901
511        0.0007229371688115065
512        0.0005526116578349742
513        0.0005488266464799391
514        0.0005526116578349735
515        0.0005753217259651779
516        0.0005765833964168562
517        0.0007330305324249305
518        0.0006005551349987389
519        0.0005955084531920272
520        0.0007065354529396932
521        0.0006649003280343185
522        0.0006964420893262687
523        0.00045420136260408657
524        0.0006522836235175379
525        0.0006030784759020947
526        0.0004743880898309353
527        0.0005816300782235683
528        0.00044915468079737426
529        0.0005450416351249061
530        0.000595508453192027
531        0.00048321978299268134
532        0.0006156951804188759
533        0.0005551349987383287
534        0.0005690133737067879
535        0.0006283118849356555
536        0.0006421902599041136
537        0.0006939187484229119
538        0.0006888720666161997
539        0.0006724703507443861
540        0.0006585919757759282
541        0.0006598536462276059
542        0.0005311632601564469
543        0.0005563966691900077
544        0.000527378248801413
545        0.0006169568508705525
546        0.0006320968962906893
547        0.0005488266464799395
548        0.0005942467827403484
549        0.000623265203128943
550        0.0006447136008074702
551        0.0005563966691900075
552        0.0006661619984859956
553        0.0005690133737067878
554        0.0006409285894524352
555        0.0006106484986121629
556        0.0006535452939692156
557        0.0005223315669947005
558        0.0005526116578349733
559        0.0006611153166792836
560        0.0006156951804188746
561        0.0005955084531920262
562        0.0006434519303557915
563        0.0005008831693161744
564        0.0005803684077718907
565        0.0007040121120363375
566        0.0005702750441584662
567        0.0007292455210698972
568        0.0006106484986121626
569        0.0005702750441584658
570        0.0006245268735806216
571        0.0005942467827403478
572        0.0005652283623517538
573        0.000560181680545042
574        0.0006295735553873332
575        0.0005500883169316174
576        0.0005071915215745637
577        0.0006699470098410301
578        0.0005942467827403485
579        0.0005500883169316175
580        0.0005980317940953826
581        0.0005879384304819587
582        0.0007557406005551359
583        0.0006447136008074694
584        0.0005500883169316179
585        0.0006472369417108256
586        0.0005677517032551105
587        0.000622003532677265
588        0.000603078475902095
589        0.0006093868281604849
590        0.0005929851122886704
591        0.0007595256119101695
592        0.0006434519303557913
593        0.0005488266464799398
594        0.0006257885440322995
595        0.0006119101690638415
596        0.0005627050214483981
597        0.0005500883169316179
598        0.0005513499873832953
599        0.0006611153166792841
600        0.0005980317940953827
601        0.0005955084531920265
602        0.0005475649760282615
603        0.0005740600555135004
604        0.0006573303053242494
605        0.0005526116578349738
606        0.0007582639414584915
607        0.0006207418622255871
608        0.0007178904870047945
609        0.0005778450668685344
610        0.0006825637143578108
611        0.00053620994196316
612        0.0005160232147363104
613        0.0005425182942215492
614        0.0006283118849356549
615        0.0005198082260913452
616        0.000476911430734292
617        0.0006194801917739088
618        0.0005563966691900083
619        0.0005463033055765839
620        0.0006737320211960646
621        0.0005387332828665152
622        0.0006156951804188747
623        0.0005841534191269238
624        0.0006371435780974014
625        0.0005412566237698715
626        0.0007342922028766091
627        0.0005576583396416857
628        0.000531163260156447
629        0.0007342922028766091
630        0.0005513499873832953
631        0.0005715367146101443
632        0.00048195811254100375
633        0.0006068634872571287
634        0.0005563966691900077
635        0.0006270502144839769
636        0.0005538733282866517
637        0.0005311632601564471
638        0.000608125157708807
639        0.0007002271006813029
640        0.0006081251577088075
641        0.0006712086802927081
642        0.0005538733282866515
643        0.0005513499873832953
644        0.0006068634872571289
645        0.0007077971233913703
646        0.0005387332828665155
647        0.0005992934645470608
648        0.0006964420893262693
649        0.0005475649760282616
650        0.0007027504415846587
651        0.0005614433509967202
652        0.0006169568508705532
653        0.0005753217259651785
654        0.0005210698965430229
655        0.0005677517032551097
656        0.0005437799646732279
657        0.0006106484986121634
658        0.0005614433509967194
659        0.0005488266464799384
660        0.0006169568508705536
661        0.0006712086802927082
662        0.0005399949533181934
663        0.0005437799646732272
664        0.0006030784759020948
665        0.00046807973757254524
666        0.0005324249306081252
667        0.0006585919757759274
668        0.0006977037597779463
669        0.0005324249306081248
670        0.0006497602826141816
671        0.0005160232147363105
672        0.0005223315669947004
673        0.0005727983850618223
674        0.0005160232147363104
675        0.0005425182942215494
676        0.0005185465556396666
677        0.0005223315669947007
678        0.0004806964420893258
679        0.0006699470098410304
680        0.0007834973504920523
681        0.0005639666919000765
682        0.0006548069644208933
683        0.0006560686348725722
684        0.0004958364875094622
685        0.0007229371688115067
686        0.000565228362351754
687        0.0005336866010598035
688        0.0005753217259651789
689        0.0005677517032551094
690        0.0007456472369417114
691        0.0006220035326772647
692        0.0005273782488014126
693        0.0006459752712591479
694        0.000531163260156447
695        0.0005526116578349732
696        0.000546303305576584
697        0.00044915468079737415
698        0.0005563966691900071
699        0.0005664900328034316
700        0.0005488266464799395
701        0.0005652283623517536
702        0.0006888720666161997
703        0.0005652283623517546
704        0.0006939187484229125
705        0.0005538733282866516
706        0.0006333585667423671
707        0.0007052737824880147
708        0.0005437799646732275
709        0.0005753217259651777
710        0.0005172848851879881
711        0.0006156951804188751
712        0.0007166288165531172
713        0.0005778450668685343
714        0.0005235932374463787
715        0.000531163260156447
716        0.0006674236689376742
717        0.00064471360080747
718        0.0005273782488014129
719        0.0005538733282866513
720        0.0006320968962906902
721        0.0005437799646732274
722        0.0005727983850618221
723        0.0005526116578349737
724        0.0006686853393893518
725        0.0006056018168054514
726        0.000632096896290689
727        0.0005513499873832956
728        0.000522331566994701
729        0.0006447136008074693
730        0.0005778450668685343
731        0.0006510219530658597
732        0.0005791067373202122
733        0.0006156951804188749
734        0.0007040121120363364
735        0.0006535452939692157
736        0.0006270502144839769
737        0.0005992934645470612
738        0.00066994700984103
739        0.0005551349987383298
740        0.0005639666919000757
741        0.0005854150895786016
742        0.0006560686348725711
743        0.0005803684077718901
744        0.0005273782488014129
745        0.000528639919253091
746        0.0005425182942215492
747        0.0005513499873832957
748        0.0006245268735806205
749        0.0006068634872571288
750        0.0005235932374463787
751        0.0005185465556396665
752        0.0005740600555135006
753        0.0005740600555135
754        0.0005753217259651781
755        0.0005387332828665155
756        0.00066363865758264
757        0.0006043401463537728
758        0.0006220035326772647
759        0.0005740600555135001
760        0.0006358819076457236
761        0.0005551349987383301
762        0.0006005551349987383
763        0.0004857431238960378
764        0.0006043401463537717
765        0.0005664900328034316
766        0.0005387332828665152
767        0.0006194801917739089
768        0.0005652283623517539
769        0.0006320968962906901
770        0.0005261165783497353
771        0.00056775170325511
772        0.0005601816805450415
773        0.000666161998485996
774        0.0005778450668685346
775        0.000582891748675246
776        0.0005639666919000758
777        0.0005576583396416857
778        0.0006207418622255867
779        0.0005488266464799392
780        0.000560181680545042
781        0.0007506939187484237
782        0.0007494322482967459
783        0.0006270502144839775
784        0.0005311632601564475
785        0.0006459752712591479
786        0.0005702750441584658
787        0.0005652283623517546
788        0.0007532172596517794
789        0.0005892001009336367
790        0.0006560686348725722
791        0.0005589200100933638
792        0.0005538733282866515
793        0.000652283623517537
794        0.0005627050214483984
795        0.0006737320211960647
796        0.0005500883169316174
797        0.0005816300782235676
798        0.0005349482715114815
799        0.0005614433509967199
800        0.000474388089830935
801        0.0005866767600302807
802        0.0005450416351249059
803        0.0005538733282866514
804        0.000704012112036336
805        0.0005551349987383294
806        0.0007494322482967451
807        0.0005526116578349742
808        0.0005500883169316177
809        0.0005677517032551095
810        0.0005929851122886698
811        0.000570275044158466
812        0.0005715367146101442
813        0.0005828917486752464
814        0.0006030784759020945
815        0.000760787282361848
816        0.0006611153166792836
817        0.0006901337370678785
818        0.0005538733282866516
819        0.0005967701236437049
820        0.000590461771385315
821        0.0005929851122886708
822        0.0005980317940953829
823        0.0005627050214483978
824        0.0005551349987383293
825        0.0006825637143578101
826        0.0005652283623517539
827        0.0005690133737067888
828        0.0007077971233913704
829        0.0005980317940953829
830        0.0005702750441584658
831        0.0005980317940953828
832        0.0006737320211960638
833        0.000558920010093364
834        0.0006548069644208942
835        0.0005500883169316177
836        0.0006308352258390113
837        0.0005677517032551093
838        0.0005475649760282614
839        0.0007431238960383552
840        0.0007582639414584914
841        0.000654806964420894
842        0.0005627050214483985
843        0.0007658339641685603
844        0.0005425182942215495
845        0.0006876103961645223
846        0.0006194801917739087
847        0.0005702750441584666
848        0.000579106737320212
849        0.0005879384304819581
850        0.0005362099419631589
851        0.0006030784759020944
852        0.0005526116578349739
853        0.0005765833964168565
854        0.0007998990663638664
855        0.0006951804188745896
856        0.000614433509967197
857        0.0004466313398940181
858        0.0005563966691900069
859        0.0005463033055765842
860        0.0005727983850618217
861        0.0005702750441584655
862        0.0006156951804188748
863        0.000577845066868534
864        0.0006245268735806213
865        0.000744385566490034
866        0.000664900328034319
867        0.000635881907645723
868        0.0006018168054504169
869        0.0007279838506182188
870        0.0005803684077718905
871        0.000556396669190008
872        0.0005740600555135004
873        0.0005513499873832947
874        0.0007418622255866764
875        0.0005122382033812763
876        0.0006346202371940453
877        0.0005854150895786021
878        0.0005362099419631589
879        0.0006850870552611668
880        0.0007103204642947269
881        0.0005727983850618223
882        0.0005437799646732279
883        0.0006207418622255878
884        0.0006497602826141817
885        0.0005664900328034319
886        0.0005513499873832956
887        0.0006649003280343185
888        0.0005349482715114807
889        0.0005336866010598029
890        0.0005425182942215495
891        0.0007784506686853401
892        0.0006813020439061326
893        0.0005664900328034324
894        0.0004415846580873061
895        0.0007847590209437297
896        0.0006043401463537738
897        0.0005980317940953827
898        0.000683825384809488
899        0.0007557406005551353
900        0.0005134998738329547
901        0.0007557406005551361
902        0.0005551349987383295
903        0.0007178904870047946
904        0.0005450416351249055
905        0.000711582134746405
906        0.0006421902599041133
907        0.0005639666919000759
908        0.0005727983850618221
909        0.0007279838506182193
910        0.0005399949533181932
911        0.0007406005551349998
912        0.0005967701236437044
913        0.0006838253848094883
914        0.000720413827908151
915        0.0005475649760282617
916        0.0005715367146101444
917        0.0005816300782235684
918        0.0005904617713853146
919        0.0006182185213222311
920        0.0005727983850618228
921        0.0006056018168054512
922        0.0006106484986121633
923        0.0005601816805450421
924        0.0005803684077718904
925        0.0006699470098410294
926        0.0006056018168054511
927        0.0005841534191269256
928        0.0005437799646732266
929        0.0006421902599041133
930        0.0007494322482967459
931        0.0005551349987383297
932        0.000700227100681302
933        0.0006535452939692158
934        0.0005589200100933638
935        0.0005639666919000758
936        0.000575321725965178
937        0.0005942467827403485
938        0.0005677517032551106
939        0.0005816300782235681
940        0.0006964420893262686
941        0.0005702750441584659
942        0.0005702750441584666
943        0.0005488266464799399
944        0.000569013373706788
945        0.0006661619984859951
946        0.0005349482715114815
947        0.0005765833964168566
948        0.000575321725965178
949        0.0005664900328034323
950        0.0005677517032551103
951        0.0006787787030027763
952        0.0005791067373202124
953        0.0005172848851879882
954        0.0005349482715114812
955        0.0005892001009336362
956        0.0005235932374463782
957        0.0005967701236437039
958        0.000526116578349735
959        0.000541256623769871
960        0.0006257885440322992
961        0.0007418622255866771
962        0.0006320968962906888
963        0.0006699470098410298
964        0.000526116578349735
965        0.0005071915215745644
966        0.0005816300782235681
967        0.0005500883169316178
968        0.0005463033055765835
969        0.0005690133737067882
970        0.0005563966691900069
971        0.0005412566237698712
972        0.000585415089578602
973        0.0005664900328034317
974        0.0005500883169316178
975        0.0006131718395155194
976        0.0007229371688115072
977        0.0005740600555135003
978        0.000557658339641686
979        0.0006548069644208936
980        0.0004655563966691888
981        0.0006371435780974015
982        0.0005765833964168564
983        0.0007797123391370189
984        0.0006977037597779461
985        0.0006308352258390112
986        0.0005967701236437047
987        0.0007065354529396929
988        0.0005664900328034317
989        0.0005387332828665156
990        0.0006005551349987389
991        0.000637143578097401
992        0.0006119101690638404
993        0.0007267221801665408
994        0.0006548069644208932
995        0.0006749936916477429
996        0.0005879384304819584
997        0.0005955084531920272
998        0.0005198082260913444
999        0.0005627050214483978
1000        0.0005362099419631593
1001        0.0006585919757759279
1002        0.0005753217259651781
1003        0.0005702750441584659
1004        0.0005879384304819588
1005        0.0006863487257128439
1006        0.0005324249306081247
1007        0.0007014887711329805
1008        0.000662376987130962
1009        0.000763310623265204
1010        0.0005362099419631589
1011        0.0005816300782235688
1012        0.0005475649760282614
1013        0.0005601816805450417
1014        0.0005879384304819594
1015        0.0006144335099671961
1016        0.0006447136008074696
1017        0.000628311884935655
1018        0.0004706030784759012
1019        0.0006106484986121633
1020        0.0007734039868786278
1021        0.0006762553620994195
1022        0.0006245268735806212
1023        0.0006712086802927079
1024        0.0007115821347464051
1025        0.0006333585667423677
1026        0.0005765833964168561
1027        0.0006560686348725711
1028        0.0007229371688115071
1029        0.0006182185213222312
1030        0.0005753217259651777
1031        0.0005513499873832958
1032        0.0006081251577088069
1033        0.000587938430481959
1034        0.0006005551349987387
1035        0.0005362099419631587
1036        0.0005967701236437057
1037        0.0005551349987383298
1038        0.0005589200100933642
1039        0.0005399949533181932
1040        0.0005526116578349736
1041        0.0005286399192530913
1042        0.0005513499873832949
1043        0.0006081251577088069
1044        0.0006030784759020948
1045        0.0006951804188745905
1046        0.0006169568508705534
1047        0.0005828917486752461
1048        0.0005664900328034322
1049        0.0007065354529396929
1050        0.0006056018168054518
1051        0.0005488266464799391
1052        0.000548826646479939
1053        0.0005639666919000757
1054        0.0005349482715114812
1055        0.0005753217259651785
1056        0.0005639666919000758
1057        0.0006447136008074697
1058        0.0005803684077718905
1059        0.00045798637395912085
1060        0.0005601816805450417
1061        0.0006838253848094886
1062        0.0007254605097148627
1063        0.0006724703507443864
1064        0.0005437799646732275
1065        0.0005917234418369932
1066        0.0005576583396416854
1067        0.0005589200100933644
1068        0.0006156951804188753
1069        0.0006156951804188751
1070        0.0007494322482967456
1071        0.0006384052485490792
1072        0.0005437799646732276
1073        0.0005362099419631592
1074        0.0006030784759020949
1075        0.0005576583396416855
1076        0.0006068634872571289
1077        0.0005248549078980571
1078        0.0005134998738329547
1079        0.000754478930103458
1080        0.0005538733282866517
1081        0.00063840524854908
1082        0.000537471612414837
1083        0.0006737320211960637
1084        0.0005437799646732269
1085        0.0006005551349987382
1086        0.0005702750441584662
1087        0.0006813020439061324
1088        0.0005311632601564469
1089        0.0005980317940953829
1090        0.0006636386575826398
1091        0.0005399949533181935
1092        0.0005589200100933637
1093        0.0005399949533181935
1094        0.0006661619984859959
1095        0.00066363865758264
1096        0.0005324249306081247
1097        0.0006863487257128446
1098        0.0006472369417108261
1099        0.0006623769871309615
1100        0.000556396669190008
1101        0.000681302043906132
1102        0.0005690133737067887
1103        0.0005727983850618222
1104        0.0006005551349987391
1105        0.0005614433509967199
1106        0.0006056018168054507
1107        0.0005791067373202127
1108        0.0005399949533181933
1109        0.0007544789301034574
1110        0.0005753217259651779
1111        0.0006257885440322996
1112        0.0007115821347464045
1113        0.0006863487257128439
1114        0.0006018168054504171
1115        0.0006977037597779459
1116        0.0005816300782235687
1117        0.0005071915215745644
1118        0.0005866767600302808
1119        0.0005803684077718898
1120        0.0005639666919000756
1121        0.0005463033055765831
1122        0.0005639666919000761
1123        0.0006043401463537729
1124        0.0005942467827403479
1125        0.0005715367146101443
1126        0.0005627050214483978
1127        0.0005425182942215495
1128        0.0006295735553873336
1129        0.0005437799646732274
1130        0.0005664900328034323
1131        0.0007645722937168827
1132        0.0006371435780974018
1133        0.0005816300782235683
1134        0.0007204138279081508
1135        0.0007734039868786281
1136        0.0005854150895786032
1137        0.0006459752712591473
1138        0.0005425182942215489
1139        0.0006081251577088074
1140        0.000673732021196064
1141        0.0005299015897047687
1142        0.000715367146101439
1143        0.0006384052485490795
1144        0.0006560686348725717
1145        0.0006434519303557918
1146        0.0004630330557658329
1147        0.0006043401463537735
1148        0.0007241988392631856
1149        0.0007809740095886959
1150        0.0005538733282866515
1151        0.0006724703507443864
1152        0.0006977037597779464
1153        0.000648498612162504
1154        0.0007141054756497606
1155        0.0006926570779712346
1156        0.0006863487257128441
1157        0.0006775170325510984
1158        0.0005399949533181938
1159        0.0005425182942215495
1160        0.0006068634872571285
1161        0.0006510219530658601
1162        0.0005955084531920268
1163        0.0005892001009336371
1164        0.0006674236689376734
1165        0.0005778450668685346
1166        0.0006245268735806217
1167        0.0006245268735806211
1168        0.0005955084531920269
1169        0.0006712086802927083
1170        0.0005778450668685343
1171        0.0007065354529396932
1172        0.0005362099419631589
1173        0.0005563966691900072
1174        0.0006081251577088067
1175        0.0005866767600302807
1176        0.0007040121120363377
1177        0.0005412566237698711
1178        0.0006913954075195561
1179        0.0007986373959121888
1180        0.0005526116578349737
1181        0.0005866767600302808
1182        0.000774665657330306
1183        0.00061948019177391
1184        0.0005601816805450423
1185        0.0005286399192530909
1186        0.0006257885440322994
1187        0.0006573303053242497
1188        0.0005362099419631594
1189        0.0006712086802927074
1190        0.0005248549078980571
1191        0.0005488266464799395
1192        0.0005475649760282616
1193        0.0006018168054504167
1194        0.0005172848851879884
1195        0.0005929851122886715
1196        0.0005248549078980568
1197        0.0006749936916477425
1198        0.0006409285894524356
1199        0.0005980317940953827
1200        0.0005967701236437052
1201        0.000556396669190008
1202        0.0006030784759020952
1203        0.0006308352258390115
1204        0.0006447136008074688
1205        0.0006472369417108258
1206        0.0007784506686853401
1207        0.0007431238960383559
1208        0.0005248549078980575
1209        0.0006585919757759279
1210        0.0005929851122886708
1211        0.0005955084531920268
1212        0.0005828917486752469
1213        0.0005702750441584668
1214        0.0005765833964168566
1215        0.0005261165783497346
1216        0.0006472369417108253
1217        0.0005059298511228868
1218        0.0006295735553873335
1219        0.0007885440322987646
1220        0.0006749936916477416
1221        0.0005967701236437049
1222        0.0004945748170577842
1223        0.0005677517032551103
1224        0.0006169568508705536
1225        0.0007734039868786277
1226        0.0006762553620994202
1227        0.0005841534191269244
1228        0.0006333585667423672
1229        0.0007570022710068141
1230        0.000702750441584658
1231        0.0005551349987383295
1232        0.0005374716124148375
1233        0.0006712086802927083
1234        0.000738077214231644
1235        0.0006018168054504177
1236        0.0006447136008074698
1237        0.0007065354529396925
1238        0.0005349482715114813
1239        0.0005904617713853144
1240        0.0005664900328034319
1241        0.0008301791572041394
1242        0.0005803684077718901
1243        0.0005374716124148371
1244        0.0005765833964168558
1245        0.0005500883169316175
1246        0.0005500883169316167
1247        0.0005261165783497346
1248        0.0006308352258390111
1249        0.0006295735553873335
1250        0.0005639666919000757
1251        0.0007633106232652036
1252        0.0005286399192530912
1253        0.0007683573050719161
1254        0.000664900328034318
1255        0.0006636386575826397
1256        0.0006459752712591487
1257        0.0005513499873832962
1258        0.0005753217259651783
1259        0.0005601816805450422
1260        0.0005690133737067876
1261        0.0006283118849356555
1262        0.0005399949533181932
1263        0.0005399949533181932
1264        0.000562705021448398
1265        0.0005778450668685336
1266        0.0005601816805450417
1267        0.0005488266464799395
1268        0.0007077971233913703
1269        0.0005942467827403485
1270        0.0007216754983598286
1271        0.0006447136008074695
1272        0.0006623769871309618
1273        0.0005500883169316174
1274        0.000545041635124906
1275        0.0005311632601564471
1276        0.0005500883169316174
1277        0.0005967701236437047
1278        0.0006232652031289428
1279        0.0006535452939692151
1280        0.0005879384304819584
1281        0.0007885440322987646
1282        0.0005955084531920269
1283        0.0008024224072672223
1284        0.0006939187484229131
1285        0.0005463033055765831
1286        0.0005690133737067877
1287        0.0006106484986121635
1288        0.0005967701236437044
1289        0.000767095634620238
1290        0.0005500883169316169
1291        0.0005892001009336371
1292        0.00056775170325511
1293        0.0006447136008074697
1294        0.000632096896290689
1295        0.0005463033055765832
1296        0.000542518294221549
1297        0.0007115821347464053
1298        0.0005791067373202124
1299        0.000580368407771891
1300        0.0005172848851879885
1301        0.0006699470098410301
1302        0.0007998990663638665
1303        0.0005437799646732274
1304        0.0005563966691900082
1305        0.0005475649760282622
1306        0.0006939187484229122
1307        0.0006156951804188747
1308        0.000611910169063841
1309        0.0006093868281604852
1310        0.0006283118849356548
1311        0.00066363865758264
1312        0.0006270502144839772
1313        0.0007406005551349997
1314        0.0005727983850618222
1315        0.0007860206913954088
1316        0.00047817310118596947
1317        0.0005652283623517539
1318        0.0006232652031289435
1319        0.0005942467827403484
1320        0.0006358819076457234
1321        0.0005778450668685347
1322        0.0005753217259651784
1323        0.0005450416351249054
1324        0.0005715367146101444
1325        0.0005526116578349737
1326        0.0005336866010598024
1327        0.0005235932374463788
1328        0.0005450416351249055
1329        0.0005942467827403488
1330        0.0005551349987383298
1331        0.0006762553620994205
1332        0.0006434519303557919
1333        0.0005753217259651784
1334        0.0005134998738329539
1335        0.0005349482715114809
1336        0.0005362099419631592
1337        0.000614433509967197
1338        0.0005753217259651784
1339        0.0005223315669947008
1340        0.0006749936916477419
1341        0.0005955084531920266
1342        0.0006131718395155185
1343        0.0005702750441584654
1344        0.0006194801917739093
1345        0.0005576583396416857
1346        0.0007115821347464047
1347        0.0005803684077718904
1348        0.0005122382033812762
1349        0.0007027504415846594
1350        0.0007342922028766082
1351        0.0005538733282866514
1352        0.0005828917486752464
1353        0.0005248549078980571
1354        0.0005463033055765832
1355        0.0006850870552611667
1356        0.000709058793843049
1357        0.0006548069644208947
1358        0.0008011607368155445
1359        0.0005664900328034321
1360        0.0007847590209437295
1361        0.000608125157708807
1362        0.0005008831693161742
1363        0.0007292455210698968
1364        0.0005488266464799395
1365        0.0005677517032551094
1366        0.0005601816805450416
1367        0.0005538733282866521
1368        0.0006951804188745916
1369        0.0005917234418369926
1370        0.0005526116578349735
1371        0.0006964420893262687
1372        0.000522331566994701
1373        0.0005791067373202121
1374        0.0006220035326772651
1375        0.0005639666919000764
1376        0.0005488266464799395
1377        0.0006194801917739095
1378        0.0005627050214483974
1379        0.0007002271006813029
1380        0.0006598536462276063
1381        0.0005412566237698715
1382        0.0006699470098410308
1383        0.000600555134998739
1384        0.0005134998738329547
1385        0.0006220035326772656
1386        0.0006270502144839767
1387        0.0005576583396416854
1388        0.0005740600555135002
1389        0.0006459752712591477
1390        0.000673732021196064
1391        0.0005210698965430229
1392        0.0005601816805450415
1393        0.0005753217259651784
1394        0.0006762553620994201
1395        0.000499621498864496
1396        0.0005904617713853147
1397        0.0005488266464799391
1398        0.0005538733282866521
1399        0.0006194801917739096
1400        0.0006409285894524355
1401        0.0005589200100933637
1402        0.0005399949533181932
1403        0.0005677517032551093
1404        0.0005652283623517545
1405        0.0005563966691900083
1406        0.0007204138279081507
1407        0.0006888720666162003
1408        0.0005526116578349732
1409        0.0005399949533181937
1410        0.0006371435780974014
1411        0.0005526116578349732
1412        0.0006106484986121629
1413        0.0005362099419631592
1414        0.0005500883169316179
1415        0.0006876103961645223
1416        0.0006396669190007579
1417        0.0005917234418369921
1418        0.000668685339389352
1419        0.0005879384304819585
1420        0.0005727983850618223
1421        0.0006787787030027761
1422        0.00045420136260408657
1423        0.0005349482715114813
1424        0.0005563966691900076
1425        0.0005791067373202124
1426        0.0005500883169316174
1427        0.0006459752712591479
1428        0.0007115821347464047
1429        0.0006030784759020951
1430        0.0007090587938430495
1431        0.0006573303053242506
1432        0.000744385566490034
1433        0.0005109765329295986
1434        0.0005425182942215495
1435        0.0006977037597779463
1436        0.00046429472621751074
1437        0.0005299015897047694
1438        0.0005463033055765837
1439        0.0005526116578349744
1440        0.0006106484986121623
1441        0.0006068634872571293
1442        0.0005904617713853145
1443        0.0005866767600302805
1444        0.0005866767600302807
1445        0.0005740600555135001
1446        0.0006472369417108261
1447        0.0005450416351249049
1448        0.000716628816553117
1449        0.0005551349987383299
1450        0.0005627050214483984
1451        0.0006686853393893515
1452        0.0005740600555135006
1453        0.0005677517032551104
1454        0.0006056018168054517
1455        0.0005892001009336373
1456        0.0006661619984859959
1457        0.0005828917486752465
1458        0.0006888720666162003
1459        0.0006813020439061324
1460        0.0006144335099671971
1461        0.0005134998738329547
1462        0.0005248549078980566
1463        0.0005639666919000755
1464        0.0005475649760282615
1465        0.0006850870552611667
1466        0.0005425182942215494
1467        0.0006043401463537734
1468        0.000562705021448398
1469        0.0005614433509967203
1470        0.0007052737824880145
1471        0.0006712086802927091
1472        0.0005387332828665156
1473        0.0005500883169316174
1474        0.0005387332828665153
1475        0.000623265203128943
1476        0.0006636386575826402
1477        0.0005929851122886703
1478        0.0005513499873832955
1479        0.0005601816805450422
1480        0.0005488266464799397
1481        0.0005526116578349737
1482        0.0006156951804188753
1483        0.0006270502144839772
1484        0.00043527630582891553
1485        0.0005639666919000767
1486        0.0005841534191269243
1487        0.0006926570779712342
1488        0.0005652283623517535
1489        0.0006018168054504166
1490        0.0005690133737067876
1491        0.0005299015897047691
1492        0.0005715367146101447
1493        0.0006573303053242505
1494        0.0005551349987383295
1495        0.0005563966691900079
1496        0.0006283118849356555
1497        0.0005652283623517534
1498        0.0006043401463537732
1499        0.0006497602826141822
1500        0.0005929851122886704
1501        0.0005463033055765832
1502        0.000557658339641686
1503        0.0005437799646732271
1504        0.0005538733282866516
1505        0.0005980317940953821
1506        0.0005639666919000755
1507        0.0005967701236437052
1508        0.0006169568508705525
1509        0.0005589200100933643
1510        0.0005500883169316175
1511        0.0006825637143578101
1512        0.0006207418622255877
1513        0.0006939187484229129
1514        0.0005488266464799399
1515        0.0006674236689376739
1516        0.0005374716124148377
1517        0.0005412566237698706
1518        0.0006573303053242495
1519        0.0005791067373202122
1520        0.0006447136008074704
1521        0.0005942467827403483
1522        0.0005740600555135006
1523        0.0005172848851879887
1524        0.0005803684077718908
1525        0.0007607872823618475
1526        0.0006283118849356557
1527        0.0005740600555135003
1528        0.0005614433509967203
1529        0.0005374716124148364
1530        0.0006623769871309624
1531        0.0005904617713853146
1532        0.000577845066868534
1533        0.0006308352258390113
1534        0.0005425182942215497
1535        0.0006207418622255869
1536        0.0006232652031289434
1537        0.0007103204642947264
1538        0.00046934140802422337
1539        0.0006585919757759279
1540        0.0007241988392631847
1541        0.0005791067373202126
1542        0.0007620489528135259
1543        0.0006232652031289432
1544        0.0005980317940953823
1545        0.0007532172596517794
1546        0.0005286399192530913
1547        0.0005664900328034325
1548        0.0005336866010598026
1549        0.0005803684077718899
1550        0.0005639666919000759
1551        0.0006220035326772651
1552        0.0005879384304819591
1553        0.0005551349987383294
1554        0.0006939187484229122
1555        0.0005702750441584662
1556        0.0005614433509967202
1557        0.000557658339641685
1558        0.0005753217259651781
1559        0.0006295735553873333
1560        0.0005349482715114814
1561        0.0005538733282866522
1562        0.0006535452939692163
1563        0.0005538733282866515
1564        0.0005601816805450416
1565        0.0005664900328034322
1566        0.0005223315669947008
1567        0.0006320968962906893
1568        0.0005778450668685351
1569        0.0005538733282866514
1570        0.000789805702750442
1571        0.0006699470098410303
1572        0.0005929851122886705
1573        0.0008175624526873588
1574        0.0008390108503658857
1575        0.0006106484986121635
1576        0.0005084531920262423
1577        0.0008036840777189001
1578        0.000533686601059803
1579        0.0005412566237698716
1580        0.000672470350744386
1581        0.0006901337370678783
1582        0.0006510219530658598
1583        0.000553873328286652
1584        0.0006951804188745907
1585        0.0006447136008074696
1586        0.0005778450668685345
1587        0.0005690133737067882
1588        0.0005362099419631592
1589        0.0006005551349987393
1590        0.0005866767600302808
1591        0.0005500883169316171
1592        0.0005967701236437044
1593        0.0005160232147363102
1594        0.000518546555639666
1595        0.0005399949533181927
1596        0.0006043401463537727
1597        0.0006207418622255867
1598        0.0007481705778450681
1599        0.0005652283623517538
1600        0.0005702750441584661
1601        0.0005904617713853146
1602        0.000613171839515519
1603        0.0005828917486752468
1604        0.0005854150895786026
1605        0.0005198082260913445
1606        0.0006043401463537734
1607        0.0005702750441584656
1608        0.0007607872823618478
1609        0.0005639666919000758
1610        0.000618218521322232
1611        0.0005538733282866523
1612        0.0006131718395155182
1613        0.0005526116578349742
1614        0.00055513499873833
1615        0.0006409285894524358
1616        0.000770880645975272
1617        0.0005513499873832952
1618        0.0006194801917739092
1619        0.0005715367146101445
1620        0.0006396669190007573
1621        0.0005538733282866519
1622        0.0005399949533181929
1623        0.0006220035326772651
1624        0.0006888720666162007
1625        0.0005500883169316177
1626        0.0005336866010598031
1627        0.0006522836235175381
1628        0.0007002271006813029
1629        0.0005740600555135
1630        0.0006964420893262691
1631        0.0006182185213222313
1632        0.0005463033055765836
1633        0.0005488266464799395
1634        0.0006106484986121629
1635        0.000563966691900076
1636        0.0005778450668685338
1637        0.0005816300782235682
1638        0.0005690133737067879
1639        0.0005614433509967199
1640        0.0005437799646732268
1641        0.0006977037597779467
1642        0.0007040121120363367
1643        0.0005803684077718901
1644        0.0007229371688115062
1645        0.0005664900328034321
1646        0.0005614433509967198
1647        0.0005727983850618214
1648        0.0005828917486752466
1649        0.0005526116578349736
1650        0.0005387332828665156
1651        0.000531163260156447
1652        0.0005286399192530903
1653        0.0005854150895786025
1654        0.0005664900328034319
1655        0.0005677517032551097
1656        0.0006018168054504164
1657        0.000562705021448398
1658        0.0005450416351249055
1659        0.0005412566237698714
1660        0.000686348725712844
1661        0.0006005551349987393
1662        0.0006257885440322994
1663        0.0005463033055765835
1664        0.0005866767600302802
1665        0.0005399949533181934
1666        0.0005374716124148375
1667        0.0007216754983598287
1668        0.0005475649760282621
1669        0.000591723441836992
1670        0.0005450416351249052
1671        0.0005235932374463785
1672        0.0005828917486752466
1673        0.0005601816805450422
1674        0.0005803684077718912
1675        0.0007128438051980824
1676        0.0006156951804188758
1677        0.0005702750441584659
1678        0.0006220035326772658
1679        0.0005387332828665152
1680        0.0005500883169316183
1681        0.0005778450668685344
1682        0.0005488266464799395
1683        0.00067625536209942
1684        0.0005109765329295987
1685        0.0005399949533181936
1686        0.0005500883169316179
1687        0.0005412566237698712
1688        0.0006598536462276059
1689        0.0005765833964168556
1690        0.0005551349987383292
1691        0.0005892001009336367
1692        0.0005488266464799399
1693        0.0005563966691900081
1694        0.0005500883169316177
1695        0.0006043401463537724
1696        0.0006850870552611667
1697        0.0006358819076457237
1698        0.0005677517032551098
1699        0.0007582639414584917
1700        0.0006699470098410305
1701        0.0005664900328034317
1702        0.0005374716124148371
1703        0.0005702750441584667
1704        0.0006346202371940452
1705        0.0006699470098410304
1706        0.0007734039868786283
1707        0.0005538733282866517
1708        0.0006005551349987395
1709        0.0005374716124148374
1710        0.0006333585667423674
1711        0.0006598536462276056
1712        0.0005475649760282611
1713        0.0006384052485490797
1714        0.0006724703507443867
1715        0.0006283118849356549
1716        0.0006320968962906898
1717        0.0006358819076457233
1718        0.0006119101690638415
1719        0.0005942467827403481
1720        0.0006535452939692159
1721        0.0006333585667423672
1722        0.0006068634872571289
1723        0.0005412566237698715
1724        0.0006030784759020951
1725        0.0007002271006813028
1726        0.0005526116578349733
1727        0.0005526116578349735
1728        0.00068256371435781
1729        0.0005563966691900077
1730        0.0006018168054504165
1731        0.0006548069644208945
1732        0.0006396669190007573
1733        0.000541256623769871
1734        0.0006611153166792846
1735        0.0005198082260913454
1736        0.0007380772142316432
1737        0.000724198839263185
1738        0.0007166288165531172
1739        0.0005526116578349735
1740        0.0005816300782235689
1741        0.0006901337370678782
1742        0.0006245268735806204
1743        0.0006346202371940452
1744        0.0006560686348725713
1745        0.0007532172596517797
1746        0.0006661619984859957
1747        0.0005374716124148368
1748        0.0006649003280343184
1749        0.000594246782740349
1750        0.0005778450668685342
1751        0.0005690133737067876
1752        0.000565228362351754
1753        0.0006775170325510987
1754        0.0006573303053242502
1755        0.0006951804188745903
1756        0.0006623769871309623
1757        0.0005513499873832954
1758        0.0005816300782235688
1759        0.0005513499873832956
1760        0.0006560686348725718
1761        0.0005992934645470604
1762        0.000692657077971235
1763        0.0006611153166792841
1764        0.0005778450668685346
1765        0.0006813020439061327
1766        0.0008011607368155441
1767        0.0005955084531920262
1768        0.0006106484986121628
1769        0.0005526116578349737
1770        0.0006119101690638412
1771        0.0006964420893262685
1772        0.0007090587938430492
1773        0.0005803684077718902
1774        0.0005816300782235684
1775        0.0005362099419631587
1776        0.0005664900328034317
1777        0.0006106484986121628
1778        0.0007746656573303065
1779        0.0006838253848094893
1780        0.0005690133737067877
1781        0.0006951804188745913
1782        0.0006333585667423672
1783        0.0005942467827403488
1784        0.0007065354529396926
1785        0.0006636386575826397
1786        0.0006434519303557922
1787        0.000666161998485996
1788        0.0008844309866262943
1789        0.0006320968962906892
1790        0.0006409285894524357
1791        0.0006257885440322995
1792        0.0005690133737067882
1793        0.0007620489528135258
1794        0.0005614433509967194
1795        0.0006295735553873337
1796        0.0005791067373202121
1797        0.0006712086802927084
1798        0.0005500883169316177
1799        0.000623265203128944
1800        0.0005513499873832958
1801        0.0005652283623517544
1802        0.000609386828160485
1803        0.0005601816805450422
1804        0.0004605097148624767
1805        0.0005765833964168564
1806        0.0006838253848094885
1807        0.000649760282614182
1808        0.0006182185213222305
1809        0.0006358819076457232
1810        0.0005576583396416859
1811        0.0005349482715114813
1812        0.0005399949533181932
1813        0.0007797123391370182
1814        0.0005828917486752467
1815        0.000701488771132981
1816        0.0007406005551349992
1817        0.0006434519303557919
1818        0.0006220035326772661
1819        0.0006409285894524359
1820        0.0006573303053242494
1821        0.000757002271006813
1822        0.0006598536462276071
1823        0.0007898057027504422
1824        0.0006018168054504169
1825        0.00064471360080747
1826        0.0007494322482967455
1827        0.0007254605097148638
1828        0.0005992934645470608
1829        0.0006649003280343183
1830        0.0005904617713853158
1831        0.000751955589200101
1832        0.0006939187484229135
1833        0.0005362099419631593
1834        0.0006989654302296248
1835        0.000527378248801413
1836        0.0006396669190007569
1837        0.0006308352258390114
1838        0.0007241988392631855
1839        0.0005803684077718907
1840        0.0006484986121625046
1841        0.0004466313398940182
1842        0.000556396669190008
1843        0.0007065354529396935
1844        0.0005526116578349738
1845        0.000681302043906133
1846        0.0008112541004289687
1847        0.0006207418622255873
1848        0.0005412566237698708
1849        0.0005500883169316171
1850        0.0007002271006813035
1851        0.000622003532677265
1852        0.0005690133737067885
1853        0.0006283118849356548
1854        0.0005563966691900078
1855        0.0006712086802927085
1856        0.0005917234418369922
1857        0.0005399949533181935
1858        0.0005841534191269244
1859        0.0005627050214483977
1860        0.0005904617713853149
1861        0.000553873328286652
1862        0.0006939187484229117
1863        0.0005828917486752462
1864        0.000550088316931618
1865        0.0007494322482967449
1866        0.0005690133737067885
1867        0.0007342922028766091
1868        0.0006005551349987387
1869        0.0005563966691900076
1870        0.000649760282614182
1871        0.0006409285894524363
1872        0.0005362099419631592
1873        0.0007052737824880145
1874        0.0007582639414584918
1875        0.0005803684077718912
1876        0.0005147615442846327
1877        0.0006371435780974011
1878        0.000560181680545041
1879        0.0007027504415846598
1880        0.0007267221801665414
1881        0.000571536714610143
1882        0.0005412566237698715
1883        0.0007128438051980831
1884        0.0007494322482967455
1885        0.0007607872823618477
1886        0.0006156951804188749
1887        0.0006863487257128451
1888        0.0005753217259651783
1889        0.0006308352258390111
1890        0.0006724703507443861
1891        0.0005488266464799393
1892        0.0005614433509967198
1893        0.0005349482715114808
1894        0.0005879384304819587
1895        0.000570275044158466
1896        0.0006699470098410295
1897        0.000605601816805451
1898        0.0005513499873832956
1899        0.0006649003280343177
1900        0.0005513499873832954
1901        0.0006838253848094879
1902        0.0005235932374463786
1903        0.0005261165783497346
1904        0.0006409285894524357
1905        0.0007670956346202381
1906        0.0005664900328034319
1907        0.0005690133737067878
1908        0.0005362099419631593
1909        0.0007090587938430499
1910        0.0006068634872571296
1911        0.0005816300782235689
1912        0.0008024224072672229
1913        0.0005324249306081248
1914        0.0006169568508705529
1915        0.0006598536462276064
1916        0.0006674236689376747
1917        0.0007885440322987646
1918        0.0006018168054504171
1919        0.0008188241231390363
1920        0.0005715367146101439
1921        0.0005563966691900077
1922        0.0005185465556396666
1923        0.0005740600555135
1924        0.0006068634872571295
1925        0.000664900328034318
1926        0.000656068634872572
1927        0.0007923290436537986
1928        0.0006964420893262692
1929        0.0007595256119101693
1930        0.0007519555892001018
1931        0.0005589200100933633
1932        0.0007103204642947273
1933        0.0007998990663638668
1934        0.000750693918748423
1935        0.0005942467827403487
1936        0.0006245268735806212
1937        0.0005311632601564471
1938        0.0006447136008074691
1939        0.0005854150895786029
1940        0.0006459752712591479
1941        0.000644713600807469
1942        0.0005349482715114809
1943        0.0006056018168054514
1944        0.0006775170325510979
1945        0.0006737320211960641
1946        0.0007670956346202381
1947        0.0005942467827403497
1948        0.0007721423164269501
1949        0.00048195811254100386
1950        0.0007368155437799665
1951        0.0007898057027504427
1952        0.000584153419126925
1953        0.0004920514761544278
1954        0.0006977037597779457
1955        0.0005702750441584665
1956        0.0005740600555135003
1957        0.0007002271006813025
1958        0.0006573303053242498
1959        0.0006459752712591481
1960        0.0005828917486752468
1961        0.0005841534191269243
1962        0.0006585919757759277
1963        0.0006636386575826397
1964        0.0006232652031289432
1965        0.0006333585667423673
1966        0.000590461771385314
1967        0.0006964420893262683
1968        0.0006119101690638406
1969        0.0005917234418369925
1970        0.0006775170325510978
1971        0.0005652283623517537
1972        0.0007040121120363367
1973        0.0005437799646732279
1974        0.0006245268735806213
1975        0.000587938430481959
1976        0.0006838253848094887
1977        0.0005677517032551102
1978        0.0005664900328034313
1979        0.0005336866010598032
1980        0.0005677517032551101
1981        0.0007570022710068136
1982        0.0005437799646732274
1983        0.0007696189755235949
1984        0.0006888720666162004
1985        0.0005866767600302805
1986        0.0005980317940953837
1987        0.00077214231642695
1988        0.0007519555892001021
1989        0.000643451930355792
1990        0.0007229371688115067
1991        0.0005450416351249055
1992        0.0005866767600302802
1993        0.0006169568508705532
1994        0.0007633106232652042
1995        0.0005791067373202121
1996        0.0005450416351249049
1997        0.0005488266464799398
1998        0.0005627050214483976
1999        0.0005879384304819584
2000        0.0006333585667423672
2001        0.0006497602826141818
2002        0.0005627050214483975
2003        0.0005690133737067885
2004        0.000721675498359829
2005        0.0006156951804188748
2006        0.0005778450668685346
2007        0.0005955084531920272
2008        0.0006005551349987391
2009        0.0007216754983598287
2010        0.0007645722937168819
2011        0.0006459752712591479
2012        0.0006863487257128448
2013        0.0006598536462276057
2014        0.0005740600555135011
2015        0.0006421902599041136
2016        0.0005639666919000764
2017        0.0005563966691900077
2018        0.0005412566237698713
2019        0.0005349482715114817
2020        0.0007014887711329808
2021        0.0005336866010598033
2022        0.0005917234418369933
2023        0.0005311632601564467
2024        0.000524854907898057
2025        0.0006421902599041139
2026        0.0005892001009336361
2027        0.0005046681806712082
2028        0.0005589200100933637
2029        0.0005664900328034325
2030        0.0005374716124148366
2031        0.0005727983850618224
2032        0.0005475649760282615
2033        0.0007052737824880152
2034        0.0005538733282866517
2035        0.0006283118849356548
2036        0.0006661619984859957
2037        0.0006056018168054512
2038        0.0005261165783497348
2039        0.0005500883169316178
2040        0.000615695180418875
2041        0.0005437799646732275
2042        0.0005854150895786028
2043        0.0005513499873832956
2044        0.0005765833964168567
2045        0.0006232652031289433
2046        0.0006270502144839772
2047        0.0005463033055765837
2048        0.00066994700984103
2049        0.0005967701236437056
2050        0.0007418622255866775
2051        0.0006358819076457232
2052        0.0007519555892001017
2053        0.000534948271511481
2054        0.0005475649760282612
2055        0.0006825637143578098
2056        0.000465556396669189
2057        0.0007658339641685597
2058        0.0005463033055765834
2059        0.0005311632601564469
2060        0.0005690133737067881
2061        0.0006636386575826406
2062        0.000611910169063841
2063        0.0006825637143578106
2064        0.0006535452939692168
2065        0.0006409285894524363
2066        0.0006901337370678786
2067        0.0005084531920262421
2068        0.0005576583396416855
2069        0.0007734039868786282
2070        0.0005500883169316179
2071        0.0007620489528135265
2072        0.0006573303053242497
2073        0.0005538733282866515
2074        0.0005627050214483978
2075        0.000651021953065859
2076        0.0005223315669947007
2077        0.0005563966691900075
2078        0.0005551349987383301
2079        0.0007418622255866771
2080        0.000608125157708807
2081        0.0005601816805450422
2082        0.0006106484986121635
2083        0.0005425182942215493
2084        0.0005765833964168562
2085        0.0005526116578349735
2086        0.0005500883169316175
2087        0.0006800403734544542
2088        0.0005929851122886704
2089        0.0005791067373202125
2090        0.0005664900328034319
2091        0.0006396669190007575
2092        0.0006573303053242503
2093        0.0005955084531920261
2094        0.0005929851122886715
2095        0.0006220035326772649
2096        0.000569013373706788
2097        0.0006384052485490791
2098        0.0005412566237698714
2099        0.0007607872823618473
2100        0.0006863487257128442
2101        0.0005727983850618216
2102        0.0006207418622255866
2103        0.0005816300782235684
2104        0.0007014887711329814
2105        0.00066994700984103
2106        0.0005677517032551101
2107        0.0005576583396416856
2108        0.0005311632601564472
2109        0.0007166288165531165
2110        0.0005904617713853144
2111        0.0005576583396416861
2112        0.0005715367146101442
2113        0.0006598536462276055
2114        0.0007696189755235936
2115        0.00067625536209942
2116        0.0005412566237698716
2117        0.0005639666919000761
2118        0.0006548069644208937
2119        0.0006838253848094881
2120        0.0005399949533181931
2121        0.0006018168054504171
2122        0.0004567247035074427
2123        0.0006106484986121628
2124        0.0006182185213222306
2125        0.0006775170325510978
2126        0.0006472369417108257
2127        0.0005942467827403489
2128        0.000595508453192027
2129        0.000727983850618219
2130        0.0007267221801665407
2131        0.0007216754983598284
2132        0.0006182185213222318
2133        0.0005387332828665148
2134        0.0007090587938430485
2135        0.0005500883169316181
2136        0.0005892001009336364
2137        0.0007809740095886961
2138        0.0005513499873832949
2139        0.0005803684077718904
2140        0.000577845066868534
2141        0.0005727983850618229
2142        0.0005589200100933633
2143        0.0005652283623517543
2144        0.0005399949533181932
2145        0.0006257885440322987
2146        0.0005387332828665149
2147        0.0005551349987383294
2148        0.0005526116578349736
2149        0.0005677517032551098
2150        0.000592985112288671
2151        0.0005904617713853145
2152        0.0005399949533181935
2153        0.0005425182942215486
2154        0.0005399949533181938
2155        0.0005765833964168562
2156        0.0005437799646732271
2157        0.0005715367146101443
2158        0.0005929851122886706
2159        0.0005854150895786023
2160        0.0005753217259651783
2161        0.0005387332828665154
2162        0.000624526873580621
2163        0.0007254605097148628
2164        0.0005248549078980569
2165        0.0005526116578349736
2166        0.0007040121120363363
2167        0.0005740600555135003
2168        0.0005904617713853147
2169        0.0006762553620994202
2170        0.0006396669190007577
2171        0.0006699470098410311
2172        0.0006396669190007568
2173        0.0006346202371940453
2174        0.0006081251577088067
2175        0.000678778703002776
2176        0.0006623769871309629
2177        0.0007633106232652045
2178        0.0005929851122886712
2179        0.0006522836235175375
2180        0.0006686853393893525
2181        0.0005185465556396668
2182        0.0007191521574564733
2183        0.0005854150895786028
2184        0.0005614433509967192
2185        0.0006535452939692158
2186        0.0006825637143578109
2187        0.0006510219530658601
2188        0.0006283118849356555
2189        0.0005791067373202124
2190        0.0007052737824880149
2191        0.0007443855664900328
2192        0.0006712086802927082
2193        0.0006320968962906894
2194        0.0005614433509967199
2195        0.0006876103961645222
2196        0.0006926570779712346
2197        0.000595508453192027
2198        0.0007254605097148627
2199        0.0005740600555135005
2200        0.0005488266464799388
2201        0.0005879384304819589
2202        0.0005841534191269252
2203        0.0005311632601564468
2204        0.0005727983850618225
2205        0.0005210698965430226
2206        0.0006913954075195563
2207        0.0005614433509967197
2208        0.0005425182942215498
2209        0.0005551349987383301
2210        0.0005892001009336374
2211        0.0005526116578349736
2212        0.0005336866010598034
2213        0.0005349482715114812
2214        0.0006018168054504164
2215        0.0005866767600302807
2216        0.0007406005551349993
2217        0.0006093868281604848
2218        0.0006068634872571292
2219        0.0005450416351249066
2220        0.0005299015897047692
2221        0.0005273782488014123
2222        0.0006787787030027761
2223        0.0007254605097148626
2224        0.0005437799646732272
2225        0.0005652283623517542
2226        0.0005879384304819584
2227        0.000633358566742367
2228        0.0006068634872571294
2229        0.0005185465556396664
2230        0.0005147615442846326
2231        0.0005589200100933638
2232        0.0006434519303557927
2233        0.0005753217259651789
2234        0.00048448145344436006
2235        0.0006775170325510985
2236        0.0006358819076457236
2237        0.0006522836235175381
2238        0.0007557406005551355
2239        0.0005563966691900076
2240        0.0007330305324249302
2241        0.0006156951804188749
2242        0.0005828917486752466
2243        0.0006245268735806218
2244        0.0006245268735806216
2245        0.0006472369417108258
2246        0.0005690133737067879
2247        0.0005955084531920265
2248        0.0005892001009336368
2249        0.0005942467827403489
2250        0.0006787787030027761
2251        0.0007305071915215748
2252        0.0005904617713853147
2253        0.0005652283623517538
2254        0.0007582639414584921
2255        0.0006245268735806217
2256        0.0006384052485490791
2257        0.0005727983850618224
2258        0.0005879384304819579
2259        0.0007910673732021208
2260        0.0005677517032551101
2261        0.0007027504415846592
2262        0.0006762553620994201
2263        0.0005664900328034316
2264        0.0006320968962906888
2265        0.0006762553620994206
2266        0.0006131718395155196
2267        0.0005942467827403491
2268        0.0005929851122886706
2269        0.0007065354529396929
2270        0.0005677517032551107
2271        0.0005526116578349732
2272        0.0008718142821095135
2273        0.00048321978299268193
2274        0.0008062074186222575
2275        0.0005273782488014132
2276        0.0005904617713853144
2277        0.0006409285894524353
2278        0.0006636386575826397
2279        0.0005538733282866517
2280        0.0005210698965430223
2281        0.0005727983850618224
2282        0.0006560686348725717
2283        0.000664900328034318
2284        0.0006358819076457236
2285        0.0005753217259651783
2286        0.0006131718395155188
2287        0.0006434519303557925
2288        0.00061948019177391
2289        0.0005879384304819585
2290        0.0006320968962906895
2291        0.0006699470098410294
2292        0.0005551349987383298
2293        0.0007557406005551355
2294        0.0005866767600302804
2295        0.0005589200100933642
2296        0.0006030784759020952
2297        0.0007166288165531161
2298        0.0006977037597779457
2299        0.0005437799646732272
2300        0.0005892001009336367
2301        0.0005627050214483972
2302        0.0006220035326772655
2303        0.00055513499873833
2304        0.0005652283623517543
2305        0.0005185465556396668
2306        0.0006989654302296243
2307        0.0005614433509967197
2308        0.0005463033055765835
2309        0.0005324249306081247
2310        0.0005740600555135001
2311        0.0006863487257128439
2312        0.0006005551349987389
2313        0.0005664900328034315
2314        0.0006119101690638412
2315        0.0005879384304819589
2316        0.0006018168054504169
2317        0.0005563966691900078
2318        0.0006775170325510978
2319        0.0005500883169316177
2320        0.0006522836235175379
2321        0.0006447136008074702
2322        0.0005336866010598033
2323        0.0004504163512490524
2324        0.0006056018168054506
2325        0.0005841534191269249
2326        0.0005639666919000764
2327        0.0005664900328034315
2328        0.0006926570779712343
2329        0.0005765833964168565
2330        0.0006358819076457232
2331        0.0005715367146101438
2332        0.0005563966691900076
2333        0.0006018168054504167
2334        0.0006207418622255866
2335        0.0006358819076457238
2336        0.0006724703507443863
2337        0.00058036840777189
2338        0.0007153671461014384
2339        0.0006005551349987388
2340        0.0006484986121625037
2341        0.0006913954075195564
2342        0.0005866767600302805
2343        0.0006522836235175374
2344        0.0005450416351249054
2345        0.0006182185213222308
2346        0.0005639666919000758
2347        0.0006497602826141825
2348        0.0005122382033812763
2349        0.0006585919757759279
2350        0.0005538733282866517
2351        0.0005740600555135006
2352        0.000611910169063841
2353        0.000531163260156447
2354        0.0006674236689376748
2355        0.0005374716124148378
2356        0.000595508453192027
2357        0.0006270502144839771
2358        0.0006119101690638407
2359        0.0005437799646732275
2360        0.0006989654302296241
2361        0.0005942467827403489
2362        0.0005475649760282614
2363        0.0006270502144839775
2364        0.00056775170325511
2365        0.0005362099419631594
2366        0.0004542013626040867
2367        0.0005753217259651776
2368        0.000502144839767852
2369        0.0005589200100933639
2370        0.0006434519303557917
2371        0.0005589200100933636
2372        0.0006333585667423672
2373        0.0005248549078980564
2374        0.0006396669190007571
2375        0.0006220035326772653
2376        0.0005500883169316177
2377        0.0004466313398940183
2378        0.0005463033055765829
2379        0.0005463033055765834
2380        0.000538733282866515
2381        0.0005639666919000762
2382        0.0005664900328034324
2383        0.0005664900328034324
2384        0.0005500883169316172
2385        0.0005362099419631589
2386        0.0005740600555134997
2387        0.0005576583396416854
2388        0.0005702750441584658
2389        0.0006056018168054522
2390        0.0005652283623517536
2391        0.0005841534191269249
2392        0.0006220035326772652
2393        0.0005690133737067883
2394        0.0005740600555135001
2395        0.0005563966691900074
2396        0.0005488266464799397
2397        0.0005563966691900075
2398        0.0005210698965430225
2399        0.0005500883169316179
2400        0.0005109765329295981
2401        0.0006220035326772651
2402        0.0005664900328034313
2403        0.0005311632601564468
2404        0.0005172848851879884
2405        0.0006081251577088068
2406        0.0005917234418369924
2407        0.0004579863739591206
2408        0.0005740600555135
2409        0.0006447136008074701
2410        0.0006977037597779463
2411        0.0007103204642947264
2412        0.0005399949533181938
2413        0.0006245268735806211
2414        0.000649760282614182
2415        0.0006573303053242496
2416        0.000643451930355791
2417        0.0006775170325510984
2418        0.0007872823618470855
2419        0.0005412566237698714
2420        0.0005450416351249053
2421        0.0005589200100933638
2422        0.0005854150895786016
2423        0.0005892001009336369
2424        0.0005715367146101443
2425        0.0005500883169316176
2426        0.0005172848851879882
2427        0.0006081251577088064
2428        0.0006068634872571295
2429        0.0005576583396416857
2430        0.000570275044158466
2431        0.0005589200100933639
2432        0.0005778450668685342
2433        0.0006194801917739091
2434        0.0005488266464799401
2435        0.0005475649760282613
2436        0.0005500883169316175
2437        0.0006169568508705526
2438        0.0006863487257128449
2439        0.0005589200100933636
2440        0.0006409285894524356
2441        0.0005627050214483982
2442        0.0005450416351249059
2443        0.0005589200100933639
2444        0.0005942467827403484
2445        0.0006825637143578106
2446        0.0005942467827403488
2447        0.0005589200100933643
2448        0.0005198082260913446
2449        0.0006043401463537728
2450        0.000686348725712845
2451        0.0005261165783497353
2452        0.0005778450668685343
2453        0.0005778450668685345
2454        0.0005866767600302806
2455        0.0006661619984859957
2456        0.0005942467827403491
2457        0.0005753217259651783
2458        0.000529901589704769
2459        0.000569013373706788
2460        0.0006863487257128439
2461        0.0005803684077718908
2462        0.0005803684077718902
2463        0.0005715367146101446
2464        0.0006081251577088077
2465        0.000560181680545042
2466        0.0005589200100933635
2467        0.0005715367146101447
2468        0.0007052737824880148
2469        0.0005538733282866514
2470        0.0005160232147363111
2471        0.0005198082260913453
2472        0.0005715367146101447
2473        0.0005627050214483972
2474        0.0005450416351249055
2475        0.0005778450668685337
2476        0.0005740600555135007
2477        0.0006674236689376742
2478        0.0005601816805450422
2479        0.0005563966691900077
2480        0.0006270502144839761
2481        0.0005778450668685346
2482        0.0005387332828665148
2483        0.0005336866010598032
2484        0.0005488266464799395
2485        0.0005854150895786025
2486        0.0005740600555135003
2487        0.0005942467827403484
2488        0.0005866767600302804
2489        0.0007166288165531171
2490        0.0006598536462276066
2491        0.0006850870552611659
2492        0.0006787787030027758
2493        0.0006686853393893524
2494        0.0005374716124148368
2495        0.0005248549078980566
2496        0.0005576583396416857
2497        0.0005942467827403485
2498        0.0006472369417108258
2499        0.000658591975775927
2500        0.0007128438051980819
2501        0.0005778450668685342
2502        0.0005500883169316177
2503        0.0005765833964168556
2504        0.0005639666919000759
2505        0.0005526116578349734
2506        0.0005854150895786027
2507        0.0005955084531920274
2508        0.0006207418622255874
2509        0.0005576583396416857
2510        0.0006220035326772647
2511        0.0005399949533181932
2512        0.0005765833964168561
2513        0.0006939187484229123
2514        0.0005917234418369921
2515        0.0005652283623517539
2516        0.0005475649760282616
2517        0.0005235932374463793
2518        0.0005715367146101435
2519        0.0005412566237698715
2520        0.0005311632601564467
2521        0.0005677517032551101
2522        0.0005765833964168562
2523        0.0007141054756497608
2524        0.0006421902599041133
2525        0.0006232652031289426
2526        0.0005727983850618221
2527        0.0006409285894524348
2528        0.0005450416351249057
2529        0.000584153419126924
2530        0.000523593237446379
2531        0.0005097148624779201
2532        0.0006384052485490793
2533        0.0005399949533181931
2534        0.0007645722937168813
2535        0.000562705021448398
2536        0.0006220035326772649
2537        0.0006459752712591474
2538        0.0005362099419631593
2539        0.0006194801917739091
2540        0.0005311632601564469
2541        0.0005740600555135
2542        0.0007355538733282871
2543        0.0005362099419631595
2544        0.0006018168054504167
2545        0.0005463033055765831
2546        0.0005690133737067881
2547        0.0005109765329295986
2548        0.0005753217259651777
2549        0.0005576583396416854
2550        0.0006220035326772649
2551        0.0006093868281604849
2552        0.0005311632601564475
2553        0.0005778450668685336
2554        0.0005803684077718903
2555        0.0005664900328034323
2556        0.0006813020439061322
2557        0.0005614433509967197
2558        0.0005526116578349739
2559        0.0005273782488014133
2560        0.0005841534191269243
2561        0.000698965430229624
2562        0.0006888720666162001
2563        0.0005614433509967199
2564        0.000556396669190008
2565        0.0005992934645470605
2566        0.0005652283623517547
2567        0.000681302043906132
2568        0.0006119101690638417
2569        0.0005286399192530906
2570        0.0005513499873832955
2571        0.0005677517032551104
2572        0.0006636386575826402
2573        0.0005929851122886703
2574        0.0005374716124148367
2575        0.0005652283623517543
2576        0.0005904617713853146
2577        0.0005488266464799397
2578        0.0005639666919000759
2579        0.0006850870552611658
2580        0.000585415089578603
2581        0.0005488266464799395
2582        0.0005639666919000766
2583        0.0005765833964168567
2584        0.0005816300782235685
2585        0.0005664900328034316
2586        0.0006207418622255871
2587        0.0005463033055765833
2588        0.0005437799646732271
2589        0.0006447136008074691
2590        0.0005917234418369926
2591        0.0007178904870047947
2592        0.0005538733282866519
2593        0.0005614433509967198
2594        0.0005450416351249056
2595        0.0006093868281604852
2596        0.0006005551349987384
2597        0.0006674236689376739
2598        0.0005677517032551097
2599        0.0005374716124148376
2600        0.00048321978299268134
2601        0.0005299015897047689
2602        0.0005349482715114809
2603        0.0005929851122886707
2604        0.0005563966691900075
2605        0.0005992934645470604
2606        0.0005450416351249046
2607        0.0005601816805450416
2608        0.0005500883169316174
2609        0.0005324249306081249
2610        0.0006144335099671965
2611        0.0005261165783497343
2612        0.0004655563966691889
2613        0.000600555134998738
2614        0.0006674236689376738
2615        0.0006484986121625036
2616        0.000625788544032299
2617        0.0006194801917739085
2618        0.0005601816805450423
2619        0.0006030784759020949
2620        0.0006661619984859957
2621        0.000637143578097401
2622        0.0005601816805450416
2623        0.0005538733282866512
2624        0.000481958112541004
2625        0.0004642947262175107
2626        0.00045546303305576475
2627        0.00046807973757254556
2628        0.00046681806712086705
2629        0.00046429472621751096
2630        0.00045293969215240854
2631        0.000492051476154428
2632        0.0004895281352510719
2633        0.0004996214988644967
2634        0.0005034065102195302
2635        0.0004441079989906624
2636        0.0004819581125410041
2637        0.0004756497602826135
2638        0.0004718647489275793
2639        0.0004945748170577839
2640        0.000447893010345696
2641        0.00047691143073429117
2642        0.00047817310118596947
