1        0.0007986373959121903
2        0.0009260661115316704
3        0.0009815796114055028
4        0.0006573303053242506
5        0.0008390108503658863
6        0.0007557406005551366
7        0.0010093363613424176
8        0.000700227100681304
9        0.0011506434519303569
10        0.0011872318950290203
11        0.00140297754226596
12        0.0013121372697451439
13        0.0010900832702498118
14        0.0008062074186222585
15        0.0012414837244511747
16        0.0016275548826646482
17        0.0016893767347968731
18        0.0008352258390108517
19        0.0011418117587686106
20        0.0014269492808478437
21        0.001211203633610901
22        0.0010875599293464569
23        0.0012200353267726493
24        0.0012616704516780237
25        0.0007670956346202385
26        0.0011405500883169318
27        0.0013108755992934657
28        0.0011455967701236463
29        0.001355034065102198
30        0.001355034065102196
31        0.001231390360837751
32        0.0017108251324753983
33        0.0013462023719404503
34        0.0007746656573303063
35        0.0018975523593237468
36        0.0012112036336109034
37        0.0012250820085793598
38        0.001445874337623014
39        0.0017297501892505685
40        0.0008642442593994457
41        0.001197325258642444
42        0.001338632349230383
43        0.0014395659853646257
44        0.0011153166792833738
45        0.0016767600302800912
46        0.0007986373959121899
47        0.0012036336109008342
48        0.0016818067120868048
49        0.0011418117587686123
50        0.0016654049962149902
51        0.0013840524854907912
52        0.001172091849608884
53        0.0014357809740095904
54        0.0012490537471612424
55        0.0017411052233156706
56        0.001497602826141814
57        0.0012225586676760044
58        0.0010673732021196066
59        0.0008289174867524624
60        0.0018445622003532705
61        0.0012604087812263457
62        0.0014534443603330812
63        0.0019063840524854922
64        0.0008339641685591744
65        0.0015140045420136282
66        0.0012629321221297016
67        0.0012541004289679542
68        0.0017019934393136533
69        0.0013462023719404516
70        0.0013323239969719935
71        0.001050971486247794
72        0.0009033560434014643
73        0.0006447136008074703
74        0.0009576078728236194
75        0.0012490537471612426
76        0.0012313903608377518
77        0.001457229371688116
78        0.0013436790310370945
79        0.0014988644965934915
80        0.001433257633106234
81        0.001638909916729751
82        0.0012578854403229884
83        0.0017764319959626554
84        0.0015278829169820857
85        0.0014786777693666436
86        0.0011847085541256638
87        0.0007746656573303073
88        0.0014319959626545563
89        0.0013260156447136026
90        0.0017840020186727246
91        0.001390360837749181
92        0.0016994700984102966
93        0.0014711077466565755
94        0.0019505425182942233
95        0.001010598031794096
96        0.0019454958364875092
97        0.0006876103961645232
98        0.0011935402472874107
99        0.0012376987130961416
100        0.0015468079737572555
101        0.0014092858945243527
102        0.0009399444865001263
103        0.0013234923038102464
104        0.001459752712591472
105        0.001256623769871312
106        0.0008932626797880414
107        0.0010837749179914227
108        0.0011405500883169325
109        0.0015934897804693409
110        0.0012200353267726469
111        0.0007935907141054777
112        0.000745647236941713
113        0.001245268735806209
114        0.0011695685087055273
115        0.0015897047691143082
116        0.0006585919757759282
117        0.0011960635881907659
118        0.0017890487004794367
119        0.001556901337370681
120        0.0012768104970981608
121        0.0011519051223820357
122        0.001119101690638407
123        0.0010497098157961162
124        0.0014849861216250347
125        0.001402977542265961
126        0.0013361090083270255
127        0.0013550340651021962
128        0.0010787282361847102
129        0.0012843805198082267
130        0.0015884430986626322
131        0.0010875599293464558
132        0.0012212969972243267
133        0.0015064345193035596
134        0.0012238203381276828
135        0.001078728236184711
136        0.0016565733030532426
137        0.0015493313146606106
138        0.0017499369164774162
139        0.0012313903608377516
140        0.001357557406005552
141        0.0015039111784002027
142        0.0011418117587686106
143        0.0012061569518041911
144        0.0012578854403229886
145        0.0010219530658592
146        0.0012553620994196334
147        0.0010093363613424171
148        0.001486247792076711
149        0.0016010598031794114
150        0.0017032551097653315
151        0.001503911178400203
152        0.0014446126671713356
153        0.001862225586676763
154        0.001252838758516279
155        0.0016111531667928351
156        0.0017196568256371463
157        0.0010774665657330323
158        0.0017385818824123156
159        0.0011291950542518315
160        0.0014912944738834234
161        0.0014446126671713371
162        0.001626293212212971
163        0.0019808226091344965
164        0.0016212465304062595
165        0.0010736815543779992
166        0.0016553116326015662
167        0.0016931617461519062
168        0.0014736310875599291
169        0.0015013878374968463
170        0.001170830179157206
171        0.0008755992934645496
172        0.001569518041887462
173        0.0011304567247035092
174        0.001312137269745144
175        0.0016590966439565997
176        0.0010774665657330323
177        0.0010383547817310146
178        0.0016969467575069408
179        0.0012768104970981608
180        0.0015215745647236955
181        0.001977037597779461
182        0.0009790562705021461
183        0.0010307847590209456
184        0.001227605349482715
185        0.0011619984859954613
186        0.0017234418369921785
187        0.0010307847590209456
188        0.0016540499621498874
189        0.001964420893262682
190        0.0014105475649760291
191        0.0019846076204895315
192        0.0011127933383800173
193        0.001466061064849863
194        0.001732273530153925
195        0.0014067625536209945
196        0.0013512490537471622
197        0.001612414837244513
198        0.001519051223820338
199        0.0016225082008579372
200        0.0012074186222558669
201        0.0014635377239465063
202        0.0017663386323492325
203        0.0011834468836739863
204        0.0012313903608377513
205        0.0015013878374968452
206        0.0016540499621498872
207        0.0012011102699974769
208        0.0013928841786525364
209        0.0016098914963411583
210        0.0012086802927075472
211        0.0012477920767095653
212        0.0012099419631592257
213        0.0017461519051223831
214        0.001501387837496848
215        0.0011809235427706292
216        0.0014685844057532175
217        0.0014584910421397942
218        0.001086298258894778
219        0.0012011102699974784
220        0.001087559929346457
221        0.0013298006560686364
222        0.0014509210194297276
223        0.001527882916982086
224        0.0015253595760787299
225        0.001069896543022964
226        0.0014900328034317444
227        0.0013462023719404519
228        0.0013638657582639424
229        0.0016691900075700233
230        0.0011430734292202894
231        0.0014748927580116088
232        0.001471107746656575
233        0.0015569013373706803
234        0.001334847337875347
235        0.0011948019177390877
236        0.0013474640423921274
237        0.0012591471107746676
238        0.0011859702245773413
239        0.0011519051223820357
240        0.001240222053999496
241        0.0009954579863739614
242        0.0010282614181175904
243        0.001198586929094122
244        0.0012843805198082276
245        0.0014483976785263704
246        0.001428210951299522
247        0.001122886701993442
248        0.0012301286903860739
249        0.0016288165531163261
250        0.001365127428715621
251        0.0014042392127176391
252        0.001308352258390109
253        0.0011329800656068654
254        0.001495079485238457
255        0.0011317183951551873
256        0.001368912440070655
257        0.0013777441332323988
258        0.0013626040878122637
259        0.0014383043149129452
260        0.0013827908150391127
261        0.0011897552359323767
262        0.0011935402472874111
263        0.0015644713600807482
264        0.001096391622508202
265        0.0015985364622760538
266        0.0015278829169820866
267        0.0007998990663638677
268        0.0012276053494827178
269        0.001344940701488772
270        0.0016035831440827668
271        0.0014509210194297267
272        0.0016553116326015653
273        0.0014912944738834223
274        0.0016212465304062589
275        0.0016565733030532443
276        0.0013386323492303837
277        0.0014875094625283899
278        0.0012768104970981597
279        0.0015001261670451675
280        0.0017183951551854675
281        0.0020968962906888745
282        0.001979560938682817
283        0.0015758263941458499
284        0.0012944738834216522
285        0.0012440070653545311
286        0.001486247792076711
287        0.0013007822356800422
288        0.0013146606106485001
289        0.0009702245773404004
290        0.0011809235427706307
291        0.0013626040878122656
292        0.0012389603835478203
293        0.0013840524854907912
294        0.0016061064849861226
295        0.0014319959626545545
296        0.0014584910421397942
297        0.0012225586676760049
298        0.0016767600302800918
299        0.0012427453949028523
300        0.0015076961897552367
301        0.0013701741105223324
302        0.0019631592228110052
303        0.001686853393893517
304        0.0018142821095129972
305        0.0022533434266969496
306        0.001073681554377998
307        0.0009096643956598553
308        0.0009273277819833481
309        0.0012515770880645997
310        0.0009727479182437559
311        0.0009046177138531413
312        0.0013562957355538745
313        0.0017726469846076232
314        0.0016452182689881418
315        0.0011657834973504944
316        0.0012313903608377518
317        0.0014849861216250325
318        0.0015909664395659876
319        0.001173353520060561
320        0.0011228867019934415
321        0.0010774665657330318
322        0.0015430229624022224
323        0.000794852384557155
324        0.0015909664395659844
325        0.0015505929851122892
326        0.0014017158718142842
327        0.0017612919505425192
328        0.0017676003028009092
329        0.0016654049962149897
330        0.0012074186222558688
331        0.0012591471107746676
332        0.0011191016906384073
333        0.0013096139288417863
334        0.0013298006560686373
335        0.0014029775422659623
336        0.001613676507696191
337        0.0012629321221297005
338        0.0016679283371183458
339        0.0017890487004794356
340        0.0016540499621498866
341        0.0018029270754478931
342        0.0008793843048195819
343        0.0006472369417108261
344        0.0013701741105223327
345        0.0016351249053747172
346        0.0013928841786525386
347        0.0010509714862477948
348        0.0005248549078980564
349        0.000521069896543022
350        0.001498864496593491
351        0.0017991420640928615
352        0.0013070905879384322
353        0.0016603583144082783
354        0.0013007822356800411
355        0.001001766338632351
356        0.0008692909412061571
357        0.0008692909412061584
358        0.0020300277567499394
359        0.0014420893262679824
360        0.0020275044158465844
361        0.0015152662124653061
362        0.0012515770880645988
363        0.0011645218268988146
364        0.001351249053747163
365        0.0014092858945243506
366        0.0007658339641685609
367        0.0015266212465304052
368        0.0012932122129699734
369        0.0008491042139793109
370        0.0012061569518041911
371        0.0011279333838001531
372        0.0014774160989149633
373        0.0012086802927075463
374        0.0015758263941458507
375        0.001508957860206915
376        0.0016061064849861224
377        0.0011960635881907665
378        0.001333585667423672
379        0.0011443350996719667
380        0.0011834468836739863
381        0.001548069644208934
382        0.0006724703507443864
383        0.0010282614181175893
384        0.0009841029523088587
385        0.0013689124400706521
386        0.001044663133989404
387        0.0009512995205652303
388        0.0014963411556901346
389        0.0011872318950290194
390        0.0010572798385061844
391        0.0019114307342922054
392        0.0013903608377491806
393        0.0013323239969719916
394        0.0012036336109008347
395        0.0008920010093363618
396        0.001092606611153169
397        0.0011910169063840544
398        0.0007683573050719163
399        0.001696946757506942
400        0.0010408781226343695
401        0.0010497098157961154
402        0.0012175119858692934
403        0.0012402220539994978
404        0.001155690133737069
405        0.0015871814282109526
406        0.0016881150643451941
407        0.0012755488266464803
408        0.0012553620994196347
409        0.000946252838758518
410        0.0012313903608377507
411        0.0013853141559424693
412        0.0012831188493565495
413        0.001230128690386073
414        0.001449659348978048
415        0.0012869038607115839
416        0.0012906888720666187
417        0.0007658339641685596
418        0.001443350996719657
419        0.0013487257128438068
420        0.0013209689629068901
421        0.0010206913954075223
422        0.0011026999747665923
423        0.0012175119858692921
424        0.001226343679031037
425        0.0012276053494827165
426        0.0012692404743880911
427        0.0010118597022457754
428        0.0012894272016149382
429        0.0010484481453444383
430        0.0011329800656068648
431        0.0006409285894524355
432        0.0014799394398183222
433        0.0011683068382538505
434        0.0014143325763310635
435        0.0013386323492303816
436        0.0011165783497350513
437        0.0010257380772142333
438        0.0011392884178652552
439        0.0008390108503658844
440        0.0009790562705021461
441        0.0010459248044410799
442        0.0013865758263941466
443        0.000779712339137018
444        0.0006661619984859963
445        0.0010837749179914216
446        0.0010383547817310135
447        0.0010434014635377243
448        0.0009626545546303319
449        0.0009197577592732786
450        0.001035831440827657
451        0.0009714862477920782
452        0.0011468584405753214
453        0.0010862982588947777
454        0.0010269997476659116
455        0.0010471864748927595
456        0.0009740095886954349
457        0.0011165783497350489
458        0.001175876860963917
459        0.0006548069644208934
460        0.0009323744637900585
461        0.0009626545546303321
462        0.0013676507696189777
463        0.0013083522583901093
464        0.0015833964168559197
465        0.0010068130204390628
466        0.0010799899066363887
467        0.001114055008831695
468        0.0009626545546303324
469        0.0018395155185465565
470        0.0016300782235680064
471        0.0012755488266464792
472        0.0010434014635377247
473        0.0010825132475397437
474        0.0010938682816048464
475        0.000984102952308858
476        0.0010358314408276577
477        0.0011039616452182676
478        0.0013184456220035339
479        0.0011064849861216267
480        0.0011960635881907654
481        0.0009210194297249569
482        0.0010976532929598802
483        0.0013462023719404497
484        0.00109134494070149
485        0.0010194297249558433
486        0.0012036336109008338
487        0.0009487761796618732
488        0.001064849861216252
489        0.0010522331566994718
490        0.0012137269745142575
491        0.0010787282361847093
492        0.0013726974514256893
493        0.001001766338632351
494        0.0011834468836739867
495        0.0018786273025485764
496        0.0011418117587686123
497        0.0014711077466565733
498        0.0009437294978551608
499        0.0010724198839263197
500        0.0009613928841786536
501        0.0012919505425182953
502        0.0012578854403229886
503        0.0015076961897552378
504        0.0011329800656068637
505        0.0008907393388846842
506        0.0010194297249558433
507        0.0011241483724451185
508        0.001140550088316933
509        0.0008352258390108524
510        0.0011784002018672734
511        0.001448397678526368
512        0.001011859702245775
513        0.0009134494070148884
514        0.0011632601564471367
515        0.001212465304062581
516        0.0009866262932122145
517        0.0016944234166035824
518        0.0013121372697451445
519        0.0013083522583901114
520        0.0015871814282109517
521        0.0014559677012364383
522        0.001649003280343176
523        0.0006245268735806211
524        0.001405500883169317
525        0.0014004542013626058
526        0.0007178904870047954
527        0.001028261418117589
528        0.0006320968962906902
529        0.0011531667928337144
530        0.0012376987130961424
531        0.0008352258390108521
532        0.0012641937925813801
533        0.0008591975775927339
534        0.0012667171334847357
535        0.0014711077466565748
536        0.0016540499621498883
537        0.001749936916477417
538        0.0016805450416351275
539        0.00152535957607873
540        0.0014067625536209943
541        0.001476154428463288
542        0.0009399444865001266
543        0.0010862982588947785
544        0.0009336361342417377
545        0.0010888215997981333
546        0.0015909664395659872
547        0.0010080746908907399
548        0.0010799899066363887
549        0.0016389099167297516
550        0.0013941458491042145
551        0.0011998485995458003
552        0.0016931617461519062
553        0.0009954579863739614
554        0.0012969972243250076
555        0.001056018168054506
556        0.0013878374968458256
557        0.0009222811001766347
558        0.0010635881907645744
559        0.001602321473631087
560        0.0012276053494827165
561        0.0010623265203128951
562        0.001203633610900834
563        0.001042139793086047
564        0.0013146606106485019
565        0.0016906384052485493
566        0.0012641937925813806
567        0.0017991420640928602
568        0.001351249053747164
569        0.0010017663386323505
570        0.001419379258137775
571        0.0011481201110270013
572        0.0010345697703759793
573        0.0009613928841786552
574        0.0017486752460257385
575        0.0010169063840524877
576        0.0008894776684330054
577        0.0015947514509210207
578        0.001228867019934395
579        0.0013335856674236712
580        0.0013373706787787052
581        0.0011481201110270017
582        0.001736058541508958
583        0.0015859197577592734
584        0.0012023719404491574
585        0.001541761291950544
586        0.0013462023719404514
587        0.001467322735301539
588        0.0013171839515518564
589        0.0012099419631592231
590        0.0013777441332324016
591        0.0018268988140297778
592        0.001535452939692154
593        0.0010017663386323512
594        0.0013676507696189768
595        0.0013638657582639429
596        0.0012528387585162772
597        0.001286903860711584
598        0.0012389603835478182
599        0.0014547060307847596
600        0.0011960635881907657
601        0.0013272773151652801
602        0.0013499873832954843
603        0.001141811758768611
604        0.0013449407014887722
605        0.0009285894524350258
606        0.0019341408024224091
607        0.0013954075195558935
608        0.0016906384052485482
609        0.0009904113045672489
610        0.0017436285642190266
611        0.0011493817814786807
612        0.0011809235427706305
613        0.0009702245773404004
614        0.0014143325763310635
615        0.0010812515770880662
616        0.0006825637143578111
617        0.0012541004289679549
618        0.0012793338380015157
619        0.001114055008831695
620        0.0014092858945243503
621        0.0009979813272773166
622        0.001430734292202878
623        0.0013903608377491808
624        0.0012137269745142573
625        0.0010774665657330325
626        0.0019063840524854933
627        0.0014547060307847602
628        0.0009866262932122147
629        0.0015404996214988657
630        0.0009853646227605368
631        0.0012149886449659352
632        0.0008718142821095148
633        0.0012982588947766853
634        0.0009866262932122143
635        0.0013033055765833976
636        0.0011733535200605628
637        0.0011594751450921038
638        0.0011720918496088823
639        0.0016553116326015658
640        0.001308352258390111
641        0.0015177895533686615
642        0.0011140550088316948
643        0.0011468584405753238
644        0.0014534443603330827
645        0.0013802674741357564
646        0.001175876860963918
647        0.0010484481453444383
648        0.001622508200857937
649        0.0011052233156699466
650        0.0013916225082008585
651        0.0012036336109008338
652        0.0012503154176129203
653        0.0010194297249558433
654        0.0010219530658591995
655        0.001014383043149131
656        0.0010282614181175895
657        0.0014370426444612686
658        0.001218773656320972
659        0.0013752207923290447
660        0.0012452687358062088
661        0.0015430229624022224
662        0.0010257380772142337
663        0.0009538228614685845
664        0.0011632601564471364
665        0.0008617209184960906
666        0.0010055513499873845
667        0.0013777441332324003
668        0.0014647993943981829
669        0.0010585415089578614
670        0.0015480696442089334
671        0.0011165783497350515
672        0.0009235427706283122
673        0.0011948019177390882
674        0.0011140550088316948
675        0.0009512995205652299
676        0.0009323744637900605
677        0.0008869543275296504
678        0.0010837749179914234
679        0.0016654049962149902
680        0.0017247035074438573
681        0.0012869038607115834
682        0.001554377996467323
683        0.0016868533938935164
684        0.000910926066111534
685        0.001544284632853899
686        0.0008781226343679039
687        0.0009929346454706043
688        0.0013512490537471622
689        0.0010623265203128958
690        0.0015581630078223554
691        0.0013449407014887724
692        0.0009298511228867031
693        0.0014092858945243516
694        0.001069896543022964
695        0.0013449407014887716
696        0.0010497098157961154
697        0.0006977037597779472
698        0.0009008327024981079
699        0.0011064849861216267
700        0.001061064849861218
701        0.0009954579863739605
702        0.0013197072924552092
703        0.001023214736310877
704        0.0015518546555639676
705        0.0009651778955336878
706        0.0016780217007317715
707        0.00164017158718143
708        0.0009285894524350253
709        0.0012805955084531932
710        0.0009765329295987903
711        0.0011153166792833714
712        0.001884935654806967
713        0.0012982588947766855
714        0.0008730759525611916
715        0.001009336361342419
716        0.0015531163260156461
717        0.001368912440070655
718        0.0010471864748927608
719        0.0011771385314155965
720        0.0014345193035579119
721        0.0010850365884431004
722        0.0009916729750189272
723        0.001056018168054505
724        0.0014307342922028757
725        0.0012679788039364147
726        0.0016061064849861235
727        0.001074943224829676
728        0.0010345697703759782
729        0.0015934897804693424
730        0.0012452687358062086
731        0.0011771385314155959
732        0.0011594751450921044
733        0.001299520565228363
734        0.0017171334847337883
735        0.0014748927580116081
736        0.001324753974261923
737        0.001360080746908909
738        0.0014231642694928083
739        0.0013247539742619252
740        0.0010408781226343693
741        0.0010724198839263195
742        0.0014774160989149646
743        0.001187231895029021
744        0.001083774917991423
745        0.0009412061569518048
746        0.000980317940953824
747        0.0011430734292202894
748        0.001319707292455211
749        0.0011556901337370672
750        0.0010724198839263204
751        0.0008970476911430745
752        0.0011367650769618996
753        0.0010938682816048467
754        0.0010471864748927597
755        0.0011355034065102204
756        0.0017486752460257396
757        0.001368912440070656
758        0.001236437042644461
759        0.0010358314408276572
760        0.0014572293716881154
761        0.0010774665657330325
762        0.0011695685087055273
763        0.00084279586172092
764        0.0012061569518041903
765        0.0008793843048195826
766        0.0010534948271511497
767        0.0011847085541256625
768        0.001030784759020945
769        0.0015909664395659866
770        0.0011569518041887473
771        0.0010686348725712862
772        0.0012036336109008338
773        0.001379005803684077
774        0.0011443350996719673
775        0.0011430734292202903
776        0.0010383547817310133
777        0.001069896543022963
778        0.001273025485743124
779        0.0010169063840524874
780        0.0012780721675498383
781        0.0016641433257633114
782        0.0018786273025485753
783        0.0014925561443351006
784        0.0008945243502397188
785        0.001522836235175373
786        0.0012843805198082278
787        0.000986626293212215
788        0.0018332071662881685
789        0.0012679788039364147
790        0.0014017158718142837
791        0.0012099419631592244
792        0.0012843805198082283
793        0.0013676507696189783
794        0.0014080242240726746
795        0.0017776936664143342
796        0.0009487761796618729
797        0.0012061569518041916
798        0.001026999747665912
799        0.0008869543275296502
800        0.0006510219530658598
801        0.0010623265203128956
802        0.000984102952308858
803        0.0009613928841786534
804        0.0013222306333585674
805        0.00097653292959879
806        0.001936664143325764
807        0.0012175119858692928
808        0.001421902599041133
809        0.0010383547817310141
810        0.0012112036336109015
811        0.0010509714862477933
812        0.0012667171334847364
813        0.0011468584405753223
814        0.0012440070653545296
815        0.0019114307342922062
816        0.0016149381781478686
817        0.0015833964168559193
818        0.00109765329295988
819        0.0012112036336109015
820        0.0014004542013626054
821        0.0013083522583901112
822        0.0011784002018672749
823        0.0011102699974766608
824        0.0009449911683068387
825        0.0017385818824123152
826        0.0011582134746404254
827        0.0010307847590209447
828        0.0013954075195558922
829        0.0016073681554378014
830        0.0011796618723189523
831        0.0012162503154176144
832        0.001463537723946506
833        0.0011683068382538503
834        0.0013663890991672985
835        0.0010976532929598804
836        0.001145596770123644
837        0.000965177895533688
838        0.0009613928841786533
839        0.0017209184960888225
840        0.0018584405753217278
841        0.0015379762805955099
842        0.0013512490537471633
843        0.001820590461771385
844        0.0010383547817310141
845        0.0018647489275801185
846        0.0011720918496088834
847        0.0010963916225082018
848        0.0010005046681806724
849        0.001418117587686098
850        0.0012364370426444634
851        0.0015960131213726993
852        0.0012376987130961418
853        0.0012490537471612439
854        0.0018231138026747447
855        0.0017158718142821112
856        0.0014610143830431502
857        0.0006194801917739095
858        0.0009184960888216002
859        0.0009702245773404
860        0.0011241483724451179
861        0.001342417360585418
862        0.001310875599293466
863        0.0011884935654807
864        0.0015051728488518824
865        0.001974514256876107
866        0.0015594246782740353
867        0.001520312894272017
868        0.0013007822356800424
869        0.001930355791067374
870        0.0014055008831693181
871        0.0010320464294726233
872        0.0015278829169820874
873        0.0009348978046934155
874        0.001944234166035834
875        0.0009285894524350253
876        0.0013853141559424693
877        0.0013903608377491816
878        0.0010862982588947785
879        0.0014736310875599298
880        0.0017070401211203656
881        0.0014774160989149655
882        0.0010572798385061837
883        0.0013298006560686364
884        0.0016035831440827657
885        0.001428210951299522
886        0.0013802674741357575
887        0.0016754983598284146
888        0.0008579359071410548
889        0.0013487257128438073
890        0.0011077466565733054
891        0.0018824123139036101
892        0.0019063840524854944
893        0.0012187736563209703
894        0.0005955084531920265
895        0.002067877870300279
896        0.001105223315669949
897        0.001469846076204897
898        0.0016313398940196826
899        0.0017991420640928602
900        0.0012086802927075467
901        0.0017146101438304325
902        0.0013462023719404532
903        0.001534191269240475
904        0.0011026999747665916
905        0.0019883926318445626
906        0.0017701236437042663
907        0.001112793338380017
908        0.0012856421902599066
909        0.0017120868029270769
910        0.0010875599293464558
911        0.0019871309613928878
912        0.0012238203381276832
913        0.001455967701236438
914        0.0015783497350492063
915        0.0013159222811001785
916        0.0013083522583901103
917        0.001001766338632351
918        0.00120615695180419
919        0.0012427453949028545
920        0.0013462023719404525
921        0.0012957355538733303
922        0.0014812011102699994
923        0.0008907393388846841
924        0.0012881655311632633
925        0.001642694928084784
926        0.0013979308604592496
927        0.0013171839515518564
928        0.0012995205652283645
929        0.0012831188493565493
930        0.0017726469846076223
931        0.001323492303810247
932        0.0016893767347968725
933        0.001540499621498866
934        0.001058541508957862
935        0.0014055008831693181
936        0.0012641937925813797
937        0.001237698713096141
938        0.0012250820085793611
939        0.0011405500883169338
940        0.0015720413827908146
941        0.0010333080999243012
942        0.001426949280847844
943        0.0010522331566994707
944        0.001141811758768612
945        0.0015266212465304054
946        0.0010989149634115583
947        0.001107746656573304
948        0.0013373706787787063
949        0.0011847085541256631
950        0.0010244764067625562
951        0.0015127428715619483
952        0.001141811758768612
953        0.0011039616452182713
954        0.0012490537471612443
955        0.001281857178904872
956        0.0011834468836739865
957        0.0011998485995457996
958        0.0010320464294726241
959        0.0010850365884431008
960        0.001402977542265962
961        0.0017398435528639925
962        0.0015266212465304076
963        0.0013436790310370932
964        0.0010989149634115596
965        0.0011619984859954607
966        0.001271763815291449
967        0.001100176633863238
968        0.0016401715871814304
969        0.0011405500883169338
970        0.0011834468836739865
971        0.0009689629068887223
972        0.0012112036336109032
973        0.0012667171334847357
974        0.0013638657582639429
975        0.001329800656068636
976        0.001484986121625031
977        0.00140423921271764
978        0.0012086802927075465
979        0.0014786777693666436
980        0.0007658339641685608
981        0.0011506434519303569
982        0.0013991925309109292
983        0.0020350744385566498
984        0.0017095634620237202
985        0.0012768104970981595
986        0.0012414837244511747
987        0.001963159222811003
988        0.001298258894776685
989        0.0010976532929598804
990        0.0010888215997981346
991        0.001796618723189505
992        0.0014004542013626056
993        0.001746151905122383
994        0.001154428463285392
995        0.0015114812011102693
996        0.0013487257128438075
997        0.001396669190007573
998        0.0010181680545041656
999        0.0011090083270249825
1000        0.0010698965430229635
1001        0.001464799394398183
1002        0.001069896543022964
1003        0.0010560181680545067
1004        0.0010963916225082031
1005        0.0012982588947766857
1006        0.0009285894524350248
1007        0.0017057784506686847
1008        0.0017436285642190277
1009        0.002151148120111028
1010        0.000851627554882666
1011        0.0013159222811001778
1012        0.0010307847590209456
1013        0.0010232147363108768
1014        0.001380267474135758
1015        0.0013613424173605855
1016        0.0017209184960888227
1017        0.001209941963159224
1018        0.0007431238960383558
1019        0.001617461519051228
1020        0.002094372949785517
1021        0.0016906384052485506
1022        0.0018155437799646757
1023        0.0017877870300277564
1024        0.001778955336866012
1025        0.0017272268483472127
1026        0.0011241483724451196
1027        0.001363865758263943
1028        0.001935402472874088
1029        0.0014206409285894529
1030        0.001208680292707546
1031        0.0009992429977289954
1032        0.0014181175876860977
1033        0.0010888215997981335
1034        0.001408024224072673
1035        0.0009639162250820093
1036        0.0012276053494827176
1037        0.0011632601564471373
1038        0.0011935402472874105
1039        0.0011052233156699487
1040        0.0009096643956598545
1041        0.0009841029523088582
1042        0.0011291950542518317
1043        0.0013436790310370963
1044        0.0016275548826646495
1045        0.0014887711329800647
1046        0.0014244259399444875
1047        0.0013058289174867552
1048        0.0013247539742619247
1049        0.0018672722684834739
1050        0.0013462023719404516
1051        0.001102699974766593
1052        0.0009147110774665666
1053        0.000931112793338381
1054        0.001244007065354532
1055        0.0012705021448397686
1056        0.0011872318950290198
1057        0.0013663890991672991
1058        0.0010724198839263197
1059        0.0006775170325510983
1060        0.0009449911683068402
1061        0.0015972747918243761
1062        0.0015518546555639671
1063        0.0018218521322230649
1064        0.00114307342922029
1065        0.0012843805198082291
1066        0.001146858440575324
1067        0.0011910169063840534
1068        0.0011922785768357317
1069        0.0012212969972243257
1070        0.0015076961897552356
1071        0.0015531163260156463
1072        0.0012730254857431253
1073        0.0010522331566994718
1074        0.0012175119858692928
1075        0.0010005046681806735
1076        0.0013701741105223324
1077        0.0009941963159222828
1078        0.0009714862477920784
1079        0.0018660105980317957
1080        0.0009740095886954344
1081        0.0014244259399444888
1082        0.0009374211455967709
1083        0.0016111531667928345
1084        0.000918496088821601
1085        0.0010661115316679284
1086        0.0009853646227605366
1087        0.00146101438304315
1088        0.0008806459752712601
1089        0.0016931617461519077
1090        0.0017032551097653289
1091        0.0009740095886954344
1092        0.0012326520312894295
1093        0.001115316679283373
1094        0.0015859197577592743
1095        0.001458491042139796
1096        0.0009134494070148891
1097        0.0016086298258894793
1098        0.0016893767347968718
1099        0.001462276053494829
1100        0.0009916729750189268
1101        0.0015026495079485237
1102        0.0012604087812263455
1103        0.001252838758516278
1104        0.0013865758263941481
1105        0.000932374463790059
1106        0.0011039616452182695
1107        0.0012906888720666178
1108        0.0008957860206913963
1109        0.0018559172344183705
1110        0.0013361090083270273
1111        0.0011948019177390877
1112        0.0016401715871814282
1113        0.0015140045420136271
1114        0.0013398940196820606
1115        0.0014812011102699975
1116        0.001044663133989403
1117        0.0008945243502397184
1118        0.0014547060307847593
1119        0.0013941458491042173
1120        0.0013537723946505198
1121        0.001043401463537725
1122        0.000995457986373959
1123        0.001167045167802171
1124        0.001184708554125663
1125        0.0009841029523088582
1126        0.0012225586676760049
1127        0.0010042896795357066
1128        0.001505172848851881
1129        0.001049709815796116
1130        0.0013815291445874352
1131        0.0020426444612667203
1132        0.0015947514509210218
1133        0.0013411556901337387
1134        0.0017549835982841292
1135        0.0022218016654049983
1136        0.001448397678526372
1137        0.0014622760534948296
1138        0.0009714862477920782
1139        0.001153166792833714
1140        0.0019568508705526157
1141        0.0011014383043149154
1142        0.0018634872571284414
1143        0.0016023214736310895
1144        0.001575826394145849
1145        0.0015783497350492048
1146        0.0009399444865001283
1147        0.0015379762805955105
1148        0.0018660105980317968
1149        0.0021372697451425703
1150        0.0011064849861216273
1151        0.001462276053494828
1152        0.0018798889730002536
1153        0.0018836739843552885
1154        0.002147363108755996
1155        0.0019202624274539503
1156        0.0015707797123391367
1157        0.001712086802927077
1158        0.0013878374968458263
1159        0.0009677012364370439
1160        0.00114938178147868
1161        0.0018634872571284388
1162        0.001313398940196823
1163        0.0013676507696189768
1164        0.0016818067120868052
1165        0.001575826394145851
1166        0.0014622760534948277
1167        0.001366389099167299
1168        0.0013083522583901116
1169        0.0019391874842291238
1170        0.0012679788039364134
1171        0.0015884430986626294
1172        0.0008970476911430748
1173        0.001011859702245774
1174        0.0011884935654806977
1175        0.0012742871561948034
1176        0.0015505929851122892
1177        0.0010534948271511487
1178        0.0015480696442089338
1179        0.002312641937925815
1180        0.0009361594751450932
1181        0.0014395659853646255
1182        0.002096896290688874
1183        0.0015909664395659857
1184        0.0011026999747665931
1185        0.0009172344183699229
1186        0.0016086298258894782
1187        0.001944234166035833
1188        0.0014294726217512004
1189        0.0013701741105223324
1190        0.001177138531415597
1191        0.0011771385314155963
1192        0.0012465304062578867
1193        0.0013613424173605866
1194        0.0009298511228867028
1195        0.0013537723946505196
1196        0.0010295230885692668
1197        0.0016035831440827661
1198        0.0017120868029270769
1199        0.0010635881907645748
1200        0.0016830683825384844
1201        0.0011430734292202896
1202        0.0012894272016149408
1203        0.0014395659853646213
1204        0.0014774160989149646
1205        0.0016111531667928345
1206        0.002212969972243253
1207        0.0023202119606358855
1208        0.0009311127933383802
1209        0.001565733030532426
1210        0.0012427453949028532
1211        0.0014584910421397957
1212        0.001428210951299522
1213        0.001370174110522333
1214        0.0012982588947766862
1215        0.0012768104970981608
1216        0.001551854655563968
1217        0.0010257380772142335
1218        0.0015455463033055767
1219        0.0019404491546807998
1220        0.0013790058036840796
1221        0.0013853141559424696
1222        0.0008491042139793109
1223        0.001146858440575323
1224        0.0014118092354277092
1225        0.0020577845066868565
1226        0.001983345950037853
1227        0.0014647993943981848
1228        0.0015152662124653057
1229        0.002206661619984863
1230        0.002416098914963415
1231        0.0010307847590209462
1232        0.0015190512238203405
1233        0.0016830683825384818
1234        0.0019013373706787795
1235        0.0012112036336109026
1236        0.001898814029775426
1237        0.0014446126671713343
1238        0.001023214736310878
1239        0.00123265203128943
1240        0.0013663890991672991
1241        0.001799142064092861
1242        0.001370174110522334
1243        0.0008617209184960893
1244        0.0011695685087055267
1245        0.0010105980317940974
1246        0.0009904113045672478
1247        0.0010257380772142333
1248        0.0014294726217511996
1249        0.0016868533938935175
1250        0.0012831188493565508
1251        0.002013626040878124
1252        0.0009815796114055026
1253        0.001982084279586175
1254        0.0015972747918243776
1255        0.0018029270754478957
1256        0.001814282109512996
1257        0.0009512995205652303
1258        0.0011657834973504934
1259        0.0010560181680545043
1260        0.0012717638152914483
1261        0.0012995205652283632
1262        0.0010181680545041647
1263        0.0010295230885692672
1264        0.001057279838506184
1265        0.001201110269997477
1266        0.000942467827403484
1267        0.0012477920767095662
1268        0.0017108251324753983
1269        0.0014383043149129473
1270        0.001707040121120363
1271        0.001651526621246531
1272        0.0014206409285894537
1273        0.0010219530658591989
1274        0.0012376987130961407
1275        0.0012250820085793607
1276        0.000989149634115571
1277        0.0014143325763310653
1278        0.0014458743376230146
1279        0.0016717133484733797
1280        0.0012225586676760047
1281        0.002229371688115065
1282        0.001574564723694173
1283        0.0019164774160989172
1284        0.0013827908150391135
1285        0.00106611153166793
1286        0.0013234923038102464
1287        0.0016061064849861228
1288        0.001129195054251829
1289        0.0017676003028009083
1290        0.0010850365884431002
1291        0.0012692404743880922
1292        0.0012212969972243259
1293        0.0013260156447136037
1294        0.0011241483724451183
1295        0.001444612667171337
1296        0.0008137774413323243
1297        0.0016376482462780737
1298        0.0011985869290941232
1299        0.0015329295987887973
1300        0.0010169063840524868
1301        0.001343679031037093
1302        0.0021006813020439104
1303        0.0010408781226343695
1304        0.0011506434519303573
1305        0.0009727479182437558
1306        0.0016363865758263945
1307        0.001341155690133738
1308        0.0011632601564471382
1309        0.0013411556901337396
1310        0.0014912944738834225
1311        0.0017474135755740617
1312        0.001574564723694173
1313        0.0018130204390613188
1314        0.0015833964168559195
1315        0.002308856926570782
1316        0.0006093868281604848
1317        0.0011481201110270013
1318        0.0012086802927075454
1319        0.0013726974514256898
1320        0.0016212465304062597
1321        0.0016262932122129716
1322        0.001365127428715623
1323        0.0009374211455967719
1324        0.0013878374968458256
1325        0.0010017663386323505
1326        0.0010396164521826923
1327        0.0011052233156699487
1328        0.0010408781226343695
1329        0.0011657834973504949
1330        0.0011216250315417636
1331        0.001348725712843805
1332        0.0013108755992934644
1333        0.0010825132475397441
1334        0.0010068130204390624
1335        0.001273025485743126
1336        0.0010005046681806724
1337        0.0012692404743880903
1338        0.001125410042896797
1339        0.0010333080999243005
1340        0.0012831188493565475
1341        0.0010232147363108768
1342        0.0011910169063840527
1343        0.0011796618723189523
1344        0.0014118092354277083
1345        0.001266717133484735
1346        0.001959374211455971
1347        0.0013865758263941483
1348        0.0009714862477920784
1349        0.001623769871309614
1350        0.0017108251324753976
1351        0.001052233156699471
1352        0.0013537723946505185
1353        0.00106611153166793
1354        0.001140550088316934
1355        0.0017171334847337883
1356        0.001728488518798891
1357        0.0017183951551854677
1358        0.002122129699722437
1359        0.001167045167802172
1360        0.002176381529144588
1361        0.001464799394398186
1362        0.0008579359071410564
1363        0.0017701236437042652
1364        0.0009311127933383819
1365        0.0011178400201867283
1366        0.0010648498612162523
1367        0.0011796618723189523
1368        0.0015682563714357817
1369        0.0013827908150391133
1370        0.001049709815796115
1371        0.0017057784506686864
1372        0.0009336361342417377
1373        0.001401715871814285
1374        0.0011493817814786779
1375        0.0009386828160484491
1376        0.0009437294978551615
1377        0.0015871814282109526
1378        0.0011872318950290203
1379        0.0019063840524854944
1380        0.0015190512238203396
1381        0.00097653292959879
1382        0.0017890487004794367
1383        0.0012263436790310393
1384        0.0009626545546303322
1385        0.0013575574060055526
1386        0.0010635881907645724
1387        0.0010875599293464562
1388        0.0010244764067625551
1389        0.0016590966439565997
1390        0.0013272773151652775
1391        0.001056018168054506
1392        0.00104718647489276
1393        0.000992934645470605
1394        0.00167171334847338
1395        0.0010232147363108774
1396        0.001439565985364625
1397        0.0009992429977289954
1398        0.0012364370426444617
1399        0.0013121372697451445
1400        0.0017663386323492325
1401        0.0010774665657330314
1402        0.0010232147363108774
1403        0.0011115316679283385
1404        0.0012351753721927842
1405        0.001336109008327028
1406        0.0015392379510471865
1407        0.0013525107241988403
1408        0.0010396164521826912
1409        0.0011241483724451194
1410        0.0016679283371183462
1411        0.0011468584405753236
1412        0.0011291950542518308
1413        0.001076204895281354
1414        0.0011884935654806973
1415        0.00144208932626798
1416        0.0013550340651021968
1417        0.001332323996971993
1418        0.001346202371940451
1419        0.0011847085541256634
1420        0.0011191016906384069
1421        0.0015985364622760545
1422        0.0008793843048195834
1423        0.0011102699974766604
1424        0.0011001766338632369
1425        0.0013474640423921298
1426        0.001127933383800152
1427        0.0014332576331062337
1428        0.0017057784506686858
1429        0.0012023719404491567
1430        0.0017865253595760811
1431        0.0017890487004794356
1432        0.0017259651778955335
1433        0.0009323744637900609
1434        0.0009109260661115319
1435        0.001623769871309615
1436        0.000789805702750442
1437        0.0009184960888216006
1438        0.0013045672470350762
1439        0.0011683068382538494
1440        0.0013083522583901101
1441        0.0014837244511733566
1442        0.0013197072924552129
1443        0.0014017158718142835
1444        0.001067373202119608
1445        0.0014458743376230148
1446        0.0013487257128438062
1447        0.000934897804693415
1448        0.0013058289174867537
1449        0.0011569518041887484
1450        0.001158213474640427
1451        0.0016969467575069389
1452        0.001109008327024982
1453        0.00111026999747666
1454        0.001474892758011609
1455        0.001437042644461268
1456        0.0015581630078223576
1457        0.0013562957355538752
1458        0.0018685339389351533
1459        0.0016237698713096132
1460        0.0011342417360585442
1461        0.0011254100428967975
1462        0.0011506434519303577
1463        0.001144335099671968
1464        0.0011670451678021726
1465        0.001532929598788797
1466        0.0012187736563209711
1467        0.0014105475649760287
1468        0.001122886701993441
1469        0.0009916729750189264
1470        0.0013121372697451426
1471        0.0019871309613928856
1472        0.0010799899066363874
1473        0.0010370931112793358
1474        0.0009689629068887216
1475        0.0010888215997981333
1476        0.0019391874842291234
1477        0.0014736310875599315
1478        0.001135503406510221
1479        0.00107872823618471
1480        0.0011594751450921038
1481        0.0010093363613424182
1482        0.0015089578602069153
1483        0.0015404996214988653
1484        0.0007002271006813023
1485        0.001259147110774668
1486        0.0009941963159222828
1487        0.0015140045420136252
1488        0.0011695685087055286
1489        0.0011380267474135773
1490        0.0013739591218773688
1491        0.001052233156699471
1492        0.001116578349735051
1493        0.0019972243250063124
1494        0.0009197577592732785
1495        0.001231390360837752
1496        0.0012969972243250072
1497        0.000965177895533688
1498        0.001230128690386073
1499        0.0013979308604592496
1500        0.0012692404743880911
1501        0.0009803179409538238
1502        0.0010749432248296769
1503        0.001141811758768612
1504        0.001040878122634369
1505        0.0014231642694928093
1506        0.0009222811001766353
1507        0.0011834468836739863
1508        0.0011847085541256644
1509        0.0010169063840524866
1510        0.0011821852132223075
1511        0.0017146101438304318
1512        0.0012086802927075465
1513        0.001792833711834471
1514        0.0010635881907645746
1515        0.0014446126671713352
1516        0.001110269997476661
1517        0.0009172344183699236
1518        0.0013726974514256867
1519        0.0009613928841786547
1520        0.001578349735049206
1521        0.0010232147363108764
1522        0.000933636134241737
1523        0.0009752712591471121
1524        0.001409285894524353
1525        0.0015493313146606106
1526        0.0015922281100176651
1527        0.0009878879636638926
1528        0.0013398940196820619
1529        0.0010143830431491307
1530        0.0018496088821599818
1531        0.0012755488266464818
1532        0.0013676507696189764
1533        0.001483724451173355
1534        0.0012578854403229895
1535        0.0012389603835478197
1536        0.001300782235680041
1537        0.0018773656320968982
1538        0.0010711582134746442
1539        0.0016691900075700209
1540        0.0015682563714357832
1541        0.0014420893262679804
1542        0.0019316174615190528
1543        0.001500126167045169
1544        0.0013714357809740125
1545        0.0020994196315922307
1546        0.0011317183951551867
1547        0.0010850365884431002
1548        0.0010434014635377258
1549        0.001246530406257887
1550        0.001105223315669949
1551        0.0012124653040625794
1552        0.0016641433257633105
1553        0.0011026999747665925
1554        0.001455967701236437
1555        0.0012187736563209698
1556        0.0010320464294726233
1557        0.001010598031794097
1558        0.0011127933383800173
1559        0.0015669947009841043
1560        0.0011279333838001527
1561        0.0012906888720666185
1562        0.0015783497350492068
1563        0.0010989149634115583
1564        0.0013184456220035352
1565        0.0012414837244511744
1566        0.0008983093615947528
1567        0.0011985869290941206
1568        0.0012578854403229893
1569        0.0010370931112793351
1570        0.0015140045420136258
1571        0.0018597022457734057
1572        0.0015884430986626314
1573        0.0024514256876104015
1574        0.0024653040625788564
1575        0.0014370426444612692
1576        0.001433257633106234
1577        0.0024249306081251627
1578        0.00088695432752965
1579        0.001149381781478679
1580        0.0017158718142821112
1581        0.0015695180418874581
1582        0.0014963411556901353
1583        0.0012805955084531939
1584        0.0016351249053747168
1585        0.0013462023719404516
1586        0.0014736310875599315
1587        0.0010434014635377258
1588        0.0009979813272773161
1589        0.0012490537471612439
1590        0.0014282109512995227
1591        0.0013928841786525375
1592        0.001505172848851882
1593        0.0009904113045672484
1594        0.0009677012364370435
1595        0.0009260661115316687
1596        0.0013411556901337387
1597        0.0013298006560686357
1598        0.0018584405753217293
1599        0.0010736815543779977
1600        0.0013298006560686373
1601        0.0012389603835478201
1602        0.0013890991672975022
1603        0.0012932122129699737
1604        0.0011266717133484759
1605        0.0011481201110270026
1606        0.0012452687358062097
1607        0.001409285894524353
1608        0.0019240474388089856
1609        0.0011039616452182706
1610        0.0012225586676760023
1611        0.0013159222811001798
1612        0.0012906888720666165
1613        0.0011569518041887482
1614        0.0009626545546303324
1615        0.0013638657582639429
1616        0.0019871309613928865
1617        0.0010042896795357072
1618        0.001433257633106234
1619        0.0011569518041887486
1620        0.0013512490537471626
1621        0.0011153166792833723
1622        0.0010030280090840276
1623        0.0013701741105223329
1624        0.001599798132727733
1625        0.0011026999747665925
1626        0.0009096643956598551
1627        0.0022016149381781517
1628        0.0015909664395659866
1629        0.0011317183951551875
1630        0.0021183446883674007
1631        0.0011493817814786794
1632        0.000967701236437044
1633        0.0010232147363108774
1634        0.001131718395155187
1635        0.0010421397930860483
1636        0.0011973252586424449
1637        0.001042139793086047
1638        0.0010698965430229637
1639        0.0014080242240726748
1640        0.0010181680545041643
1641        0.0020338127681049744
1642        0.0018407771889982357
1643        0.001074943224829676
1644        0.0013272773151652793
1645        0.0010963916225082018
1646        0.0010484481453444377
1647        0.001076204895281355
1648        0.00158213474640424
1649        0.001111531667928339
1650        0.0010131213726974537
1651        0.001076204895281355
1652        0.0010105980317940964
1653        0.0011342417360585436
1654        0.0010572798385061844
1655        0.0011519051223820352
1656        0.0011014383043149144
1657        0.0011859702245773423
1658        0.0009412061569518054
1659        0.0011090083270249825
1660        0.0013487257128438062
1661        0.0011455967701236448
1662        0.0011998485995457994
1663        0.0009475145092101954
1664        0.0009891496341155714
1665        0.0010156447136008084
1666        0.001251577088064599
1667        0.0013853141559424678
1668        0.0011657834973504934
1669        0.001214988644965937
1670        0.0010787282361847106
1671        0.000939944486500127
1672        0.001061064849861219
1673        0.0011342417360585438
1674        0.0015228362351753745
1675        0.0012629321221296992
1676        0.0013752207923290454
1677        0.001032046429472623
1678        0.002258390108503663
1679        0.0009538228614685856
1680        0.0010698965430229641
1681        0.0014887711329800676
1682        0.0011140550088316944
1683        0.001497602826141811
1684        0.0012112036336109028
1685        0.0010787282361847104
1686        0.0011367650769618987
1687        0.0010850365884431006
1688        0.0014282109512995214
1689        0.0012351753721927842
1690        0.0010623265203128956
1691        0.0010963916225082018
1692        0.0011014383043149146
1693        0.0009866262932122151
1694        0.0012288670199343934
1695        0.0015543779964673243
1696        0.0018004037345445386
1697        0.0011897552359323757
1698        0.001274287156194802
1699        0.0018496088821599818
1700        0.0015922281100176658
1701        0.00141054756497603
1702        0.0009626545546303326
1703        0.0011859702245773417
1704        0.0012212969972243267
1705        0.0019139540751955616
1706        0.002590209437294982
1707        0.0009222811001766347
1708        0.001030784759020946
1709        0.0010282614181175895
1710        0.0013033055765833987
1711        0.001977037597779463
1712        0.0009992429977289958
1713        0.0014395659853646237
1714        0.001983345950037854
1715        0.001179661872318951
1716        0.0016187231895029022
1717        0.00133484733787535
1718        0.0014155942467827419
1719        0.001310875599293467
1720        0.0013209689629068906
1721        0.0013626040878122665
1722        0.0012414837244511749
1723        0.001009336361342419
1724        0.0014231642694928091
1725        0.002133484733787539
1726        0.0009752712591471123
1727        0.0011153166792833712
1728        0.001566994700984105
1729        0.0011430734292202885
1730        0.0013197072924552118
1731        0.001488771132980067
1732        0.0013928841786525375
1733        0.0009878879636638922
1734        0.0015518546555639663
1735        0.0010269997476659131
1736        0.0018319454958364903
1737        0.0017966187231895044
1738        0.0016717133484733808
1739        0.0011493817814786803
1740        0.0010976532929598808
1741        0.0015669947009841032
1742        0.0012780721675498367
1743        0.0014685844057532186
1744        0.0015468079737572555
1745        0.0020994196315922307
1746        0.0017688619732525869
1747        0.0010585415089578616
1748        0.0015606863487257145
1749        0.001285642190259905
1750        0.0014269492808478444
1751        0.0014219025990411325
1752        0.001073681554377998
1753        0.0015997981327277317
1754        0.0016389099167297514
1755        0.001411809235427707
1756        0.0015960131213726986
1757        0.0011493817814786794
1758        0.0015203128942720184
1759        0.0012452687358062106
1760        0.0011771385314155965
1761        0.0016363865758263936
1762        0.001734796871057283
1763        0.0018041887458995732
1764        0.001476154428463287
1765        0.0019782992682311398
1766        0.0022735301539237997
1767        0.0010736815543779974
1768        0.0011657834973504944
1769        0.001439565985364625
1770        0.0015329295987887993
1771        0.0014080242240726718
1772        0.0023845571536714656
1773        0.0012187736563209711
1774        0.00122003532677265
1775        0.0012427453949028532
1776        0.001314660610648502
1777        0.0011115316679283387
1778        0.00259273277819834
1779        0.002201614938178152
1780        0.0011784002018672738
1781        0.0018067120868029292
1782        0.0017221801665405028
1783        0.0015669947009841056
1784        0.0015581630078223567
1785        0.001626293212212971
1786        0.0021372697451425716
1787        0.0017411052233156706
1788        0.0028286651526621275
1789        0.001394145849104215
1790        0.0016868533938935145
1791        0.0015140045420136282
1792        0.0013348473378753496
1793        0.0021675498359828437
1794        0.0015947514509210218
1795        0.001525359576078729
1796        0.00137900580368408
1797        0.0016742366893767375
1798        0.0011784002018672734
1799        0.0013903608377491816
1800        0.001237698713096141
1801        0.00135251072419884
1802        0.001260408781226345
1803        0.0012011102699974795
1804        0.0008781226343679052
1805        0.001445874337623017
1806        0.0015152662124653066
1807        0.0017297501892505687
1808        0.0015594246782740363
1809        0.0016729750189250587
1810        0.0011594751450921038
1811        0.0011014383043149148
1812        0.001264193792581381
1813        0.0020022710068130227
1814        0.001233913701741108
1815        0.0016275548826646476
1816        0.00167171334847338
1817        0.0015745647236941722
1818        0.0014748927580116088
1819        0.0016111531667928347
1820        0.0015871814282109526
1821        0.0018092354277062853
1822        0.0015480696442089338
1823        0.0017347968710572795
1824        0.001355034065102198
1825        0.0013954075195558922
1826        0.0022016149381781486
1827        0.0018344688367398446
1828        0.001459752712591474
1829        0.0015594246782740353
1830        0.0013600807469089087
1831        0.0017991420640928602
1832        0.0021789048700479458
1833        0.0012313903608377513
1834        0.0017625536209941986
1835        0.001502649507948526
1836        0.001553116326015645
1837        0.0014572293716881158
1838        0.0016679283371183451
1839        0.0013676507696189773
1840        0.0014912944738834234
1841        0.0008188241231390386
1842        0.0013348473378753496
1843        0.0019454958364875134
1844        0.0013890991672975046
1845        0.0019152157456472393
1846        0.0022520817562452725
1847        0.001800403734544539
1848        0.001251577088064599
1849        0.001178400201867274
1850        0.0016288165531163279
1851        0.0013966691900075708
1852        0.0015707797123391371
1853        0.0013121372697451439
1854        0.0012667171334847355
1855        0.0019934393136512778
1856        0.001540499621498867
1857        0.0010547564976028287
1858        0.0015190512238203405
1859        0.0015354529396921545
1860        0.001114055008831695
1861        0.0011910169063840542
1862        0.0014370426444612673
1863        0.0012667171334847349
1864        0.0011317183951551873
1865        0.0019492808478425454
1866        0.0018874589957103252
1867        0.0018647489275801174
1868        0.0016792833711834492
1869        0.0012427453949028532
1870        0.0014774160989149637
1871        0.001805450416351252
1872        0.001011859702245775
1873        0.0021410547564976066
1874        0.0022672218016654105
1875        0.0012427453949028539
1876        0.0010787282361847102
1877        0.001264193792581379
1878        0.001068634872571286
1879        0.0023555387332828705
1880        0.0023050719152157523
1881        0.0011897552359323772
1882        0.0011556901337370705
1883        0.002380772142316433
1884        0.002872823618470862
1885        0.002167549835982846
1886        0.0012313903608377505
1887        0.002364370426444617
1888        0.0016426949280847873
1889        0.001488771132980067
1890        0.0017398435528639944
1891        0.0009601312137269757
1892        0.0012692404743880916
1893        0.0010042896795357066
1894        0.0015329295987888008
1895        0.0014332576331062353
1896        0.0014938178147867775
1897        0.0011834468836739865
1898        0.0008907393388846844
1899        0.0016616199848599573
1900        0.0011279333838001527
1901        0.0017019934393136518
1902        0.00101438304314913
1903        0.000980317940953824
1904        0.001650264950794853
1905        0.0024299772899318735
1906        0.0010963916225082023
1907        0.0011014383043149146
1908        0.0012692404743880911
1909        0.002571284380519814
1910        0.0013285389856169576
1911        0.0013638657582639455
1912        0.0027504415846580916
1913        0.0011304567247035087
1914        0.0016843300529901628
1915        0.0015745647236941717
1916        0.0016868533938935166
1917        0.002696189755235938
1918        0.0013663890991673004
1919        0.0028084784254352783
1920        0.0010509714862477946
1921        0.0012187736563209703
1922        0.0009651778955336883
1923        0.0010951299520565246
1924        0.0016603583144082796
1925        0.001657834973504922
1926        0.0016414332576331076
1927        0.002431238960383551
1928        0.0017625536209941986
1929        0.0019745142568761073
1930        0.0025788544032298785
1931        0.0010143830431491312
1932        0.002366893767347971
1933        0.002389603835478179
1934        0.0020918496088821632
1935        0.0015480696442089347
1936        0.0013575574060055522
1937        0.001044663133989404
1938        0.001389099167297502
1939        0.001077466565733033
1940        0.0017915720413827925
1941        0.0022634367903103737
1942        0.001249053747161243
1943        0.0014282109512995214
1944        0.0016086298258894771
1945        0.002001009336361345
1946        0.0028400201867272313
1947        0.0011279333838001531
1948        0.0029270754478930134
1949        0.0007683573050719172
1950        0.00271385314155943
1951        0.0024981074943224877
1952        0.0013663890991672987
1953        0.0008629825889477686
1954        0.001694423416603584
1955        0.0012402220539994972
1956        0.0013323239969719929
1957        0.0013941458491042139
1958        0.0015203128942720167
1959        0.0013689124400706537
1960        0.001184708554125664
1961        0.0011632601564471373
1962        0.0015291445874337616
1963        0.0015657330305324257
1964        0.0015695180418874594
1965        0.001592228110017664
1966        0.0012944738834216518
1967        0.0015594246782740361
1968        0.0015960131213726989
1969        0.0014092858945243519
1970        0.0019190007570022748
1971        0.0010370931112793351
1972        0.0016969467575069402
1973        0.0012200353267726497
1974        0.0017739086550593
1975        0.0014055008831693196
1976        0.0015947514509210212
1977        0.0013827908150391137
1978        0.0012982588947766875
1979        0.0016199848599545827
1980        0.0011443350996719675
1981        0.002133484733787538
1982        0.0015480696442089358
1983        0.0019177390865505954
1984        0.0020350744385566524
1985        0.001426949280847846
1986        0.0015379762805955099
1987        0.0023580620741862237
1988        0.0026596013121372754
1989        0.0015531163260156457
1990        0.001848347211708304
1991        0.0013108755992934675
1992        0.0012061569518041911
1993        0.0015442846328538996
1994        0.0021069896543023017
1995        0.0011064849861216258
1996        0.0009159727479182448
1997        0.0010711582134746407
1998        0.0012036336109008355
1999        0.0014786777693666425
2000        0.0013966691900075716
2001        0.0014900328034317433
2002        0.0011834468836739865
2003        0.0014294726217512006
2004        0.0018874589957103213
2005        0.0012705021448397701
2006        0.0010118597022457751
2007        0.0018016654049962185
2008        0.001560686348725716
2009        0.0020211960635881927
2010        0.0021044663133989398
2011        0.0021196063588190795
2012        0.001800403734544538
2013        0.0018205904617713872
2014        0.0012919505425182962
2015        0.0013310623265203143
2016        0.0010484481453444377
2017        0.0013171839515518566
2018        0.0010913449407014902
2019        0.0009765329295987892
2020        0.0014483976785263685
2021        0.001102699974766593
2022        0.001304567247035077
2023        0.0009172344183699225
2024        0.000907141054756498
2025        0.001453444360333082
2026        0.001342417360585418
2027        0.0009512995205652301
2028        0.0012654554630330583
2029        0.0010459248044410816
2030        0.0011455967701236452
2031        0.0011506434519303575
2032        0.001220035326772649
2033        0.0014938178147867777
2034        0.0012124653040625818
2035        0.0011405500883169331
2036        0.0013726974514256887
2037        0.0015177895533686622
2038        0.0014231642694928113
2039        0.0010926066111531679
2040        0.0013222306333585696
2041        0.0010206913954075212
2042        0.0011910169063840549
2043        0.0010396164521826916
2044        0.001225082008579361
2045        0.001322230633358567
2046        0.0013651274287156201
2047        0.0012667171334847357
2048        0.0015152662124653044
2049        0.001352510724198842
2050        0.0018508705526116575
2051        0.0014912944738834216
2052        0.0019429724955841554
2053        0.0011582134746404252
2054        0.001194801917739089
2055        0.001694423416603585
2056        0.0007683573050719173
2057        0.0020098410295230893
2058        0.0013133989401968233
2059        0.0012250820085793611
2060        0.001569518041887461
2061        0.001698208427958619
2062        0.0014925561443351026
2063        0.001472369417108252
2064        0.001515266212465305
2065        0.0014055008831693173
2066        0.0018067120868029282
2067        0.0009777946000504687
2068        0.001202371940449156
2069        0.001974514256876106
2070        0.0013361090083270262
2071        0.0017070401211203641
2072        0.0018054504163512496
2073        0.0013171839515518577
2074        0.0011821852132223086
2075        0.0014559677012364375
2076        0.001175876860963918
2077        0.0009475145092101961
2078        0.0012995205652283643
2079        0.0017385818824123146
2080        0.001293212212969975
2081        0.0011165783497350508
2082        0.001855917234418373
2083        0.0010232147363108774
2084        0.0012212969972243274
2085        0.0010068130204390622
2086        0.001141811758768611
2087        0.001399192530910926
2088        0.0013298006560686355
2089        0.001213726974514258
2090        0.0011443350996719675
2091        0.0015102195306585925
2092        0.0016666666666666666
2093        0.0014534443603330816
2094        0.0014105475649760317
2095        0.0013499873832954834
2096        0.001073681554377998
2097        0.001471107746656574
2098        0.001116578349735051
2099        0.001847085541256627
2100        0.001647741609891497
2101        0.0011455967701236457
2102        0.0013764824627807222
2103        0.0011392884178652557
2104        0.0017083017915720438
2105        0.0015669947009841014
2106        0.0010762048952813528
2107        0.0011607368155437817
2108        0.001140550088316933
2109        0.001672975018925057
2110        0.0014168559172344196
2111        0.0011695685087055284
2112        0.0011708301791572067
2113        0.0015341912692404748
2114        0.0018710572798385076
2115        0.00153797628059551
2116        0.0010875599293464564
2117        0.0010509714862477941
2118        0.0013701741105223333
2119        0.001896290688872069
2120        0.0009046177138531426
2121        0.001250315417612921
2122        0.0009058793843048219
2123        0.0013840524854907908
2124        0.0013373706787787039
2125        0.0013840524854907912
2126        0.0014408276558163019
2127        0.001197325258642444
2128        0.0013613424173605877
2129        0.0021549331314660632
2130        0.001773908655059299
2131        0.0020022710068130236
2132        0.0015619480191773928
2133        0.0010976532929598806
2134        0.002038859449911685
2135        0.0015001261670451694
2136        0.0012124653040625805
2137        0.0018344688367398462
2138        0.0012768104970981606
2139        0.0012326520312894295
2140        0.0013550340651021973
2141        0.0012995205652283639
2142        0.0009336361342417367
2143        0.0011657834973504944
2144        0.0009740095886954338
2145        0.001387837496845824
2146        0.0010888215997981352
2147        0.0012225586676760055
2148        0.001241483724451176
2149        0.0012869038607115845
2150        0.001426949280847845
2151        0.0012440070653545326
2152        0.0013928841786525375
2153        0.0008932626797880403
2154        0.0010812515770880664
2155        0.0013764824627807233
2156        0.0009727479182437559
2157        0.0013537723946505198
2158        0.0013928841786525383
2159        0.0012440070653545307
2160        0.0015039111784002047
2161        0.0011922785768357317
2162        0.0015001261670451699
2163        0.0016010598031794096
2164        0.0014408276558163043
2165        0.0013525107241988427
2166        0.0018268988140297789
2167        0.0012553620994196332
2168        0.001408024224072674
2169        0.0015669947009841034
2170        0.0017486752460257383
2171        0.001810497098157962
2172        0.0015442846328538992
2173        0.0015404996214988653
2174        0.001154428463285392
2175        0.001889982336613678
2176        0.0020148877113298023
2177        0.0020111026999747685
2178        0.001541761291950544
2179        0.0017625536209941973
2180        0.001536714610143832
2181        0.0009979813272773183
2182        0.001664143325763311
2183        0.0015543779964673243
2184        0.0013575574060055544
2185        0.0015745647236941728
2186        0.001453444360333082
2187        0.0015341912692404763
2188        0.0015531163260156476
2189        0.0011607368155437823
2190        0.0017903103709311153
2191        0.0021246530406257907
2192        0.0014231642694928096
2193        0.001530406257885441
2194        0.0012490537471612445
2195        0.001835730507191523
2196        0.0015468079737572561
2197        0.0013764824627807246
2198        0.0016893767347968714
2199        0.0012477920767095647
2200        0.001223820338127683
2201        0.0012515770880645988
2202        0.001233913701741107
2203        0.0009664395659853662
2204        0.0009967196568256389
2205        0.0010799899066363879
2206        0.001400454201362604
2207        0.0010005046681806724
2208        0.0012099419631592247
2209        0.0009285894524350253
2210        0.0014256876103961665
2211        0.0010042896795357072
2212        0.0010610648498612179
2213        0.0008831693161746168
2214        0.0013247539742619228
2215        0.001323492303810247
2216        0.0017991420640928598
2217        0.0014912944738834225
2218        0.001361342417360588
2219        0.0009740095886954338
2220        0.0009348978046934155
2221        0.0009374211455967714
2222        0.0016868533938935164
2223        0.001524097905627051
2224        0.0012629321221297033
2225        0.0012011102699974782
2226        0.001233913701741108
2227        0.0015758263941458516
2228        0.001532929598788798
2229        0.0009740095886954349
2230        0.0011859702245773413
2231        0.001342417360585418
2232        0.001326015644713601
2233        0.0009550845319202638
2234        0.0009424678274034844
2235        0.001961897552359324
2236        0.0015392379510471867
2237        0.0014534443603330819
2238        0.001950542518294223
2239        0.0011632601564471377
2240        0.0017739086550592974
2241        0.0012389603835478175
2242        0.0013070905879384333
2243        0.0011784002018672734
2244        0.0014647993943981842
2245        0.0013676507696189764
2246        0.0011821852132223075
2247        0.0013398940196820608
2248        0.0011556901337370696
2249        0.001265455463033056
2250        0.0015190512238203392
2251        0.001756245268735808
2252        0.0015770880645975289
2253        0.0010320464294726233
2254        0.0020224577340398706
2255        0.0013941458491042145
2256        0.0015505929851122892
2257        0.0013058289174867545
2258        0.0013979308604592504
2259        0.0021599798132727736
2260        0.0015039111784002038
2261        0.0018899823366136789
2262        0.0015253595760787288
2263        0.0013550340651021966
2264        0.0017196568256371448
2265        0.001895029018420391
2266        0.0010345697703759793
2267        0.0012149886449659357
2268        0.0014055008831693181
2269        0.0015859197577592747
2270        0.0014219025990411325
2271        0.0012238203381276837
2272        0.0022672218016654075
2273        0.0008011607368155456
2274        0.002224325006308355
2275        0.001448397678526371
2276        0.0011090083270249825
2277        0.0012591471107746672
2278        0.0015695180418874573
2279        0.0015632096896290727
2280        0.0011443350996719675
2281        0.0015430229624022232
2282        0.0013714357809740112
2283        0.0013752207923290445
2284        0.001204895281352512
2285        0.0012225586676760053
2286        0.0014004542013626047
2287        0.0015013878374968471
2288        0.0014925561443350991
2289        0.001328538985616959
2290        0.0014635377239465073
2291        0.001555639666919002
2292        0.0012995205652283643
2293        0.002095634620237198
2294        0.0014231642694928117
2295        0.0012389603835478195
2296        0.0015392379510471867
2297        0.0016515266212465288
2298        0.0016098914963411566
2299        0.001344940701488772
2300        0.0014055008831693175
2301        0.0010547564976028287
2302        0.00128816553116326
2303        0.0009828412818571792
2304        0.0011708301791572052
2305        0.0011014383043149146
2306        0.0014521826898814024
2307        0.0014849861216250351
2308        0.0012351753721927857
2309        0.001035831440827658
2310        0.0011443350996719675
2311        0.0014370426444612664
2312        0.0011960635881907657
2313        0.0011279333838001536
2314        0.001358819076457231
2315        0.0012768104970981586
2316        0.0011077466565733048
2317        0.001114055008831694
2318        0.0014736310875599291
2319        0.0010358314408276572
2320        0.001690638405248552
2321        0.0015619480191773906
2322        0.0009752712591471121
2323        0.0008692909412061584
2324        0.0015796114055008843
2325        0.0013777441332324019
2326        0.0010926066111531679
2327        0.0011657834973504925
2328        0.0013853141559424676
2329        0.0010888215997981346
2330        0.0011165783497350489
2331        0.0012175119858692917
2332        0.0009714862477920771
2333        0.0013058289174867539
2334        0.0016439565985364633
2335        0.0014761544284632863
2336        0.0015884430986626296
2337        0.0011342417360585436
2338        0.0017171334847337898
2339        0.0014092858945243501
2340        0.0014925561443350998
2341        0.0016300782235680043
2342        0.0012452687358062103
2343        0.001483724451173356
2344        0.0011191016906384069
2345        0.001295735553873329
2346        0.001177138531415596
2347        0.0015266212465304067
2348        0.0012099419631592244
2349        0.0015367146101438304
2350        0.0011430734292202894
2351        0.0012351753721927849
2352        0.0015140045420136282
2353        0.001114055008831694
2354        0.0016729750189250592
2355        0.0011481201110270023
2356        0.001338632349230382
2357        0.0013600807469089087
2358        0.0011443350996719677
2359        0.0011380267474135773
2360        0.0014168559172344176
2361        0.0013033055765833972
2362        0.001081251577088067
2363        0.0014723694171082519
2364        0.001377744133232402
2365        0.0009651778955336873
2366        0.0006497602826141814
2367        0.0010673732021196066
2368        0.0008263941458491045
2369        0.0010484481453444374
2370        0.0013550340651021968
2371        0.0010560181680545058
2372        0.0013991925309109268
2373        0.0010497098157961158
2374        0.0014080242240726729
2375        0.0012528387585162759
2376        0.0012440070653545324
2377        0.0006598536462276061
2378        0.0008478425435276318
2379        0.0010358314408276574
2380        0.0010181680545041656
2381        0.0010976532929598806
2382        0.0012074186222558686
2383        0.0011216250315417634
2384        0.001052233156699471
2385        0.0009424678274034838
2386        0.0012048952813525132
2387        0.0011973252586424442
2388        0.0012541004289679557
2389        0.0013197072924552126
2390        0.0011342417360585444
2391        0.0015064345193035586
2392        0.001209941963159225
2393        0.0011657834973504949
2394        0.0010358314408276574
2395        0.00098284128185718
2396        0.0009967196568256382
2397        0.0011241483724451185
2398        0.0008730759525611922
2399        0.0011922785768357332
2400        0.0011317183951551877
2401        0.0012641937925813786
2402        0.0009109260661115324
2403        0.0011430734292202887
2404        0.00095760787282362
2405        0.0012805955084531934
2406        0.0009954579863739597
2407        0.0007683573050719167
2408        0.0009462528387585167
2409        0.0013197072924552103
2410        0.001482462780721676
2411        0.0014017158718142833
2412        0.001310875599293467
2413        0.0011884935654806982
2414        0.001400454201362605
2415        0.0012818571789048711
2416        0.0013386323492303824
2417        0.0015808730759525626
2418        0.001925309109260663
2419        0.0009790562705021464
2420        0.0009361594751450936
2421        0.0010295230885692672
2422        0.0011720918496088834
2423        0.0011973252586424442
2424        0.0011418117587686115
2425        0.0010118597022457751
2426        0.001054756497602828
2427        0.0011809235427706287
2428        0.001376482462780724
2429        0.0010396164521826914
2430        0.001064849861216252
2431        0.0011090083270249834
2432        0.0011796618723189523
2433        0.0013575574060055516
2434        0.0013197072924552129
2435        0.0010686348725712856
2436        0.0010963916225082016
2437        0.0011594751450921027
2438        0.0014988644965934904
2439        0.0009740095886954357
2440        0.0013033055765833974
2441        0.0013373706787787056
2442        0.0010736815543779983
2443        0.001048448145344438
2444        0.0011266717133484752
2445        0.0013550340651021955
2446        0.0011191016906384069
2447        0.0011241483724451196
2448        0.0010257380772142333
2449        0.0010774665657330325
2450        0.0014256876103961643
2451        0.001073681554377998
2452        0.0009979813272773174
2453        0.001156951804188748
2454        0.0012301286903860734
2455        0.0014660610648498608
2456        0.0010862982588947777
2457        0.0011127933383800169
2458        0.0009058793843048209
2459        0.001100176633863237
2460        0.0013802674741357562
2461        0.0011001766338632364
2462        0.0012856421902599066
2463        0.0012490537471612428
2464        0.0011973252586424449
2465        0.0009639162250820106
2466        0.0010749432248296767
2467        0.001158213474640426
2468        0.0014521826898814022
2469        0.0010370931112793345
2470        0.0010862982588947779
2471        0.0008554125662376989
2472        0.0012503154176129218
2473        0.0011266717133484748
2474        0.0008907393388846842
2475        0.0010572798385061837
2476        0.0010509714862477941
2477        0.0013991925309109249
2478        0.0010333080999243007
2479        0.0012604087812263466
2480        0.0011657834973504923
2481        0.0010156447136008095
2482        0.0011493817814786798
2483        0.001244007065354532
2484        0.0012023719404491554
2485        0.0009904113045672476
2486        0.0011153166792833725
2487        0.0012414837244511734
2488        0.0011102699974766608
2489        0.0016792833711834466
2490        0.0015442846328538992
2491        0.0014521826898814016
2492        0.0012755488266464807
2493        0.0015165278829169832
2494        0.0010055513499873845
2495        0.000970224577340401
2496        0.0011355034065102213
2497        0.0010926066111531685
2498        0.0013373706787787039
2499        0.0013928841786525386
2500        0.001413070905879384
2501        0.001363865758263944
2502        0.0010244764067625545
2503        0.0010497098157961147
2504        0.001053494827151149
2505        0.0011241483724451185
2506        0.0012061569518041907
2507        0.0014862477920767104
2508        0.0013550340651021973
2509        0.0012351753721927844
2510        0.0011342417360585425
2511        0.0008629825889477675
2512        0.0010812515770880664
2513        0.0014282109512995203
2514        0.001105223315669949
2515        0.0009626545546303315
2516        0.0009361594751450929
2517        0.001146858440575323
2518        0.0010875599293464562
2519        0.0010169063840524872
2520        0.0010926066111531677
2521        0.00120615695180419
2522        0.0011443350996719677
2523        0.0012755488266464803
2524        0.001226343679031039
2525        0.0014193792581377758
2526        0.001040878122634369
2527        0.0013108755992934657
2528        0.0010118597022457751
2529        0.0011657834973504934
2530        0.001061064849861217
2531        0.0008667676003028011
2532        0.0013209689629068893
2533        0.00115569013373707
2534        0.0013991925309109244
2535        0.001079989906636389
2536        0.001445874337623014
2537        0.0012263436790310395
2538        0.0009941963159222824
2539        0.00151148120111027
2540        0.0008364875094625285
2541        0.001132980065606866
2542        0.001508957860206915
2543        0.0009323744637900588
2544        0.001112793338380017
2545        0.0009260661115316693
2546        0.0010661115316679282
2547        0.0009361594751450939
2548        0.0011960635881907659
2549        0.0008655059298511234
2550        0.0011380267474135764
2551        0.0013020439061317186
2552        0.0010232147363108768
2553        0.0009916729750189264
2554        0.001140550088316933
2555        0.0010560181680545058
2556        0.0013764824627807222
2557        0.0011329800656068652
2558        0.001107746656573305
2559        0.0009512995205652301
2560        0.0010888215997981352
2561        0.0014446126671713343
2562        0.0013752207923290437
2563        0.0010497098157961156
2564        0.000986626293212214
2565        0.0010862982588947783
2566        0.001114055008831695
2567        0.0015102195306585912
2568        0.0011809235427706298
2569        0.0010598031794095397
2570        0.0010219530658591993
2571        0.0009967196568256382
2572        0.0013903608377491806
2573        0.0010938682816048469
2574        0.00098284128185718
2575        0.0009109260661115337
2576        0.0011367650769618977
2577        0.0010963916225082031
2578        0.001127933383800154
2579        0.001196063588190765
2580        0.0011342417360585434
2581        0.0009853646227605368
2582        0.0012212969972243267
2583        0.0013474640423921291
2584        0.0012048952813525117
2585        0.0010143830431491312
2586        0.0012351753721927847
2587        0.0009853646227605368
2588        0.0009576078728236192
2589        0.0012187736563209698
2590        0.0009311127933383819
2591        0.0014963411556901333
2592        0.0010169063840524868
2593        0.0011039616452182713
2594        0.0011102699974766617
2595        0.0012995205652283632
2596        0.0010295230885692664
2597        0.0013209689629068873
2598        0.0010282614181175887
2599        0.0009336361342417373
2600        0.0006749936916477419
2601        0.000929851122886704
2602        0.0009979813272773164
2603        0.0010926066111531674
2604        0.0010434014635377251
2605        0.0010333080999243012
2606        0.0009475145092101954
2607        0.0009348978046934144
2608        0.0008301791572041385
2609        0.001049709815796114
2610        0.0011443350996719669
2611        0.0010749432248296762
2612        0.000707797123391371
2613        0.000956346202371942
2614        0.001589704769114307
2615        0.0013133989401968203
2616        0.0013424173605854168
2617        0.001138026747413576
2618        0.0012048952813525126
2619        0.0014004542013626058
2620        0.0014105475649760302
2621        0.0011973252586424431
2622        0.0010888215997981335
2623        0.0009576078728236198
2624        0.0007355538733282887
2625        0.0006283118849356561
2626        0.000779712339137019
2627        0.0007797123391370196
2628        0.0007103204642947276
2629        0.0007582639414584925
2630        0.0007822356800403752
2631        0.0007973757254605119
2632        0.0008200857935907167
2633        0.0008478425435276332
2634        0.0008755992934645474
2635        0.000668685339389353
2636        0.0008478425435276319
2637        0.0006510219530658594
2638        0.0007090587938430501
2639        0.0007834973504920533
2640        0.0007178904870047952
2641        0.000683825384809489
2642        0.0006901337370678786
