1        0.0005866767600302803
2        0.0007380772142316446
3        0.0007620489528135263
4        0.0005992934645470603
5        0.0006737320211960651
6        0.0006434519303557922
7        0.0008680292707544791
8        0.0006396669190007583
9        0.001025738077214232
10        0.0009727479182437552
11        0.0012238203381276828
12        0.001047186474892758
13        0.0008957860206913974
14        0.0006535452939692156
15        0.0010206913954075205
16        0.0012541004289679538
17        0.001184708554125664
18        0.0006182185213222318
19        0.0009992429977289932
20        0.0010787282361847093
21        0.0010320464294726226
22        0.0008667676003028021
23        0.0009803179409538238
24        0.0010269997476659116
25        0.0006787787030027768
26        0.0010219530658591984
27        0.00114307342922029
28        0.000898309361594753
29        0.001105223315669947
30        0.0010850365884431
31        0.000968962906888722
32        0.001389099167297503
33        0.0010774665657330314
34        0.0006573303053242506
35        0.0014559677012364377
36        0.0009449911683068405
37        0.0009878879636638928
38        0.0012805955084531932
39        0.0013764824627807218
40        0.0007961140550088325
41        0.0009790562705021472
42        0.0009878879636638922
43        0.001300782235680042
44        0.0009159727479182451
45        0.0012477920767095642
46        0.0006484986121625048
47        0.0010774665657330312
48        0.0012705021448397693
49        0.000958869543275298
50        0.0013247539742619234
51        0.0012200353267726477
52        0.0008932626797880403
53        0.001127933383800153
54        0.000987887963663893
55        0.001389099167297504
56        0.0011241483724451198
57        0.0010497098157961154
58        0.000878122634367905
59        0.0006598536462276068
60        0.0013133989401968216
61        0.0011191016906384047
62        0.0013260156447136018
63        0.0014067625536209954
64        0.0006787787030027765
65        0.001216250315417614
66        0.001015644713600809
67        0.0011001766338632375
68        0.0010396164521826918
69        0.0010989149634115585
70        0.0010509714862477935
71        0.0009222811001766352
72        0.0008390108503658848
73        0.0006421902599041139
74        0.0007267221801665414
75        0.0008856926570779723
76        0.0008188241231390371
77        0.0012944738834216516
78        0.0010648498612162531
79        0.0011657834973504931
80        0.0009752712591471124
81        0.0012326520312894288
82        0.001047186474892758
83        0.0013663890991672993
84        0.001202371940449157
85        0.001158213474640426
86        0.0009462528387585167
87        0.0006156951804188751
88        0.0010358314408276572
89        0.0010635881907645744
90        0.0014219025990411306
91        0.0012541004289679544
92        0.0013474640423921285
93        0.0012313903608377507
94        0.0015455463033055773
95        0.000898309361594753
96        0.0015745647236941715
97        0.000662376987130963
98        0.0008781226343679036
99        0.001010598031794097
100        0.0010762048952813546
101        0.001173353520060563
102        0.0008617209184960885
103        0.0011228867019934402
104        0.0011178400201867279
105        0.000989149634115571
106        0.000753217259651781
107        0.0009828412818571803
108        0.001100176633863236
109        0.001222558667676004
110        0.0011014383043149144
111        0.0007027504415846596
112        0.0007317688619732537
113        0.0009613928841786539
114        0.0009979813272773157
115        0.0012717638152914463
116        0.0006447136008074702
117        0.0009550845319202637
118        0.0013777441332324008
119        0.0011355034065102204
120        0.0009008327024981097
121        0.0009336361342417378
122        0.0009096643956598555
123        0.0008718142821095145
124        0.0011607368155437817
125        0.0011607368155437823
126        0.001167045167802171
127        0.0012477920767095638
128        0.0008629825889477679
129        0.001081251577088066
130        0.001127933383800153
131        0.0008730759525611923
132        0.0008743376230128698
133        0.0012982588947766849
134        0.000994196315922283
135        0.0010244764067625564
136        0.0012061569518041894
137        0.0012011102699974773
138        0.0012351753721927849
139        0.0010812515770880664
140        0.0010370931112793354
141        0.0011279333838001534
142        0.0009613928841786544
143        0.0010648498612162527
144        0.000950037850113552
145        0.0009020943729497872
146        0.001006813020439063
147        0.0009979813272773148
148        0.001119101690638406
149        0.0012831188493565497
150        0.001260408781226345
151        0.0012465304062578872
152        0.001139288417865255
153        0.0014534443603330816
154        0.00104718647489276
155        0.0013083522583901093
156        0.0013966691900075716
157        0.0009058793843048208
158        0.0015215745647236946
159        0.0009639162250820096
160        0.001203633610900835
161        0.0010421397930860485
162        0.0014307342922028786
163        0.001493817814786777
164        0.0013159222811001776
165        0.0009096643956598553
166        0.0014193792581377767
167        0.001300782235680043
168        0.001276810497098159
169        0.0010522331566994707
170        0.0009058793843048214
171        0.0007204138279081522
172        0.001213726974514259
173        0.0009563462023719425
174        0.0010244764067625551
175        0.001246530406257887
176        0.0008541508957860213
177        0.0007443855664900331
178        0.0011430734292202907
179        0.0009866262932122154
180        0.0011493817814786796
181        0.001474892758011607
182        0.000775927327781984
183        0.0008781226343679036
184        0.0010358314408276568
185        0.0009639162250820104
186        0.0012755488266464818
187        0.0008339641685591734
188        0.0011733535200605602
189        0.0014471360080746927
190        0.0010862982588947785
191        0.0015291445874337625
192        0.0009941963159222826
193        0.0011468584405753231
194        0.0011922785768357323
195        0.001203633610900834
196        0.0011493817814786794
197        0.001309613928841787
198        0.0011178400201867292
199        0.0012477920767095638
200        0.001069896543022963
201        0.0012402220539994974
202        0.0013916225082008593
203        0.0009702245773404
204        0.0009437294978551613
205        0.0011443350996719667
206        0.0013121372697451445
207        0.0011619984859954594
208        0.0011405500883169334
209        0.001309613928841786
210        0.0010900832702498134
211        0.0010093363613424193
212        0.0010534948271511508
213        0.001423164269492808
214        0.0011746151905122398
215        0.000984102952308858
216        0.0011657834973504942
217        0.001174615190512239
218        0.0009525611910169081
219        0.0010156447136008102
220        0.001067373202119607
221        0.0012326520312894288
222        0.001116578349735051
223        0.001116578349735052
224        0.0012364370426444634
225        0.0008882159979813289
226        0.0011569518041887469
227        0.001029523088569267
228        0.0010623265203128967
229        0.0012654554630330565
230        0.0009134494070148889
231        0.00109134494070149
232        0.0012200353267726477
233        0.0012276053494827165
234        0.001105223315669948
235        0.0009020943729497875
236        0.001177138531415595
237        0.0010547564976028268
238        0.001048448145344437
239        0.0009424678274034844
240        0.0009601312137269761
241        0.0009172344183699223
242        0.0008970476911430755
243        0.0009815796114055024
244        0.0011582134746404257
245        0.0010547564976028279
246        0.0009954579863739618
247        0.0010320464294726237
248        0.0009386828160484501
249        0.001300782235680041
250        0.0010269997476659105
251        0.0011052233156699485
252        0.001033308099924301
253        0.0009222811001766344
254        0.0011165783497350504
255        0.0008705526116578366
256        0.0010862982588947774
257        0.0010131213726974524
258        0.0011405500883169327
259        0.0011784002018672734
260        0.0012742871561948026
261        0.0010421397930860474
262        0.0009992429977289956
263        0.0012036336109008334
264        0.0010068130204390635
265        0.001100176633863236
266        0.0012465304062578863
267        0.0006825637143578115
268        0.0010711582134746423
269        0.0011657834973504931
270        0.0013260156447136024
271        0.0011216250315417631
272        0.0011998485995458005
273        0.0012200353267726488
274        0.0014912944738834243
275        0.0012414837244511755
276        0.0011708301791572059
277        0.0011291950542518304
278        0.0009500378501135524
279        0.0012616704516780221
280        0.0011506434519303575
281        0.001695685087055261
282        0.0015001261670451688
283        0.0012843805198082265
284        0.0009979813272773172
285        0.001025738077214234
286        0.0011380267474135775
287        0.0009891496341155712
288        0.0010711582134746412
289        0.0009613928841786551
290        0.000955084531920263
291        0.001014383043149132
292        0.0009159727479182451
293        0.0011569518041887486
294        0.0011771385314155941
295        0.0011140550088316937
296        0.0012061569518041896
297        0.0009904113045672493
298        0.0012477920767095657
299        0.0009235427706283128
300        0.0012225586676760049
301        0.0012149886449659357
302        0.001640171587181428
303        0.0011695685087055284
304        0.0014143325763310627
305        0.0014849861216250338
306        0.0008226091344940699
307        0.000720413827908151
308        0.0007519555892001016
309        0.0010206913954075214
310        0.000841534191269242
311        0.0007872823618470861
312        0.0010434014635377258
313        0.001194801917739089
314        0.00118092354277063
315        0.0008957860206913965
316        0.001000504668180673
317        0.0011342417360585425
318        0.0011935402472874103
319        0.0008920010093363626
320        0.0010017663386323507
321        0.0010598031794095402
322        0.0013499873832954839
323        0.0007380772142316443
324        0.0012238203381276817
325        0.001184708554125664
326        0.001056018168054506
327        0.001351249053747163
328        0.001281857178904872
329        0.0012869038607115843
330        0.0009941963159222822
331        0.0008894776684330064
332        0.0011077466565733044
333        0.0011254100428967958
334        0.0009916729750189264
335        0.0011771385314155963
336        0.0012414837244511742
337        0.0009777946000504689
338        0.0011771385314155946
339        0.0013133989401968216
340        0.0012818571789048711
341        0.001453444360333082
342        0.0007898057027504413
343        0.0006371435780974017
344        0.0011064849861216264
345        0.001199848599545801
346        0.0011720918496088842
347        0.0008730759525611925
348        0.0005235932374463777
349        0.0005046681806712075
350        0.001207418622255868
351        0.0015190512238203399
352        0.001057279838506185
353        0.0011884935654806986
354        0.0010434014635377243
355        0.00086172091849609
356        0.0007633106232652037
357        0.0006611153166792846
358        0.0014029775422659606
359        0.0010269997476659118
360        0.0015770880645975282
361        0.0012414837244511738
362        0.0010610648498612177
363        0.001073681554377998
364        0.0011847085541256647
365        0.0012541004289679542
366        0.0007052737824880153
367        0.0011556901337370674
368        0.0011052233156699474
369        0.0006901337370678796
370        0.0009449911683068402
371        0.0010408781226343689
372        0.0011910169063840525
373        0.0009626545546303316
374        0.0012982588947766849
375        0.0011670451678021723
376        0.0013247539742619234
377        0.0009765329295987912
378        0.000979056270502147
379        0.0009323744637900606
380        0.0010434014635377247
381        0.001303305576583398
382        0.000614433509967197
383        0.000849104213979309
384        0.0008263941458491044
385        0.0011392884178652548
386        0.0008718142821095141
387        0.0009260661115316686
388        0.0010623265203128945
389        0.0009361594751450926
390        0.0009702245773404007
391        0.0013890991672975029
392        0.0011077466565733044
393        0.001132980065606865
394        0.0009904113045672495
395        0.0007809740095886952
396        0.00098914963411557
397        0.0009273277819833476
398        0.0006434519303557919
399        0.0012768104970981595
400        0.0009184960888216008
401        0.0008806459752712614
402        0.0009512995205652309
403        0.0010938682816048462
404        0.0009601312137269754
405        0.001180923542770628
406        0.0010762048952813544
407        0.0010471864748927597
408        0.0008856926570779714
409        0.0008831693161746158
410        0.00113045672470351
411        0.0011203633610900844
412        0.0010471864748927582
413        0.0010219530658591993
414        0.001050971486247793
415        0.0009790562705021457
416        0.0010787282361847108
417        0.0006447136008074708
418        0.0011127933383800158
419        0.001150643451930357
420        0.0009462528387585178
421        0.0009412061569518043
422        0.0010042896795357057
423        0.0009828412818571823
424        0.0010787282361847095
425        0.0010635881907645733
426        0.0010446631339894044
427        0.0009033560434014657
428        0.0010408781226343693
429        0.0008364875094625288
430        0.0008768609639162265
431        0.0005791067373202119
432        0.0010724198839263217
433        0.0009967196568256376
434        0.0010118597022457754
435        0.0011619984859954583
436        0.0008882159979813283
437        0.0009109260661115333
438        0.000942467827403484
439        0.0007443855664900331
440        0.0008920010093363624
441        0.0009248044410799909
442        0.0011203633610900848
443        0.0007696189755235931
444        0.0005576583396416864
445        0.0008932626797880409
446        0.0008743376230128702
447        0.0008995710320464302
448        0.0008869543275296502
449        0.0007582639414584922
450        0.0008188241231390371
451        0.0008768609639162252
452        0.0010143830431491307
453        0.0008352258390108511
454        0.0009475145092101946
455        0.0008642442593994457
456        0.0009790562705021461
457        0.0009424678274034822
458        0.0011026999747665925
459        0.0005803684077718901
460        0.0008327024981074962
461        0.0008541508957860219
462        0.0011443350996719673
463        0.0010434014635377251
464        0.001172091849608884
465        0.0008882159979813289
466        0.0008730759525611922
467        0.0008920010093363632
468        0.000933636134241737
469        0.0012641937925813797
470        0.0012780721675498374
471        0.0011455967701236441
472        0.0009033560434014644
473        0.0008213474640423938
474        0.0008882159979813289
475        0.0009147110774665668
476        0.0008465808730759531
477        0.0010118597022457743
478        0.0010963916225082016
479        0.0008680292707544799
480        0.0009853646227605374
481        0.0008251324753974274
482        0.0008617209184960903
483        0.001182185213222306
484        0.0009878879636638924
485        0.0008163007822356806
486        0.000934897804693415
487        0.0008125157708806467
488        0.0008591975775927335
489        0.0008831693161746157
490        0.000999242997728993
491        0.0008907393388846847
492        0.001126671713348475
493        0.0008415341912692414
494        0.0009399444865001279
495        0.0012957355538733301
496        0.0009702245773404004
497        0.001391622508200858
498        0.0008491042139793093
499        0.0009424678274034835
500        0.0008062074186222565
501        0.0009841029523088595
502        0.0011153166792833727
503        0.0010698965430229628
504        0.0009740095886954331
505        0.0008314408276558168
506        0.0008276558163007834
507        0.0009967196568256384
508        0.0009512995205652301
509        0.000637143578097402
510        0.0009550845319202638
511        0.001259147110774666
512        0.0009929346454706043
513        0.0006926570779712338
514        0.0010105980317940972
515        0.0009677012364370439
516        0.0009449911683068385
517        0.0013588190764572295
518        0.0011897552359323763
519        0.0009941963159222828
520        0.0012376987130961407
521        0.0012755488266464811
522        0.001275548826646481
523        0.0005892001009336365
524        0.0013234923038102455
525        0.0011064849861216256
526        0.0006131718395155198
527        0.0008894776684330052
528        0.0005576583396416858
529        0.0009677012364370445
530        0.0011241483724451187
531        0.0007658339641685605
532        0.0010484481453444377
533        0.0008528892253343434
534        0.00107872823618471
535        0.001149381781478678
536        0.00130835225839011
537        0.001300782235680042
538        0.001341155690133738
539        0.001274287156194803
540        0.0012124653040625796
541        0.0011746151905122407
542        0.0008390108503658852
543        0.000873075952561192
544        0.0009361594751450937
545        0.0009904113045672478
546        0.0013070905879384322
547        0.0008175624526873585
548        0.0009172344183699234
549        0.0012326520312894286
550        0.0012112036336109021
551        0.0009500378501135522
552        0.0012490537471612428
553        0.0008074690890739346
554        0.0010862982588947783
555        0.0009424678274034838
556        0.00125031541761292
557        0.0008516275548826655
558        0.0008175624526873587
559        0.0012427453949028528
560        0.0010850365884431006
561        0.0008743376230128711
562        0.0010307847590209443
563        0.0009386828160484493
564        0.0011443350996719675
565        0.0012843805198082278
566        0.0010093363613424182
567        0.0013790058036840785
568        0.0011014383043149152
569        0.00079737572546051
570        0.0012465304062578867
571        0.0009752712591471113
572        0.0009197577592732788
573        0.0008390108503658853
574        0.0013045672470350747
575        0.0008465808730759539
576        0.0007998990663638661
577        0.0013638657582639422
578        0.0010219530658591984
579        0.001024476406762556
580        0.0010888215997981337
581        0.0009361594751450942
582        0.0014357809740095893
583        0.0012212969972243272
584        0.0008579359071410558
585        0.0012755488266464816
586        0.0009323744637900598
587        0.0011455967701236457
588        0.001093868281604847
589        0.0011342417360585425
590        0.0010598031794095402
591        0.0014622760534948286
592        0.0011380267474135773
593        0.0008301791572041386
594        0.0011266717133484741
595        0.0010774665657330318
596        0.0010547564976028283
597        0.0009853646227605364
598        0.0009828412818571799
599        0.00117461519051224
600        0.0009576078728236189
601        0.0010812515770880656
602        0.0010598031794095397
603        0.0009260661115316693
604        0.001136765076961899
605        0.0007595256119101706
606        0.0014345193035579112
607        0.0011191016906384069
608        0.0013121372697451439
609        0.0009512995205652303
610        0.001202371940449156
611        0.000965177895533688
612        0.000907141054756499
613        0.0008907393388846844
614        0.0011683068382538485
615        0.0009248044410799916
616        0.0006989654302296259
617        0.0010837749179914205
618        0.0009576078728236194
619        0.0009601312137269756
620        0.0011784002018672725
621        0.0008970476911430748
622        0.001120363361090085
623        0.0011014383043149126
624        0.0010560181680545058
625        0.0008491042139793101
626        0.0013790058036840793
627        0.0010295230885692685
628        0.0008554125662376986
629        0.0012793338380015134
630        0.0007746656573303056
631        0.0010232147363108774
632        0.0007229371688115076
633        0.0011077466565733048
634        0.0008175624526873598
635        0.0010459248044410812
636        0.0009147110774665671
637        0.0009449911683068402
638        0.0009929346454706051
639        0.001286903860711583
640        0.0010888215997981348
641        0.0011127933383800164
642        0.000992934645470604
643        0.0010219530658591993
644        0.0010598031794095393
645        0.0011708301791572044
646        0.0008970476911430756
647        0.0009613928841786534
648        0.0011872318950290183
649        0.0008453192026242767
650        0.0011985869290941208
651        0.0010131213726974533
652        0.0010825132475397441
653        0.0008591975775927339
654        0.0009260661115316702
655        0.0008957860206913955
656        0.0008579359071410555
657        0.001100176633863237
658        0.0008831693161746164
659        0.0010572798385061841
660        0.001063588190764573
661        0.0012932122129699728
662        0.0008390108503658857
663        0.0008402725208175629
664        0.0009487761796618736
665        0.0007582639414584931
666        0.0008263941458491054
667        0.0012755488266464805
668        0.0011758768609639175
669        0.0009298511228867036
670        0.001156951804188748
671        0.0009462528387585166
672        0.0008402725208175635
673        0.0009235427706283137
674        0.0008604592480444121
675        0.000786020691395408
676        0.0007872823618470859
677        0.000783497350492051
678        0.0008705526116578375
679        0.0013007822356800411
680        0.0014383043149129465
681        0.0009702245773404004
682        0.001221296997224327
683        0.0011897552359323754
684        0.0008200857935907166
685        0.0013626040878122634
686        0.0008238708049457487
687        0.0008352258390108511
688        0.0011014383043149152
689        0.0009336361342417354
690        0.0013663890991672974
691        0.0011493817814786792
692        0.0008314408276558176
693        0.0011948019177390877
694        0.0009727479182437569
695        0.0010812515770880667
696        0.0009058793843048203
697        0.0005866767600302806
698        0.0008276558163007823
699        0.0009210194297249557
700        0.000992934645470604
701        0.0007809740095886963
702        0.0011191016906384056
703        0.0008920010093363626
704        0.001273025485743126
705        0.0007998990663638665
706        0.0012011102699974788
707        0.0013424173605854166
708        0.0008062074186222572
709        0.0010244764067625556
710        0.0008566742366893774
711        0.000958869543275298
712        0.0014307342922028766
713        0.0009500378501135519
714        0.0008226091344940713
715        0.0008591975775927339
716        0.0011872318950290196
717        0.0010345697703759787
718        0.0009147110774665669
719        0.0010459248044410825
720        0.0010333080999243023
721        0.0008831693161746174
722        0.0008667676003028022
723        0.0009689629068887228
724        0.001213726974514259
725        0.0009361594751450943
726        0.001260408781226345
727        0.0009197577592732793
728        0.0008869543275296504
729        0.001182185213222308
730        0.0009222811001766358
731        0.0011014383043149141
732        0.0010068130204390617
733        0.0010232147363108772
734        0.0013272773151652788
735        0.0011960635881907657
736        0.0010711582134746414
737        0.001107746656573305
738        0.0012339137017411059
739        0.0010093363613424193
740        0.0008655059298511244
741        0.0009677012364370446
742        0.001170830179157206
743        0.0010484481453444379
744        0.0008112541004289696
745        0.0007734039868786283
746        0.000808730759525612
747        0.0009096643956598551
748        0.0011241483724451179
749        0.0009790562705021464
750        0.0008478425435276324
751        0.000835225839010851
752        0.0009361594751450936
753        0.0009992429977289947
754        0.0008566742366893774
755        0.0009475145092101959
756        0.001286903860711583
757        0.001167045167802171
758        0.0010560181680545043
759        0.0008453192026242762
760        0.0011241483724451187
761        0.0009752712591471113
762        0.000992934645470603
763        0.0006081251577088069
764        0.0010547564976028268
765        0.0008263941458491046
766        0.0008629825889477683
767        0.0010396164521826905
768        0.0008995710320464304
769        0.0012048952813525115
770        0.0008705526116578364
771        0.0008856926570779722
772        0.0008655059298511236
773        0.0011455967701236435
774        0.0008617209184960903
775        0.0009714862477920788
776        0.000912187736563211
777        0.0008238708049457498
778        0.0009992429977289936
779        0.000822609134494072
780        0.0009260661115316694
781        0.0013562957355538743
782        0.0015518546555639676
783        0.0011948019177390877
784        0.0007898057027504425
785        0.0011077466565733041
786        0.0009538228614685873
787        0.0008831693161746161
788        0.0013815291445874337
789        0.0010080746908907418
790        0.0011317183951551864
791        0.0009058793843048216
792        0.0010862982588947787
793        0.0011468584405753242
794        0.0011014383043149146
795        0.001353772394650519
796        0.0008087307595256122
797        0.0009374211455967707
798        0.0008314408276558177
799        0.0008112541004289689
800        0.0006371435780974014
801        0.0009374211455967711
802        0.0008163007822356816
803        0.0007355538733282869
804        0.001177138531415594
805        0.0009184960888216008
806        0.0014168559172344191
807        0.0010572798385061846
808        0.0011506434519303582
809        0.0010169063840524879
810        0.0009904113045672487
811        0.0009285894524350248
812        0.0009916729750189272
813        0.0010673732021196072
814        0.0010976532929598806
815        0.0015556396669190013
816        0.0012692404743880913
817        0.0010358314408276568
818        0.0008062074186222572
819        0.0009538228614685856
820        0.001217511985869293
821        0.0011102699974766604
822        0.000907141054756498
823        0.0010232147363108764
824        0.000821347464042392
825        0.0015455463033055776
826        0.0009222811001766352
827        0.0009487761796618736
828        0.0012351753721927827
829        0.001259147110774669
830        0.0009071410547564986
831        0.0009538228614685864
832        0.001139288417865255
833        0.0010169063840524879
834        0.001163260156447137
835        0.0008591975775927339
836        0.000996719656825637
837        0.0008945243502397183
838        0.000852889225334344
839        0.0014572293716881145
840        0.0014849861216250323
841        0.0011645218268988146
842        0.0009904113045672482
843        0.0014774160989149629
844        0.0009626545546303329
845        0.0013222306333585683
846        0.0010560181680545047
847        0.000850365884430987
848        0.0008718142821095139
849        0.001109008327024982
850        0.001033308099924301
851        0.0011645218268988144
852        0.0010307847590209447
853        0.0010181680545041651
854        0.0012768104970981582
855        0.0013600807469089085
856        0.0011796618723189532
857        0.0005828917486752459
858        0.0007052737824880146
859        0.0008478425435276316
860        0.001043401463537725
861        0.0009740095886954344
862        0.0011191016906384062
863        0.0009626545546303328
864        0.0011556901337370694
865        0.001346202371940451
866        0.0011279333838001536
867        0.0011594751450921038
868        0.0011910169063840549
869        0.0014711077466565737
870        0.0011809235427706303
871        0.0008314408276558164
872        0.0012086802927075467
873        0.0008503658844309867
874        0.0013525107241988395
875        0.0007872823618470854
876        0.0011254100428967964
877        0.00104718647489276
878        0.0008932626797880401
879        0.0012477920767095649
880        0.001261670451678023
881        0.0011014383043149157
882        0.0009626545546303322
883        0.0010446631339894035
884        0.00127681049709816
885        0.0010963916225082031
886        0.0010358314408276566
887        0.0012036336109008338
888        0.0007708806459752723
889        0.0008617209184960903
890        0.0009475145092101957
891        0.0016792833711834472
892        0.0014483976785263706
893        0.0009525611910169081
894        0.0006005551349987387
895        0.0014332576331062344
896        0.0008920010093363616
897        0.001182185213222308
898        0.0012805955084531928
899        0.0012869038607115834
900        0.0009891496341155699
901        0.0012730254857431253
902        0.0009853646227605368
903        0.0012881655311632587
904        0.0009374211455967707
905        0.0015140045420136265
906        0.0013815291445874352
907        0.0009512995205652303
908        0.001033308099924301
909        0.0013739591218773677
910        0.000967701236437044
911        0.0012906888720666172
912        0.0010686348725712862
913        0.0012212969972243267
914        0.0012818571789048707
915        0.0009336361342417378
916        0.0009184960888216016
917        0.0008427958617209197
918        0.0008604592480444108
919        0.0010181680545041656
920        0.001222558667676005
921        0.0011329800656068667
922        0.0010307847590209451
923        0.0007948523845571546
924        0.0009866262932122147
925        0.0011430734292202887
926        0.0011039616452182706
927        0.0011556901337370707
928        0.0010446631339894041
929        0.001135503406510221
930        0.0014130709058793854
931        0.0009412061569518058
932        0.0014130709058793845
933        0.0011367650769618992
934        0.0007961140550088328
935        0.000941206156951806
936        0.0010244764067625554
937        0.0009639162250820112
938        0.0009588695432752987
939        0.000852889225334343
940        0.0012326520312894277
941        0.0008163007822356812
942        0.001120363361090087
943        0.0008314408276558176
944        0.0008983093615947525
945        0.0011821852132223073
946        0.0009639162250820103
947        0.0009878879636638926
948        0.0010799899066363894
949        0.0009639162250820101
950        0.0009941963159222817
951        0.0012604087812263442
952        0.0010307847590209456
953        0.0009058793843048203
954        0.0008554125662376997
955        0.0011367650769618994
956        0.0009222811001766347
957        0.001005551349987384
958        0.0009071410547564986
959        0.000918496088821601
960        0.0011544284632853923
961        0.0013701741105223329
962        0.0011001766338632364
963        0.0010446631339894035
964        0.0008528892253343429
965        0.0009399444865001274
966        0.0009639162250820098
967        0.0009891496341155699
968        0.0010875599293464558
969        0.0009033560434014656
970        0.0009689629068887225
971        0.0009084027252081767
972        0.0009512995205652297
973        0.0010686348725712856
974        0.0010938682816048469
975        0.000971486247792079
976        0.001246530406257886
977        0.0010572798385061837
978        0.0009084027252081768
979        0.00119354024728741
980        0.0006901337370678792
981        0.0010446631339894024
982        0.001078728236184711
983        0.001495079485238457
984        0.001355034065102196
985        0.0010434014635377251
986        0.0009613928841786539
987        0.0013525107241988403
988        0.0009184960888216016
989        0.0008970476911430743
990        0.0009285894524350256
991        0.0012250820085793624
992        0.0010093363613424182
993        0.0013764824627807216
994        0.0008642442593994449
995        0.001204895281352511
996        0.0010030280090840297
997        0.0011355034065102213
998        0.0008541508957860219
999        0.0008882159979813279
1000        0.0009248044410799901
1001        0.0011216250315417618
1002        0.0008920010093363624
1003        0.0009058793843048206
1004        0.0008213474640423941
1005        0.0011872318950290192
1006        0.0007847590209437306
1007        0.0014483976785263698
1008        0.0012768104970981595
1009        0.0016061064849861204
1010        0.0007469089073933882
1011        0.0010497098157961151
1012        0.0008995710320464315
1013        0.0008465808730759535
1014        0.0010383547817310144
1015        0.001144335099671967
1016        0.0011544284632853915
1017        0.000987887963663892
1018        0.000691395407519557
1019        0.0009916729750189277
1020        0.0016464799394398195
1021        0.0013638657582639424
1022        0.0013310623265203143
1023        0.0012932122129699726
1024        0.001530406257885441
1025        0.0012742871561948043
1026        0.0010850365884431006
1027        0.00111026999747666
1028        0.0013890991672975037
1029        0.0010686348725712851
1030        0.0009361594751450937
1031        0.0008099924299772907
1032        0.0011254100428967973
1033        0.0009512995205652297
1034        0.0011001766338632367
1035        0.0008566742366893778
1036        0.0009979813272773166
1037        0.0009853646227605368
1038        0.0009891496341155699
1039        0.0008983093615947531
1040        0.0007532172596517796
1041        0.0009399444865001268
1042        0.0007607872823618477
1043        0.0011468584405753244
1044        0.001221296997224327
1045        0.0012440070653545305
1046        0.001207418622255868
1047        0.0010055513499873854
1048        0.0010610648498612185
1049        0.001522836235175372
1050        0.0012112036336109034
1051        0.0008983093615947538
1052        0.0008718142821095143
1053        0.0008200857935907152
1054        0.0008995710320464304
1055        0.0009449911683068403
1056        0.000999242997728995
1057        0.0011683068382538483
1058        0.0009412061569518053
1059        0.0006030784759020955
1060        0.0008566742366893781
1061        0.0012061569518041892
1062        0.001308352258390109
1063        0.0013689124400706547
1064        0.0009904113045672495
1065        0.0008970476911430748
1066        0.0008465808730759539
1067        0.0009588695432752979
1068        0.001028261418117589
1069        0.0009740095886954328
1070        0.0011948019177390877
1071        0.0011645218268988157
1072        0.0010673732021196083
1073        0.0008617209184960898
1074        0.0010509714862477935
1075        0.0008440575321725972
1076        0.0010156447136008102
1077        0.0008781226343679036
1078        0.0008844309866262956
1079        0.0015354529396921545
1080        0.0008137774413323249
1081        0.0012086802927075465
1082        0.000852889225334343
1083        0.001140550088316933
1084        0.0008188241231390367
1085        0.0009941963159222828
1086        0.0008238708049457491
1087        0.0011796618723189515
1088        0.0008137774413323244
1089        0.0012477920767095649
1090        0.0013499873832954839
1091        0.000764572293716882
1092        0.0009071410547564996
1093        0.000936159475145095
1094        0.0011632601564471364
1095        0.00123896038354782
1096        0.0008087307595256126
1097        0.0011998485995458003
1098        0.0012212969972243259
1099        0.001228867019934395
1100        0.0008276558163007836
1101        0.0012225586676760044
1102        0.0010080746908907414
1103        0.0008970476911430742
1104        0.0009828412818571807
1105        0.0008566742366893781
1106        0.0009828412818571797
1107        0.0009235427706283139
1108        0.0008591975775927339
1109        0.001469846076204896
1110        0.0010560181680545047
1111        0.0009323744637900587
1112        0.0012780721675498363
1113        0.0012881655311632616
1114        0.0012112036336109034
1115        0.0011291950542518304
1116        0.0009084027252081773
1117        0.0007872823618470865
1118        0.0010913449407014906
1119        0.0012011102699974784
1120        0.0009967196568256402
1121        0.0007998990663638665
1122        0.0008099924299772909
1123        0.0009702245773403994
1124        0.0009878879636638926
1125        0.0008137774413323254
1126        0.0009222811001766353
1127        0.0008301791572041385
1128        0.0010989149634115583
1129        0.0009096643956598556
1130        0.0011670451678021721
1131        0.001444612667171335
1132        0.0012793338380015164
1133        0.0009689629068887223
1134        0.0015013878374968452
1135        0.0014761544284632871
1136        0.001092606611153169
1137        0.0011973252586424442
1138        0.0009197577592732792
1139        0.001039616452182691
1140        0.0013689124400706547
1141        0.0008793843048195817
1142        0.0015203128942720173
1143        0.001221296997224328
1144        0.0012616704516780224
1145        0.0013171839515518562
1146        0.0006434519303557923
1147        0.001173353520060562
1148        0.0015001261670451692
1149        0.001579611405500884
1150        0.001005551349987385
1151        0.0012036336109008334
1152        0.0015606863487257134
1153        0.0013335856674236701
1154        0.0016389099167297522
1155        0.0014736310875599304
1156        0.001241483724451174
1157        0.001347464042392129
1158        0.0009878879636638922
1159        0.0007973757254605104
1160        0.0008882159979813281
1161        0.0012831188493565493
1162        0.000933636134241739
1163        0.0011670451678021726
1164        0.0012679788039364143
1165        0.0011254100428967969
1166        0.0012629321221296996
1167        0.0010232147363108768
1168        0.001011859702245776
1169        0.0013171839515518583
1170        0.0010307847590209464
1171        0.0014130709058793858
1172        0.0008491042139793096
1173        0.0008163007822356811
1174        0.0011127933383800154
1175        0.0011241483724451196
1176        0.0012969972243250067
1177        0.0007910673732021204
1178        0.001228867019934394
1179        0.0016376482462780733
1180        0.000791067373202121
1181        0.001119101690638408
1182        0.001498864496593491
1183        0.0011884935654806977
1184        0.0009487761796618737
1185        0.0008036840777189008
1186        0.0011796618723189517
1187        0.0015367146101438304
1188        0.0010232147363108777
1189        0.0011935402472874092
1190        0.0009929346454706047
1191        0.0009046177138531426
1192        0.0010370931112793354
1193        0.0011102699974766608
1194        0.0007456472369417113
1195        0.0010534948271511495
1196        0.0009904113045672487
1197        0.0013058289174867539
1198        0.0013600807469089085
1199        0.001033308099924301
1200        0.0011342417360585442
1201        0.0009752712591471119
1202        0.0010383547817310135
1203        0.0011342417360585416
1204        0.0012843805198082265
1205        0.0012805955084531926
1206        0.0016389099167297503
1207        0.0017650769618975553
1208        0.0007809740095886967
1209        0.0011935402472874094
1210        0.001098914963411559
1211        0.001061064849861219
1212        0.001086298258894778
1213        0.0010194297249558441
1214        0.0010105980317940966
1215        0.0010648498612162516
1216        0.001305828917486754
1217        0.0009298511228867033
1218        0.0011758768609639184
1219        0.0016048448145344438
1220        0.0010938682816048467
1221        0.001222558667676004
1222        0.0007292455210698991
1223        0.0009815796114055026
1224        0.0010509714862477933
1225        0.0016187231895029022
1226        0.0013146606106485003
1227        0.0010585415089578616
1228        0.0011506434519303575
1229        0.001625031541761293
1230        0.001469846076204897
1231        0.0008251324753974271
1232        0.0011922785768357321
1233        0.0013361090083270266
1234        0.0014383043149129476
1235        0.0011127933383800162
1236        0.001310875599293467
1237        0.0011834468836739852
1238        0.000885692657077973
1239        0.0010610648498612179
1240        0.0010547564976028283
1241        0.0014925561443351004
1242        0.001014383043149132
1243        0.0008402725208175634
1244        0.000992934645470604
1245        0.0008251324753974278
1246        0.0008200857935907153
1247        0.0008680292707544799
1248        0.0010623265203128951
1249        0.0011821852132223084
1250        0.0008238708049457491
1251        0.001520312894272017
1252        0.0008137774413323248
1253        0.0014269492808478437
1254        0.0012515770880645986
1255        0.0014521826898814053
1256        0.0014812011102699996
1257        0.0008629825889477673
1258        0.0009525611910169086
1259        0.0008755992934645475
1260        0.0009677012364370439
1261        0.0010408781226343687
1262        0.000908402725208177
1263        0.0009071410547564986
1264        0.0008957860206913968
1265        0.0009803179409538234
1266        0.0009046177138531436
1267        0.001064849861216252
1268        0.0014193792581377754
1269        0.0011001766338632373
1270        0.0013777441332323997
1271        0.0012591471107746672
1272        0.0011683068382538503
1273        0.0007898057027504425
1274        0.0008894776684330062
1275        0.0010030280090840289
1276        0.0009033560434014646
1277        0.0009777946000504687
1278        0.0011582134746404254
1279        0.0013865758263941473
1280        0.0010459248044410816
1281        0.0017852636891244025
1282        0.001121625031541764
1283        0.0016326015644713607
1284        0.0012112036336109026
1285        0.0008427958617209188
1286        0.0010194297249558435
1287        0.0011153166792833734
1288        0.0009033560434014636
1289        0.0014004542013626056
1290        0.000931112793338381
1291        0.0009727479182437554
1292        0.0009689629068887225
1293        0.0011960635881907663
1294        0.0009323744637900588
1295        0.0010244764067625547
1296        0.0007670956346202376
1297        0.0012250820085793603
1298        0.000955084531920264
1299        0.0010825132475397444
1300        0.0008478425435276316
1301        0.0012250820085793605
1302        0.0017903103709311142
1303        0.0008440575321725974
1304        0.0010762048952813541
1305        0.0008339641685591729
1306        0.0013323239969719907
1307        0.001000504668180672
1308        0.0009588695432752988
1309        0.0010093363613424195
1310        0.0011493817814786785
1311        0.0012465304062578883
1312        0.001220035326772649
1313        0.0014446126671713358
1314        0.0010938682816048469
1315        0.0017549835982841311
1316        0.0006093868281604849
1317        0.0009273277819833477
1318        0.0010698965430229635
1319        0.0009639162250820099
1320        0.0013424173605854164
1321        0.001107746656573306
1322        0.0009954579863739605
1323        0.0007935907141054764
1324        0.0010396164521826918
1325        0.0008465808730759535
1326        0.0008831693161746166
1327        0.0008263941458491055
1328        0.0008516275548826657
1329        0.0009424678274034835
1330        0.000933636134241738
1331        0.0011228867019934397
1332        0.000966439565985366
1333        0.0009033560434014641
1334        0.0007986373959121882
1335        0.000851627554882665
1336        0.0008983093615947524
1337        0.0009740095886954333
1338        0.0009222811001766344
1339        0.000822609134494071
1340        0.001153166792833712
1341        0.000910926066111533
1342        0.0009702245773404
1343        0.0008453192026242758
1344        0.0011960635881907678
1345        0.0009790562705021468
1346        0.001382790815039113
1347        0.001116578349735052
1348        0.0007759273277819837
1349        0.001295735553873329
1350        0.0015001261670451673
1351        0.0009046177138531426
1352        0.001020691395407521
1353        0.0008163007822356814
1354        0.0008263941458491041
1355        0.0012768104970981584
1356        0.001260408781226346
1357        0.0011014383043149146
1358        0.00158844309866263
1359        0.0009853646227605368
1360        0.001715871814282111
1361        0.0009588695432752984
1362        0.0007898057027504436
1363        0.0014622760534948281
1364        0.0008339641685591733
1365        0.0009412061569518056
1366        0.0009121877365632104
1367        0.0009664395659853666
1368        0.0012982588947766853
1369        0.0010244764067625547
1370        0.0008566742366893771
1371        0.0012995205652283645
1372        0.0008213474640423928
1373        0.0010547564976028292
1374        0.000994196315922283
1375        0.000768357305071916
1376        0.0008415341912692418
1377        0.0012604087812263464
1378        0.000852889225334344
1379        0.00139162250820086
1380        0.0012137269745142582
1381        0.0009084027252081763
1382        0.0013752207923290463
1383        0.0009197577592732801
1384        0.0008364875094625285
1385        0.0009904113045672478
1386        0.0009601312137269756
1387        0.0009651778955336883
1388        0.0009235427706283132
1389        0.0012629321221297016
1390        0.0011935402472874087
1391        0.0008478425435276313
1392        0.0008970476911430751
1393        0.0008226091344940717
1394        0.0012957355538733288
1395        0.0008680292707544791
1396        0.0010295230885692687
1397        0.000757002271006814
1398        0.0010547564976028277
1399        0.0011758768609639169
1400        0.0011948019177390864
1401        0.0009020943729497872
1402        0.0008806459752712596
1403        0.0009222811001766355
1404        0.0009248044410799917
1405        0.0011165783497350508
1406        0.0013764824627807218
1407        0.0011468584405753227
1408        0.0008478425435276316
1409        0.0010774665657330325
1410        0.0013247539742619247
1411        0.0008768609639162269
1412        0.0010257380772142318
1413        0.0008882159979813289
1414        0.0009512995205652303
1415        0.0012313903608377505
1416        0.001121625031541762
1417        0.0010749432248296769
1418        0.0012036336109008338
1419        0.0009311127933383804
1420        0.0009475145092101957
1421        0.001289427201614938
1422        0.0007380772142316443
1423        0.0009904113045672493
1424        0.0008528892253343438
1425        0.0010572798385061844
1426        0.000979056270502147
1427        0.0011556901337370687
1428        0.0013802674741357547
1429        0.0010812515770880662
1430        0.0013436790310370928
1431        0.001172091849608884
1432        0.0012755488266464818
1433        0.0007380772142316441
1434        0.0008087307595256128
1435        0.0013562957355538732
1436        0.0006459752712591483
1437        0.000793590714105476
1438        0.0009815796114055026
1439        0.0008793843048195817
1440        0.0010724198839263193
1441        0.001319707292455212
1442        0.0010005046681806741
1443        0.0010522331566994723
1444        0.000866767600302803
1445        0.0009500378501135522
1446        0.0010888215997981346
1447        0.0008226091344940704
1448        0.0010698965430229633
1449        0.0009386828160484499
1450        0.001013121372697453
1451        0.0012440070653545296
1452        0.0010471864748927589
1453        0.0009878879636638922
1454        0.00103456977037598
1455        0.0010976532929598813
1456        0.001146858440575323
1457        0.0010307847590209464
1458        0.001434519303557912
1459        0.0011279333838001516
1460        0.0009967196568256382
1461        0.0009563462023719414
1462        0.0009285894524350256
1463        0.0009197577592732796
1464        0.000974009588695434
1465        0.0013701741105223324
1466        0.0009576078728236198
1467        0.0011266717133484754
1468        0.000934897804693416
1469        0.0008327024981074953
1470        0.0011519051223820337
1471        0.001416855917234421
1472        0.0009525611910169081
1473        0.0009765329295987896
1474        0.0008087307595256123
1475        0.0010345697703759793
1476        0.001472369417108253
1477        0.0011140550088316948
1478        0.0008491042139793095
1479        0.0009210194297249575
1480        0.0011077466565733052
1481        0.0008478425435276308
1482        0.0010648498612162531
1483        0.0013260156447136029
1484        0.0005715367146101439
1485        0.0009336361342417373
1486        0.0008163007822356807
1487        0.0011582134746404237
1488        0.0010320464294726233
1489        0.0010093363613424182
1490        0.000989149634115571
1491        0.0008314408276558176
1492        0.0009172344183699234
1493        0.0014282109512995212
1494        0.0007860206913954084
1495        0.0009613928841786534
1496        0.0010446631339894024
1497        0.0008629825889477686
1498        0.0009386828160484494
1499        0.0010446631339894028
1500        0.0009512995205652284
1501        0.0008793843048195829
1502        0.0008894776684330064
1503        0.0007670956346202377
1504        0.0008440575321725974
1505        0.0011695685087055286
1506        0.0008781226343679039
1507        0.0010131213726974533
1508        0.0009172344183699223
1509        0.0008453192026242758
1510        0.0009374211455967707
1511        0.001423164269492809
1512        0.0009853646227605377
1513        0.0014963411556901335
1514        0.0008831693161746168
1515        0.0013197072924552105
1516        0.0009386828160484501
1517        0.0008188241231390365
1518        0.001126671713348474
1519        0.0009702245773403999
1520        0.0011607368155437815
1521        0.0008591975775927343
1522        0.0008730759525611918
1523        0.0007872823618470865
1524        0.0011695685087055284
1525        0.001281857178904872
1526        0.0012238203381276834
1527        0.0009298511228867023
1528        0.0010648498612162523
1529        0.0008390108503658852
1530        0.0013777441332324014
1531        0.0010509714862477933
1532        0.00111153166792834
1533        0.0011645218268988144
1534        0.0010610648498612183
1535        0.001009336361342419
1536        0.0011430734292202887
1537        0.0013663890991672983
1538        0.0007746656573303079
1539        0.0012503154176129205
1540        0.0014168559172344198
1541        0.00117461519051224
1542        0.0015165278829169838
1543        0.001167045167802172
1544        0.001300782235680042
1545        0.0014976028261418125
1546        0.0008680292707544794
1547        0.0009576078728236205
1548        0.0008655059298511239
1549        0.000942467827403484
1550        0.0009159727479182454
1551        0.0009891496341155703
1552        0.001110269997476662
1553        0.0009348978046934146
1554        0.0012452687358062075
1555        0.0010055513499873856
1556        0.0008516275548826652
1557        0.0008402725208175632
1558        0.0009172344183699231
1559        0.0011708301791572057
1560        0.0010055513499873856
1561        0.0008983093615947524
1562        0.0012818571789048711
1563        0.0008819076457229381
1564        0.0010686348725712851
1565        0.0009311127933383808
1566        0.0008175624526873586
1567        0.0011014383043149141
1568        0.0010181680545041656
1569        0.0007847590209437309
1570        0.001452182689881405
1571        0.001366389099167299
1572        0.001092606611153169
1573        0.0017764319959626563
1574        0.0017562452687358069
1575        0.0011291950542518308
1576        0.0010105980317940979
1577        0.0018470855412566255
1578        0.000798637395912188
1579        0.0009096643956598558
1580        0.0013916225082008591
1581        0.0011821852132223069
1582        0.0011140550088316946
1583        0.0009475145092101954
1584        0.0013424173605854168
1585        0.0010862982588947774
1586        0.001105223315669949
1587        0.0008655059298511245
1588        0.0008238708049457485
1589        0.0010017663386323505
1590        0.0012288670199343953
1591        0.001151905122382036
1592        0.001222558667676005
1593        0.0008289174867524616
1594        0.0008163007822356808
1595        0.0007771889982336621
1596        0.000985364622760536
1597        0.0010257380772142326
1598        0.0014319959626545554
1599        0.0009210194297249573
1600        0.001122886701993441
1601        0.0009979813272773166
1602        0.0010509714862477933
1603        0.0010862982588947792
1604        0.0009765329295987905
1605        0.0009437294978551623
1606        0.0010257380772142337
1607        0.0009677012364370448
1608        0.0015770880645975282
1609        0.000899571032046431
1610        0.0010169063840524861
1611        0.0011291950542518308
1612        0.0010762048952813535
1613        0.0008743376230128704
1614        0.0008882159979813279
1615        0.0011645218268988157
1616        0.0015152662124653057
1617        0.0008755992934645479
1618        0.00109765329295988
1619        0.0009134494070148889
1620        0.001057279838506184
1621        0.0008806459752712609
1622        0.0008932626797880401
1623        0.0012805955084531928
1624        0.0013007822356800403
1625        0.0008793843048195829
1626        0.0008188241231390365
1627        0.0015543779964673236
1628        0.0014092858945243523
1629        0.0009374211455967724
1630        0.001505172848851882
1631        0.0009702245773404017
1632        0.0008907393388846847
1633        0.0008364875094625287
1634        0.0009979813272773155
1635        0.0009462528387585177
1636        0.0009702245773404002
1637        0.0008427958617209195
1638        0.0008617209184960903
1639        0.0010219530658591997
1640        0.0008793843048195824
1641        0.0015669947009841053
1642        0.0014862477920767102
1643        0.0009260661115316694
1644        0.0011708301791572033
1645        0.0008793843048195826
1646        0.0008932626797880406
1647        0.0008402725208175638
1648        0.0011203633610900852
1649        0.0009601312137269761
1650        0.0009512995205652304
1651        0.0007973757254605111
1652        0.0008554125662377007
1653        0.0009348978046934155
1654        0.000984102952308858
1655        0.000922281100176635
1656        0.0009487761796618739
1657        0.0010005046681806724
1658        0.0009576078728236194
1659        0.0008049457481705789
1660        0.0011380267474135769
1661        0.0009487761796618734
1662        0.0009689629068887214
1663        0.000912187736563211
1664        0.0008503658844309875
1665        0.0009828412818571812
1666        0.0009954579863739607
1667        0.0011872318950290187
1668        0.0008894776684330058
1669        0.0009538228614685856
1670        0.0008541508957860217
1671        0.0008238708049457491
1672        0.0008390108503658858
1673        0.000943729497855162
1674        0.0011291950542518315
1675        0.0011329800656068633
1676        0.0010976532929598806
1677        0.0009121877365632109
1678        0.0015644713600807476
1679        0.0008819076457229375
1680        0.0009664395659853662
1681        0.0011064849861216267
1682        0.00099545798637396
1683        0.001270502144839768
1684        0.0008730759525611923
1685        0.0009475145092101952
1686        0.0009222811001766353
1687        0.000878122634367904
1688        0.001124148372445119
1689        0.001093868281604845
1690        0.0009512995205652291
1691        0.0009273277819833474
1692        0.0009172344183699234
1693        0.0008894776684330072
1694        0.0008819076457229391
1695        0.0011014383043149146
1696        0.0015606863487257145
1697        0.0010257380772142324
1698        0.0010055513499873847
1699        0.001474892758011608
1700        0.0013310623265203137
1701        0.0011064849861216273
1702        0.0007595256119101687
1703        0.0010749432248296762
1704        0.0010383547817310126
1705        0.0014004542013626067
1706        0.0019568508705526157
1707        0.0008112541004289686
1708        0.0009588695432752988
1709        0.0008377491799142078
1710        0.0010850365884431004
1711        0.0012616704516780228
1712        0.0009046177138531429
1713        0.0011544284632853902
1714        0.0013991925309109277
1715        0.0010345697703759787
1716        0.0012086802927075463
1717        0.0012566237698713105
1718        0.001236437042644463
1719        0.0009248044410799927
1720        0.0011317183951551882
1721        0.0010194297249558428
1722        0.0009550845319202645
1723        0.0008932626797880413
1724        0.001213726974514257
1725        0.001555639666919002
1726        0.0008692909412061586
1727        0.0009399444865001284
1728        0.001245268735806209
1729        0.0009475145092101962
1730        0.0010963916225082014
1731        0.001198586929094122
1732        0.0011519051223820341
1733        0.0008819076457229376
1734        0.0014029775422659612
1735        0.000841534191269243
1736        0.001622508200857936
1737        0.0013310623265203132
1738        0.0013991925309109281
1739        0.0009412061569518056
1740        0.0010383547817310135
1741        0.001293212212969972
1742        0.000984102952308859
1743        0.0012503154176129213
1744        0.001177138531415595
1745        0.0014748927580116077
1746        0.0012452687358062077
1747        0.0008554125662376999
1748        0.0012276053494827172
1749        0.0010711582134746416
1750        0.001185970224577342
1751        0.0010333080999243012
1752        0.0008528892253343445
1753        0.0012742871561948037
1754        0.0013651274287156206
1755        0.0011884935654806964
1756        0.0012187736563209713
1757        0.0009424678274034831
1758        0.0010206913954075214
1759        0.001019429724955844
1760        0.0011039616452182702
1761        0.0012805955084531924
1762        0.0013121372697451447
1763        0.0012402220539994976
1764        0.0011884935654806988
1765        0.0013827908150391122
1766        0.0017322735301539252
1767        0.0009550845319202637
1768        0.0009714862477920784
1769        0.0010787282361847113
1770        0.0011178400201867292
1771        0.0011884935654806962
1772        0.0016628816553116341
1773        0.0010320464294726246
1774        0.0009752712591471124
1775        0.0009336361342417386
1776        0.0009727479182437567
1777        0.0009550845319202628
1778        0.0018508705526116597
1779        0.0018004037345445386
1780        0.0009386828160484489
1781        0.0012780721675498385
1782        0.0012250820085793618
1783        0.001096391622508203
1784        0.0012831188493565493
1785        0.0012036336109008334
1786        0.0013663890991673002
1787        0.0012238203381276823
1788        0.001884935654806966
1789        0.0010181680545041645
1790        0.0012011102699974793
1791        0.0011985869290941215
1792        0.0010736815543779977
1793        0.0015695180418874596
1794        0.0011758768609639177
1795        0.0010976532929598804
1796        0.0011746151905122407
1797        0.0013802674741357586
1798        0.0008213474640423933
1799        0.001010598031794097
1800        0.0010383547817310137
1801        0.000999242997728994
1802        0.0010661115316679293
1803        0.0009613928841786538
1804        0.0007141054756497618
1805        0.000942467827403484
1806        0.001130456724703509
1807        0.0011619984859954592
1808        0.00116199848599546
1809        0.001334847337875349
1810        0.0010068130204390644
1811        0.0009752712591471119
1812        0.001103961645218271
1813        0.0014660610648498619
1814        0.0009929346454706045
1815        0.0014168559172344187
1816        0.0013764824627807227
1817        0.0012162503154176136
1818        0.001202371940449156
1819        0.0011720918496088838
1820        0.0012995205652283632
1821        0.0014673227353015404
1822        0.001230128690386073
1823        0.0013916225082008593
1824        0.0009803179409538256
1825        0.0011758768609639167
1826        0.0014496593489780481
1827        0.0014067625536209967
1828        0.0011784002018672742
1829        0.0011342417360585423
1830        0.0011317183951551882
1831        0.0013171839515518557
1832        0.0016288165531163279
1833        0.0009538228614685864
1834        0.0013916225082008593
1835        0.0011973252586424462
1836        0.001093868281604846
1837        0.0012364370426444637
1838        0.001379005803684079
1839        0.00112414837244512
1840        0.0011317183951551869
1841        0.0006093868281604858
1842        0.0010421397930860479
1843        0.0014521826898814066
1844        0.0010572798385061841
1845        0.0014206409285894544
1846        0.0017247035074438558
1847        0.0013310623265203152
1848        0.0010282614181175902
1849        0.0009210194297249569
1850        0.00148750946252839
1851        0.0011834468836739854
1852        0.0011884935654806984
1853        0.001021953065859199
1854        0.0009702245773404002
1855        0.0013033055765833991
1856        0.0013184456220035347
1857        0.0008554125662376999
1858        0.00112414837244512
1859        0.000991672975018927
1860        0.0009033560434014648
1861        0.00098284128185718
1862        0.0011796618723189504
1863        0.0010005046681806733
1864        0.0008894776684330075
1865        0.0015215745647236944
1866        0.001336109008327027
1867        0.0014294726217511998
1868        0.0011834468836739872
1869        0.0009992429977289947
1870        0.0011847085541256631
1871        0.001242745394902855
1872        0.000827655816300783
1873        0.0014597527125914732
1874        0.0018496088821599833
1875        0.0009790562705021461
1876        0.0009008327024981084
1877        0.0009878879636638922
1878        0.0009058793843048206
1879        0.0014017158718142833
1880        0.0014055008831693181
1881        0.0011026999747665927
1882        0.0009210194297249581
1883        0.0018142821095129965
1884        0.0018142821095129956
1885        0.0016553116326015666
1886        0.0010017663386323499
1887        0.0015228362351753732
1888        0.0012187736563209718
1889        0.0012301286903860728
1890        0.0014849861216250316
1891        0.0008995710320464304
1892        0.0009500378501135516
1893        0.0008251324753974267
1894        0.0010673732021196085
1895        0.0009386828160484499
1896        0.0012074186222558667
1897        0.0009197577592732792
1898        0.0008125157708806466
1899        0.0012503154176129203
1900        0.0009197577592732798
1901        0.001357557406005554
1902        0.0007708806459752716
1903        0.0008087307595256125
1904        0.00133989401968206
1905        0.0018521322230633374
1906        0.0009538228614685866
1907        0.0008831693161746166
1908        0.0009576078728236203
1909        0.00172848851879889
1910        0.0009866262932122147
1911        0.0010370931112793354
1912        0.0019568508705526144
1913        0.0009399444865001281
1914        0.0012679788039364139
1915        0.001366389099167299
1916        0.0013764824627807227
1917        0.001939187484229122
1918        0.0010749432248296756
1919        0.0019656825637143593
1920        0.0010269997476659127
1921        0.0009323744637900603
1922        0.0008579359071410553
1923        0.0008150391117840034
1924        0.0011556901337370692
1925        0.0012477920767095653
1926        0.001281857178904871
1927        0.0018508705526116601
1928        0.0014988644965934906
1929        0.001493817814786778
1930        0.0016780217007317706
1931        0.000845319202624276
1932        0.001593489780469343
1933        0.001988392631844563
1934        0.0015695180418874607
1935        0.001114055008831696
1936        0.0011279333838001531
1937        0.0009311127933383815
1938        0.001093868281604846
1939        0.000907141054756499
1940        0.0014231642694928106
1941        0.0014256876103961663
1942        0.0010610648498612183
1943        0.0010169063840524879
1944        0.0013083522583901088
1945        0.0015846580873075966
1946        0.0019354024728740866
1947        0.001009336361342419
1948        0.002148624779207674
1949        0.0006484986121625043
1950        0.001737320211960639
1951        0.0018155437799646757
1952        0.0010320464294726228
1953        0.0007103204642947277
1954        0.001252838758516276
1955        0.0009538228614685861
1956        0.0010888215997981348
1957        0.0011746151905122387
1958        0.0011922785768357313
1959        0.001082513247539744
1960        0.0008869543275296513
1961        0.00094499116830684
1962        0.001140550088316933
1963        0.0011556901337370687
1964        0.001206156951804191
1965        0.0013058289174867543
1966        0.0010169063840524879
1967        0.0012440070653545294
1968        0.0012452687358062093
1969        0.0011632601564471377
1970        0.0013550340651021975
1971        0.0008478425435276316
1972        0.0011140550088316944
1973        0.0011266717133484754
1974        0.0015581630078223584
1975        0.0011632601564471369
1976        0.001307090587938431
1977        0.0009677012364370437
1978        0.0010269997476659107
1979        0.001109008327024984
1980        0.000980317940953825
1981        0.001570779712339138
1982        0.00125788544032299
1983        0.001768861973252588
1984        0.001418117587686097
1985        0.0010686348725712858
1986        0.0010610648498612179
1987        0.0018685339389351518
1988        0.0018218521322230653
1989        0.0011216250315417625
1990        0.0015026495079485246
1991        0.001136765076961898
1992        0.0009891496341155699
1993        0.0012162503154176136
1994        0.001535452939692155
1995        0.0009046177138531431
1996        0.0008062074186222572
1997        0.0008402725208175632
1998        0.0009285894524350259
1999        0.001107746656573304
2000        0.0011872318950290194
2001        0.0011695685087055262
2002        0.0009576078728236205
2003        0.0011531667928337136
2004        0.0014294726217511983
2005        0.0011619984859954583
2006        0.0009311127933383826
2007        0.0012515770880646
2008        0.0011632601564471382
2009        0.0016603583144082761
2010        0.0016729750189250576
2011        0.001317183951551855
2012        0.0012995205652283637
2013        0.0014761544284632871
2014        0.0011266717133484754
2015        0.0011317183951551873
2016        0.0008831693161746166
2017        0.0010862982588947792
2018        0.0009172344183699236
2019        0.000769618975523594
2020        0.0012086802927075444
2021        0.0008591975775927339
2022        0.0010686348725712862
2023        0.0008251324753974265
2024        0.0007469089073933896
2025        0.0012452687358062086
2026        0.0010181680545041658
2027        0.0007847590209437296
2028        0.0011001766338632367
2029        0.0008465808730759539
2030        0.0008692909412061584
2031        0.0008200857935907153
2032        0.0010635881907645741
2033        0.0011821852132223069
2034        0.000908402725208178
2035        0.0009714862477920771
2036        0.0011594751450921031
2037        0.001202371940449156
2038        0.001092606611153169
2039        0.0008655059298511234
2040        0.0011191016906384077
2041        0.000898309361594753
2042        0.0009563462023719414
2043        0.0008730759525611922
2044        0.0009512995205652301
2045        0.001141811758768611
2046        0.0009777946000504676
2047        0.001004289679535707
2048        0.0011910169063840534
2049        0.0010282614181175895
2050        0.001522836235175372
2051        0.0011670451678021708
2052        0.0014988644965934906
2053        0.0010345697703759793
2054        0.0010206913954075214
2055        0.0012641937925813793
2056        0.0006447136008074705
2057        0.0015140045420136265
2058        0.0010257380772142341
2059        0.0009222811001766344
2060        0.0011127933383800182
2061        0.0013007822356800418
2062        0.0012250820085793622
2063        0.0012351753721927849
2064        0.0013033055765833972
2065        0.0011821852132223084
2066        0.0013928841786525375
2067        0.0007645722937168827
2068        0.0010724198839263206
2069        0.0014433509967196581
2070        0.0009866262932122158
2071        0.0014395659853646227
2072        0.00132096896290689
2073        0.0011279333838001523
2074        0.0010635881907645733
2075        0.0011367650769618987
2076        0.000912187736563211
2077        0.0008591975775927335
2078        0.0009929346454706054
2079        0.0013954075195558929
2080        0.0010648498612162516
2081        0.0009740095886954347
2082        0.0011001766338632373
2083        0.000952561191016907
2084        0.0009538228614685861
2085        0.0008920010093363624
2086        0.0008667676003028022
2087        0.001199848599545799
2088        0.001066111531667929
2089        0.0010358314408276577
2090        0.0009184960888216008
2091        0.0012679788039364128
2092        0.0013689124400706539
2093        0.001117840020186729
2094        0.001115316679283374
2095        0.0010951299520565241
2096        0.0009702245773404
2097        0.0011834468836739857
2098        0.0008730759525611923
2099        0.0014244259399444886
2100        0.0013878374968458237
2101        0.0009512995205652297
2102        0.0010143830431491305
2103        0.0010169063840524874
2104        0.0013827908150391137
2105        0.001222558667676003
2106        0.0008995710320464315
2107        0.0009285894524350256
2108        0.0008869543275296508
2109        0.0014055008831693168
2110        0.001151905122382035
2111        0.000903356043401465
2112        0.0010926066111531683
2113        0.001344940701488772
2114        0.001525359576078728
2115        0.0012780721675498374
2116        0.0009689629068887217
2117        0.0008528892253343438
2118        0.0011922785768357323
2119        0.001349987383295483
2120        0.0007166288165531165
2121        0.0010585415089578625
2122        0.0007065354529396939
2123        0.0011607368155437813
2124        0.0010471864748927589
2125        0.0011657834973504927
2126        0.0010825132475397437
2127        0.0009550845319202635
2128        0.0010257380772142324
2129        0.0015039111784002038
2130        0.0014017158718142833
2131        0.0016742366893767358
2132        0.001202371940449157
2133        0.0008869543275296506
2134        0.0014408276558163019
2135        0.0011455967701236448
2136        0.0010030280090840295
2137        0.001376482462780723
2138        0.0009929346454706047
2139        0.0008920010093363636
2140        0.000971486247792079
2141        0.0011329800656068659
2142        0.0007216754983598288
2143        0.000919757759273279
2144        0.0007734039868786278
2145        0.0009828412818571794
2146        0.000967701236437044
2147        0.0008465808730759541
2148        0.000909664395659855
2149        0.0010093363613424193
2150        0.0010976532929598815
2151        0.0009878879636638928
2152        0.0009841029523088584
2153        0.0008175624526873591
2154        0.0008226091344940712
2155        0.0009689629068887228
2156        0.0008655059298511242
2157        0.0009525611910169076
2158        0.0011254100428967962
2159        0.0009815796114055035
2160        0.0012263436790310393
2161        0.0009866262932122158
2162        0.0010900832702498123
2163        0.0013083522583901088
2164        0.0010156447136008093
2165        0.0010572798385061846
2166        0.0013651274287156197
2167        0.0010724198839263197
2168        0.0011884935654807001
2169        0.0012894272016149403
2170        0.001337370678778705
2171        0.001510219530658594
2172        0.0011784002018672738
2173        0.0011418117587686117
2174        0.0010938682816048482
2175        0.0013827908150391135
2176        0.001401715871814283
2177        0.0015960131213726993
2178        0.0010610648498612192
2179        0.0013209689629068895
2180        0.001187231895029019
2181        0.0007216754983598306
2182        0.001438304314912947
2183        0.0011052233156699492
2184        0.0009475145092101962
2185        0.0013386323492303826
2186        0.0012452687358062073
2187        0.0013739591218773673
2188        0.0011657834973504925
2189        0.0009777946000504684
2190        0.0013499873832954852
2191        0.001532929598788797
2192        0.0011720918496088844
2193        0.0012238203381276823
2194        0.0010623265203128958
2195        0.001371435780974011
2196        0.0011569518041887473
2197        0.000986626293212215
2198        0.0013954075195558929
2199        0.0008655059298511253
2200        0.0010497098157961162
2201        0.0009386828160484504
2202        0.001109008327024984
2203        0.0007834973504920521
2204        0.0008743376230128704
2205        0.0009008327024981089
2206        0.0012124653040625798
2207        0.0009260661115316693
2208        0.001039616452182691
2209        0.0008276558163007831
2210        0.0010295230885692683
2211        0.0009702245773404012
2212        0.0008718142821095133
2213        0.0007519555892001011
2214        0.001082513247539744
2215        0.001023214736310877
2216        0.0012881655311632605
2217        0.0011582134746404257
2218        0.0010030280090840293
2219        0.0008566742366893778
2220        0.0007607872823618477
2221        0.0008352258390108506
2222        0.0014988644965934909
2223        0.0011872318950290194
2224        0.0009954579863739607
2225        0.0009929346454706054
2226        0.001076204895281354
2227        0.0011582134746404252
2228        0.0011619984859954594
2229        0.0008112541004289682
2230        0.0009121877365632107
2231        0.0010408781226343704
2232        0.0011266717133484748
2233        0.000798637395912189
2234        0.0006573303053242506
2235        0.001599798132727734
2236        0.0012061569518041911
2237        0.00121877365632097
2238        0.0015076961897552378
2239        0.0009891496341155699
2240        0.0013663890991672987
2241        0.0009386828160484484
2242        0.0010169063840524874
2243        0.0010042896795357077
2244        0.0011910169063840531
2245        0.0010787282361847108
2246        0.0008995710320464301
2247        0.0012011102699974773
2248        0.0010005046681806733
2249        0.0010017663386323505
2250        0.0012503154176129192
2251        0.0015102195306585927
2252        0.0010282614181175889
2253        0.0008604592480444121
2254        0.0015051728488518817
2255        0.0009727479182437569
2256        0.0012326520312894282
2257        0.0009487761796618734
2258        0.0010307847590209454
2259        0.0016502649507948535
2260        0.0010623265203128962
2261        0.0014496593489780483
2262        0.0011670451678021706
2263        0.0009361594751450937
2264        0.0014282109512995227
2265        0.0015152662124653053
2266        0.0009084027252081774
2267        0.0008667676003028026
2268        0.001153166792833714
2269        0.0014963411556901353
2270        0.000968962906888722
2271        0.0009071410547564988
2272        0.001782740348221045
2273        0.0007052737824880152
2274        0.001725965177895535
2275        0.001025738077214234
2276        0.0009134494070148891
2277        0.0010320464294726222
2278        0.0013108755992934638
2279        0.0012250820085793611
2280        0.0009525611910169081
2281        0.0011683068382538503
2282        0.0010926066111531674
2283        0.0011910169063840523
2284        0.0011342417360585434
2285        0.0009563462023719415
2286        0.0011329800656068644
2287        0.0011872318950290194
2288        0.001230128690386073
2289        0.0010522331566994718
2290        0.0011531667928337138
2291        0.0012376987130961416
2292        0.0010913449407014906
2293        0.0015518546555639663
2294        0.0009904113045672495
2295        0.0009714862477920781
2296        0.001246530406257886
2297        0.0013588190764572288
2298        0.0013209689629068903
2299        0.0009929346454706051
2300        0.0010799899066363885
2301        0.0009096643956598544
2302        0.0009828412818571803
2303        0.0009386828160484504
2304        0.0010017663386323507
2305        0.000974009588695434
2306        0.0011872318950290183
2307        0.0009525611910169076
2308        0.0009639162250820106
2309        0.0008377491799142075
2310        0.0010232147363108774
2311        0.0013159222811001787
2312        0.000979056270502147
2313        0.0010900832702498134
2314        0.0010282614181175897
2315        0.0009878879636638922
2316        0.0009815796114055022
2317        0.0009109260661115332
2318        0.0011784002018672723
2319        0.0008844309866262945
2320        0.0013007822356800422
2321        0.0013777441332323997
2322        0.0009008327024981077
2323        0.0006951804188745915
2324        0.001252838758516277
2325        0.0010143830431491314
2326        0.0008705526116578358
2327        0.0009626545546303319
2328        0.0012477920767095634
2329        0.0009197577592732801
2330        0.0009311127933383797
2331        0.0008970476911430756
2332        0.0008705526116578366
2333        0.0010686348725712858
2334        0.0012452687358062097
2335        0.0011973252586424444
2336        0.0011228867019934408
2337        0.0009841029523088593
2338        0.001341155690133738
2339        0.0010295230885692657
2340        0.0011998485995457992
2341        0.001355034065102197
2342        0.0009664395659853662
2343        0.001265455463033057
2344        0.0009765329295987901
2345        0.001048448145344438
2346        0.000950037850113552
2347        0.0011859702245773426
2348        0.0009096643956598553
2349        0.0012175119858692917
2350        0.0009084027252081767
2351        0.0009273277819833474
2352        0.0012755488266464816
2353        0.0009967196568256382
2354        0.0012591471107746685
2355        0.0009563462023719421
2356        0.0010875599293464558
2357        0.0011670451678021708
2358        0.001049709815796115
2359        0.0009449911683068409
2360        0.0012717638152914463
2361        0.0011455967701236457
2362        0.0009538228614685855
2363        0.0011519051223820354
2364        0.0010244764067625562
2365        0.0008062074186222563
2366        0.0005980317940953834
2367        0.0009563462023719407
2368        0.0007254605097148627
2369        0.0009437294978551626
2370        0.001068634872571286
2371        0.0007822356800403746
2372        0.0011935402472874107
2373        0.0007834973504920521
2374        0.001062326520312896
2375        0.0009538228614685853
2376        0.0009033560434014648
2377        0.000605601816805451
2378        0.0007557406005551362
2379        0.00095760787282362
2380        0.000818824123139037
2381        0.0009071410547564988
2382        0.0009197577592732792
2383        0.000874337623012871
2384        0.0008301791572041399
2385        0.0008440575321725968
2386        0.0010030280090840284
2387        0.0008453192026242756
2388        0.0009197577592732788
2389        0.0010913449407014913
2390        0.0009727479182437567
2391        0.0011443350996719682
2392        0.0010825132475397452
2393        0.00091344940701489
2394        0.0008768609639162257
2395        0.0008629825889477679
2396        0.0008415341912692417
2397        0.0008528892253343436
2398        0.0007961140550088323
2399        0.0008705526116578363
2400        0.0009500378501135516
2401        0.0010673732021196085
2402        0.0009184960888216008
2403        0.0009740095886954346
2404        0.0007834973504920518
2405        0.0010068130204390626
2406        0.0008579359071410545
2407        0.0006257885440322997
2408        0.0008617209184960906
2409        0.0011127933383800154
2410        0.0012225586676760038
2411        0.0011897552359323754
2412        0.0009588695432752987
2413        0.001057279838506184
2414        0.0010610648498612177
2415        0.001103961645218271
2416        0.0011481201110270008
2417        0.0012679788039364137
2418        0.0013663890991672983
2419        0.0008200857935907149
2420        0.0008869543275296513
2421        0.0008036840777189013
2422        0.0011468584405753231
2423        0.0008970476911430747
2424        0.0009525611910169079
2425        0.0008907393388846844
2426        0.0008074690890739348
2427        0.0010105980317940955
2428        0.001069896543022964
2429        0.000836487509462529
2430        0.0008743376230128697
2431        0.00094499116830684
2432        0.0009311127933383817
2433        0.0011140550088316948
2434        0.0009765329295987892
2435        0.0009159727479182454
2436        0.0008806459752712607
2437        0.0009740095886954334
2438        0.0011948019177390877
2439        0.0008655059298511247
2440        0.0011733535200605617
2441        0.0010232147363108772
2442        0.000979056270502147
2443        0.0009828412818571799
2444        0.0009941963159222822
2445        0.001144335099671966
2446        0.000933636134241737
2447        0.0009071410547564991
2448        0.0008062074186222567
2449        0.0009172344183699231
2450        0.001132980065606864
2451        0.0008768609639162265
2452        0.0008957860206913972
2453        0.0009588695432752977
2454        0.0009878879636638922
2455        0.0012086802927075459
2456        0.0009752712591471124
2457        0.000873075952561192
2458        0.0008352258390108516
2459        0.0009374211455967712
2460        0.0012326520312894264
2461        0.0009033560434014652
2462        0.0010421397930860483
2463        0.0010471864748927595
2464        0.0010459248044410812
2465        0.0009147110774665668
2466        0.0009285894524350253
2467        0.0009525611910169081
2468        0.001196063588190765
2469        0.0008415341912692417
2470        0.0009576078728236191
2471        0.0007607872823618486
2472        0.0009803179409538254
2473        0.0009348978046934155
2474        0.0007822356800403733
2475        0.0009184960888216013
2476        0.0009878879636638922
2477        0.0011052233156699464
2478        0.0008705526116578358
2479        0.0009967196568256393
2480        0.0009374211455967709
2481        0.0009159727479182457
2482        0.0009336361342417369
2483        0.0009222811001766358
2484        0.0009424678274034836
2485        0.0009084027252081763
2486        0.0008453192026242771
2487        0.001029523088569266
2488        0.0009841029523088571
2489        0.0013739591218773668
2490        0.0011809235427706296
2491        0.0011493817814786779
2492        0.0011582134746404254
2493        0.0012414837244511753
2494        0.0008062074186222565
2495        0.0008844309866262938
2496        0.0008377491799142078
2497        0.0009512995205652297
2498        0.0012339137017411048
2499        0.0011695685087055286
2500        0.0011733535200605602
2501        0.001030784759020946
2502        0.0008579359071410556
2503        0.0008970476911430747
2504        0.0009020943729497867
2505        0.0009008327024981084
2506        0.0010181680545041656
2507        0.0012919505425182962
2508        0.0011064849861216267
2509        0.0009487761796618739
2510        0.0009412061569518051
2511        0.0007746656573303061
2512        0.0009235427706283134
2513        0.0012427453949028506
2514        0.0009172344183699234
2515        0.0008491042139793098
2516        0.0007305071915215746
2517        0.0007771889982336627
2518        0.000919757759273279
2519        0.0008339641685591734
2520        0.0008755992934645477
2521        0.0009285894524350254
2522        0.0008907393388846852
2523        0.0011531667928337123
2524        0.0011014383043149148
2525        0.0010560181680545054
2526        0.000878122634367904
2527        0.0010181680545041643
2528        0.0008655059298511236
2529        0.000900832702498109
2530        0.0008995710320464307
2531        0.0008869543275296504
2532        0.0010724198839263193
2533        0.000817562452687359
2534        0.001091344940701489
2535        0.0009689629068887217
2536        0.0010875599293464545
2537        0.0009992429977289934
2538        0.0008427958617209195
2539        0.0012452687358062084
2540        0.0007708806459752716
2541        0.0010105980317940972
2542        0.001212465304062581
2543        0.0008137774413323241
2544        0.0009248044410799903
2545        0.000859197577592733
2546        0.000946252838758518
2547        0.0008478425435276319
2548        0.0010156447136008078
2549        0.000779712339137018
2550        0.0009841029523088567
2551        0.001050971486247793
2552        0.0008011607368155446
2553        0.0008453192026242754
2554        0.0009399444865001279
2555        0.0009752712591471123
2556        0.0011645218268988163
2557        0.0008352258390108524
2558        0.0008730759525611922
2559        0.0008112541004289683
2560        0.0009740095886954334
2561        0.0012250820085793596
2562        0.0010446631339894022
2563        0.000878122634367904
2564        0.0008617209184960898
2565        0.0009878879636638928
2566        0.0009462528387585169
2567        0.0012339137017411054
2568        0.00106611153166793
2569        0.0009197577592732799
2570        0.0008516275548826654
2571        0.0008831693161746166
2572        0.0011619984859954587
2573        0.0009462528387585178
2574        0.0008150391117840032
2575        0.0007834973504920523
2576        0.0010080746908907397
2577        0.0009613928841786539
2578        0.0009348978046934153
2579        0.0012288670199343931
2580        0.0009361594751450936
2581        0.0008894776684330062
2582        0.0010194297249558428
2583        0.0010345697703759793
2584        0.0009954579863739612
2585        0.0008213474640423927
2586        0.001090083270249812
2587        0.0008718142821095139
2588        0.000745647236941711
2589        0.00107746656573303
2590        0.0008541508957860213
2591        0.0012604087812263434
2592        0.0009437294978551615
2593        0.0009512995205652309
2594        0.0008882159979813281
2595        0.0011304567247035087
2596        0.0009248044410799907
2597        0.001103961645218269
2598        0.000919757759273279
2599        0.0008112541004289684
2600        0.0005513499873832953
2601        0.0007191521574564736
2602        0.0008238708049457496
2603        0.0009588695432752974
2604        0.0008352258390108508
2605        0.0009210194297249557
2606        0.0008427958617209195
2607        0.000804945748170579
2608        0.0007418622255866769
2609        0.0008882159979813287
2610        0.0010118597022457743
2611        0.0008024224072672226
2612        0.0005828917486752464
2613        0.0008831693161746152
2614        0.0011443350996719662
2615        0.0011998485995458003
2616        0.0010434014635377243
2617        0.0010169063840524874
2618        0.0009399444865001276
2619        0.0012906888720666174
2620        0.0011834468836739854
2621        0.0010169063840524861
2622        0.0008806459752712601
2623        0.0007771889982336615
2624        0.0006270502144839773
2625        0.000616956850870553
2626        0.0006156951804188753
2627        0.0007178904870047956
2628        0.0005980317940953821
2629        0.0007292455210698988
2630        0.0007002271006813037
2631        0.000688872066616201
2632        0.0006686853393893523
2633        0.0006661619984859971
2634        0.0007582639414584913
2635        0.0005690133737067883
2636        0.0006951804188745909
2637        0.0006447136008074706
2638        0.0006409285894524358
2639        0.000716628816553117
2640        0.0005955084531920261
2641        0.0006081251577088075
2642        0.0006257885440322991
