1        0.0007506939187484248
2        0.0009967196568256408
3        0.0011329800656068657
4        0.000788544032298765
5        0.0009677012364370454
6        0.0008591975775927348
7        0.001203633610900834
8        0.0007961140550088334
9        0.0012288670199343955
10        0.001361342417360586
11        0.0015619480191773909
12        0.001401715871814282
13        0.0012667171334847357
14        0.0009626545546303328
15        0.001482462780721676
16        0.0018647489275801163
17        0.0018697956093868314
18        0.0008213474640423944
19        0.0014319959626545554
20        0.0014900328034317453
21        0.0015379762805955086
22        0.0012200353267726488
23        0.0014862477920767117
24        0.0015341912692404763
25        0.0009878879636638935
26        0.0015846580873075966
27        0.001434519303557913
28        0.0013298006560686373
29        0.0014875094625283892
30        0.0017019934393136527
31        0.001582134746404241
32        0.0019593742114559693
33        0.001612414837244513
34        0.0010875599293464562
35        0.002390865505929855
36        0.00151274287156195
37        0.0017247035074438584
38        0.0018685339389351526
39        0.0019896543022962427
40        0.0010131213726974528
41        0.0013361090083270262
42        0.0015493313146606128
43        0.0017322735301539252
44        0.001377744133232402
45        0.001656573303053242
46        0.0008642442593994467
47        0.0015064345193035588
48        0.0019164774160989177
49        0.001342417360585417
50        0.002080494574817061
51        0.001787787030027759
52        0.0013449407014887733
53        0.001596013121372699
54        0.0016300782235680051
55        0.002147363108755995
56        0.001666666666666668
57        0.0016502649507948541
58        0.001223820338127683
59        0.0010181680545041656
60        0.0021473631087559936
61        0.0015215745647236953
62        0.0019492808478425458
63        0.0021801665404996245
64        0.0011241483724451198
65        0.0017575069391874856
66        0.0016212465304062602
67        0.0014408276558163025
68        0.0018761039616452216
69        0.0018168054504163536
70        0.0014723694171082516
71        0.0013474640423921293
72        0.0010799899066363883
73        0.0007456472369417117
74        0.0011090083270249825
75        0.0014446126671713367
76        0.001280595508453193
77        0.0018142821095129965
78        0.0015417612919505451
79        0.0019568508705526135
80        0.0013878374968458258
81        0.0018142821095129972
82        0.0014610143830431502
83        0.0022596517789553396
84        0.002180166540499625
85        0.0018142821095129976
86        0.0013752207923290458
87        0.0007910673732021214
88        0.0017398435528639933
89        0.0015669947009841043
90        0.002498107494322488
91        0.0018634872571284408
92        0.001956850870552614
93        0.0020981579611405545
94        0.0024501640171587223
95        0.0013133989401968224
96        0.002452687358062078
97        0.000770880645975274
98        0.0014711077466565753
99        0.00146858440575322
100        0.002271006813020442
101        0.0017940953822861495
102        0.001076204895281352
103        0.0014219025990411325
104        0.0017234418369921779
105        0.001631339894019683
106        0.0009929346454706051
107        0.0012805955084531926
108        0.0013171839515518564
109        0.0018243754731264198
110        0.0015442846328538986
111        0.0008402725208175647
112        0.0008831693161746184
113        0.0013651274287156216
114        0.0014824627807216765
115        0.0018937673479687115
116        0.0007948523845571561
117        0.001381529144587435
118        0.0019290941206156964
119        0.0017057784506686869
120        0.0014067625536209965
121        0.0013966691900075727
122        0.0014168559172344204
123        0.0012705021448397703
124        0.0019934393136512765
125        0.001944234166035835
126        0.0015783497350492055
127        0.001977037597779462
128        0.0012705021448397703
129        0.001657834973504922
130        0.0016628816553116335
131        0.0013827908150391144
132        0.0013222306333585687
133        0.0016906384052485508
134        0.0014433509967196586
135        0.0012894272016149408
136        0.002038859449911685
137        0.0018622255866767622
138        0.0019328791319707327
139        0.0015505929851122905
140        0.0016149381781478686
141        0.001627554882664648
142        0.001510219530658595
143        0.0015897047691143095
144        0.0014711077466565753
145        0.0013033055765833987
146        0.0014824627807216778
147        0.0011430734292202877
148        0.0017524602573807736
149        0.0018660105980317964
150        0.002455210698965434
151        0.0020868029270754494
152        0.0019707292455210736
153        0.0022747918243754767
154        0.0015203128942720171
155        0.0018975523593237468
156        0.0022583901085036634
157        0.001221296997224327
158        0.0023454453696694433
159        0.0013941458491042163
160        0.0017511985869290965
161        0.001638909916729751
162        0.002161241483724456
163        0.002460257380772146
164        0.002132223063335858
165        0.0013449407014887737
166        0.002081756245268739
167        0.0020249810749432273
168        0.0017411052233156712
169        0.0019379258137774435
170        0.0014193792581377767
171        0.001127933383800155
172        0.001858440575321728
173        0.0013272773151652814
174        0.0015417612919505447
175        0.0018180671208680307
176        0.0012061569518041894
177        0.0011569518041887486
178        0.0018962906888720713
179        0.0016023214736310902
180        0.001850870552611659
181        0.0023227353015392426
182        0.0010900832702498112
183        0.0011607368155437815
184        0.0013133989401968222
185        0.001458491042139796
186        0.0020098410295230924
187        0.0011064849861216262
188        0.0019543275296492564
189        0.0023038102447640717
190        0.0017045167802170087
191        0.002369417108251328
192        0.0015051728488518822
193        0.0015619480191773935
194        0.0019581125410042914
195        0.001800403734544539
196        0.001666666666666668
197        0.0019883926318445652
198        0.0019732525864244285
199        0.001916477416098917
200        0.0013689124400706534
201        0.00174867524602574
202        0.002093111279333841
203        0.0013537723946505196
204        0.001543022962402223
205        0.001763815291445876
206        0.001974514256876107
207        0.0016565733030532446
208        0.0015644713600807478
209        0.0017991420640928615
210        0.001767600302800912
211        0.0014181175876860983
212        0.0015960131213727002
213        0.002127176381529147
214        0.0016439565985364628
215        0.0013335856674236708
216        0.0015531163260156453
217        0.0017903103709311149
218        0.0014799394398183215
219        0.0016540499621498874
220        0.0016124148372445135
221        0.001612414837244513
222        0.0017423668937673505
223        0.002045167802170077
224        0.0018975523593237472
225        0.0014912944738834243
226        0.0017688619732525875
227        0.0015442846328539005
228        0.0015354529396921538
229        0.001887458995710322
230        0.001381529144587434
231        0.0016855917234418394
232        0.0018369921776432015
233        0.0017436285642190275
234        0.0015581630078223571
235        0.0016237698713096151
236        0.0015695180418874586
237        0.0015493313146606113
238        0.00146101438304315
239        0.0013436790310370943
240        0.00146101438304315
241        0.001177138531415596
242        0.001376482462780724
243        0.001651526621246534
244        0.0018660105980317988
245        0.0017940953822861501
246        0.001746151905122384
247        0.001578349735049206
248        0.001463537723946506
249        0.0017978803936411825
250        0.0018344688367398466
251        0.0016351249053747148
252        0.001535452939692153
253        0.00125788544032299
254        0.001767600302800912
255        0.0015039111784002036
256        0.001680545041635125
257        0.001802927075447895
258        0.0017587686096391633
259        0.001646479939439819
260        0.0017562452687358069
261        0.0015922281100176636
262        0.0016502649507948543
263        0.001973252586424429
264        0.0014282109512995245
265        0.001845823870804948
266        0.0018672722684834739
267        0.0010724198839263217
268        0.0016250315417612946
269        0.0015304062578854422
270        0.0019480191773908688
271        0.0017108251324753992
272        0.0019101690638405266
273        0.0020678778703002807
274        0.0024400706535452994
275        0.002089326267978807
276        0.0017865253595760813
277        0.001694423416603585
278        0.0014761544284632867
279        0.00175498359828413
280        0.0019593742114559698
281        0.00260408781226344
282        0.002277315165278832
283        0.0019354024728740855
284        0.0016565733030532443
285        0.0017776936664143353
286        0.0016351249053747157
287        0.0015026495079485263
288        0.00167802170073177
289        0.0013159222811001798
290        0.0014357809740095898
291        0.0016225082008579376
292        0.0015884430986626312
293        0.0017726469846076236
294        0.002046429472621755
295        0.0017852636891244023
296        0.0015417612919505438
297        0.0015026495079485253
298        0.0018458238708049498
299        0.0014471360080746943
300        0.001932879131970732
301        0.0020767095634620265
302        0.0027681049709815824
303        0.002090587938430486
304        0.0024602573807721456
305        0.002916982084279592
306        0.0013474640423921298
307        0.001167045167802172
308        0.0011922785768357313
309        0.0013701741105223324
310        0.0012705021448397701
311        0.0010383547817310128
312        0.0014950794852384563
313        0.0020628311884935678
314        0.0021296997224325054
315        0.0015228362351753747
316        0.0015240979056270522
317        0.001963159222811004
318        0.002031289427201619
319        0.0013638657582639429
320        0.0016414332576331072
321        0.0014219025990411306
322        0.0019492808478425465
323        0.0009550845319202651
324        0.001968205904617716
325        0.0018079737572546074
326        0.0016338632349230389
327        0.0020779712339137058
328        0.0022154933131466087
329        0.002249558415341915
330        0.0016199848599545822
331        0.0016426949280847853
332        0.0015001261670451694
333        0.001357557406005552
334        0.0017133484733787559
335        0.0017612919505425196
336        0.002229371688115068
337        0.0014029775422659625
338        0.0018041887458995734
339        0.002035074438556651
340        0.0019896543022962427
341        0.002233156699470102
342        0.001050971486247793
343        0.0006888720666162009
344        0.0016931617461519082
345        0.0020237194044915485
346        0.0017701236437042674
347        0.0012086802927075465
348        0.0005450416351249043
349        0.0005374716124148359
350        0.0018041887458995738
351        0.0021940449154680837
352        0.0015770880645975286
353        0.0019505425182942233
354        0.0016452182689881405
355        0.0014711077466565755
356        0.0011077466565733059
357        0.000868029270754481
358        0.002471612414837246
359        0.0016919000757002296
360        0.002535957607872826
361        0.0021334847337875365
362        0.0014534443603330823
363        0.0013777441332324001
364        0.0016540499621498861
365        0.0016237698713096143
366        0.000960131213726977
367        0.0016086298258894776
368        0.0013562957355538743
369        0.0008163007822356823
370        0.0015606863487257145
371        0.0015569013373706807
372        0.0017776936664143336
373        0.0015720413827908166
374        0.0019858692909412085
375        0.00185844057532173
376        0.0020237194044915477
377        0.0015796114055008847
378        0.001649003280343176
379        0.0014029775422659612
380        0.0014193792581377763
381        0.001907645722937171
382        0.0007734039868786277
383        0.0010762048952813533
384        0.0012200353267726482
385        0.0014408276558163008
386        0.0012616704516780237
387        0.0013323239969719918
388        0.001910169063840527
389        0.0014862477920767102
390        0.0013739591218773677
391        0.0020868029270754503
392        0.001570779712339139
393        0.0017171334847337894
394        0.0014332576331062344
395        0.0010673732021196074
396        0.001144335099671967
397        0.0013790058036840798
398        0.0009134494070148904
399        0.0018962906888720698
400        0.0014143325763310644
401        0.0011481201110270013
402        0.001501387837496848
403        0.0015594246782740344
404        0.0014042392127176402
405        0.00204895281352511
406        0.0017676003028009098
407        0.0014925561443351006
408        0.0013310623265203145
409        0.001191016906384054
410        0.0014900328034317455
411        0.0017776936664143336
412        0.0014219025990411323
413        0.0015266212465304076
414        0.0018420388594499134
415        0.0014673227353015402
416        0.001488771132980068
417        0.000910926066111533
418        0.0017436285642190264
419        0.0017840020186727236
420        0.0014332576331062353
421        0.0012692404743880911
422        0.0012969972243250067
423        0.001368912440070657
424        0.0013954075195558922
425        0.0015190512238203394
426        0.001655311632601566
427        0.0012212969972243265
428        0.001541761291950543
429        0.001228867019934395
430        0.0013499873832954852
431        0.0006737320211960642
432        0.001805450416351252
433        0.0014849861216250327
434        0.0016603583144082779
435        0.0015682563714357793
436        0.0012805955084531937
437        0.001216250315417614
438        0.001366389099167299
439        0.0009374211455967699
440        0.0011607368155437802
441        0.0011317183951551845
442        0.0017663386323492315
443        0.0008781226343679033
444        0.0007166288165531172
445        0.0013146606106484997
446        0.001159475145092103
447        0.0013083522583901093
448        0.0011455967701236452
449        0.0009828412818571805
450        0.001260408781226346
451        0.0012074186222558684
452        0.0013449407014887716
453        0.001098914963411557
454        0.0011569518041887473
455        0.0011935402472874096
456        0.001230128690386072
457        0.0012452687358062077
458        0.0014370426444612688
459        0.0007368155437799656
460        0.0012074186222558686
461        0.001095129952056525
462        0.0016944234166035854
463        0.0015203128942720176
464        0.0018849356548069662
465        0.001434519303557913
466        0.0014029775422659616
467        0.0013903608377491819
468        0.0011619984859954603
469        0.0020678778703002785
470        0.0018786273025485753
471        0.0015569013373706775
472        0.0011884935654806977
473        0.0010206913954075207
474        0.0012591471107746667
475        0.001130456724703509
476        0.0011165783497350506
477        0.0012982588947766853
478        0.0016881150643451937
479        0.0012023719404491557
480        0.0012616704516780239
481        0.0010169063840524868
482        0.001202371940449156
483        0.0016830683825384799
484        0.001274287156194803
485        0.0011317183951551877
486        0.0012175119858692928
487        0.001034569770375979
488        0.0013903608377491814
489        0.0012061569518041907
490        0.0015695180418874599
491        0.0012730254857431253
492        0.0019051223820338145
493        0.0012086802927075467
494        0.0014105475649760306
495        0.0021940449154680837
496        0.001395407519555894
497        0.0019139540751955605
498        0.0010724198839263197
499        0.0012856421902599068
500        0.0010812515770880664
501        0.001575826394145851
502        0.001680545041635126
503        0.0019719909159727506
504        0.00135251072419884
505        0.0011544284632853921
506        0.0013373706787787045
507        0.0014055008831693164
508        0.0014572293716881165
509        0.00093237446379006
510        0.0015960131213726993
511        0.0017347968710572804
512        0.0013436790310370932
513        0.000861720918496089
514        0.001626293212212972
515        0.001409285894524352
516        0.0013689124400706547
517        0.0020022710068130227
518        0.0018130204390613188
519        0.0015682563714357826
520        0.0018672722684834754
521        0.0016982084279586166
522        0.001977037597779462
523        0.0007368155437799656
524        0.0016982084279586196
525        0.0016086298258894778
526        0.0008339641685591741
527        0.0012061569518041892
528        0.0007633106232652046
529        0.0014711077466565757
530        0.0018004037345445397
531        0.0010698965430229657
532        0.0014723694171082532
533        0.0011266717133484748
534        0.0013562957355538756
535        0.0017978803936411828
536        0.00207418622255867
537        0.0021738581882412332
538        0.0023227353015392417
539        0.002119606358819078
540        0.001666666666666668
541        0.002011102699974768
542        0.001073681554377998
543        0.0014193792581377776
544        0.001177138531415595
545        0.0011910169063840547
546        0.0020439061317183973
547        0.0010307847590209445
548        0.0014029775422659632
549        0.001860963916225085
550        0.0017272268483472127
551        0.0015985364622760553
552        0.0020514761544284652
553        0.0009815796114055015
554        0.0015304062578854417
555        0.0013260156447136029
556        0.0019518041887459003
557        0.0012869038607115854
558        0.0012112036336109021
559        0.001924047438808985
560        0.001510219530658593
561        0.001303305576583398
562        0.0013815291445874337
563        0.001105223315669949
564        0.0018634872571284403
565        0.0020249810749432286
566        0.001737320211960638
567        0.0021965682563714387
568        0.0018092354277062862
569        0.0011203633610900828
570        0.0019290941206157
571        0.0011834468836739857
572        0.0012755488266464816
573        0.0011329800656068654
574        0.0021700731768862
575        0.0012805955084531939
576        0.0008831693161746152
577        0.0020451678021700757
578        0.0014256876103961673
579        0.0015518546555639689
580        0.001559424678274038
581        0.001490032803431746
582        0.002170073176886201
583        0.0017840020186727236
584        0.00166666666666667
585        0.0017259651778955354
586        0.0013752207923290463
587        0.0016590966439565993
588        0.0017019934393136538
589        0.0017814786777693673
590        0.0015859197577592762
591        0.0022331566994700995
592        0.0019442341660358346
593        0.0011973252586424449
594        0.001723441836992178
595        0.001628816553116327
596        0.001577088064597528
597        0.0015140045420136276
598        0.0016490032803431751
599        0.001795357052737826
600        0.0014332576331062324
601        0.0015316679283371192
602        0.0014774160989149657
603        0.0012641937925813782
604        0.00159475145092102
605        0.0012301286903860732
606        0.002600302800908404
607        0.001771385314155945
608        0.0022167549835982845
609        0.0014332576331062344
610        0.002168811506434523
611        0.0013979308604592506
612        0.0014357809740095904
613        0.0011506434519303584
614        0.0017108251324753972
615        0.001256623769871311
616        0.0009714862477920792
617        0.0015051728488518815
618        0.0013600807469089098
619        0.001252838758516277
620        0.0015644713600807467
621        0.0012099419631592236
622        0.0017978803936411836
623        0.0017019934393136512
624        0.0017814786777693682
625        0.001481201110270001
626        0.002117083017915723
627        0.0017411052233156717
628        0.001106484986121626
629        0.0019454958364875101
630        0.001005551349987384
631        0.0014761544284632873
632        0.0009184960888216026
633        0.0016351249053747176
634        0.001140550088316933
635        0.0016073681554377999
636        0.0014748927580116086
637        0.0015821347464042414
638        0.001402977542265963
639        0.002139793086045927
640        0.0014875094625283886
641        0.001762553620994199
642        0.001431995962654557
643        0.0015556396669190026
644        0.0016666666666666692
645        0.0017423668937673483
646        0.0011847085541256642
647        0.001431995962654557
648        0.0018521322230633367
649        0.0013007822356800424
650        0.0015051728488518802
651        0.0014105475649760291
652        0.0016237698713096145
653        0.0011771385314155963
654        0.0011304567247035094
655        0.001077466565733033
656        0.0012061569518041907
657        0.0017234418369921794
658        0.001372697451425689
659        0.0018811506434519335
660        0.0015392379510471876
661        0.0019656825637143598
662        0.001042139793086047
663        0.0010825132475397435
664        0.0013827908150391113
665        0.000943729497855162
666        0.0011443350996719677
667        0.0018874589957103235
668        0.0019656825637143606
669        0.001466061064849863
670        0.0020527378248801436
671        0.0011809235427706307
672        0.0009878879636638926
673        0.0014875094625283892
674        0.0014168559172344204
675        0.001230128690386073
676        0.0010257380772142337
677        0.0010042896795357066
678        0.0012906888720666196
679        0.001912692404743883
680        0.0020956346202371965
681        0.001689376734796872
682        0.0019467575069391895
683        0.0018988140297754256
684        0.0010610648498612192
685        0.0018508705526116569
686        0.0011455967701236437
687        0.0010774665657330323
688        0.001696946757506942
689        0.0013070905879384313
690        0.0020148877113298027
691        0.0017221801665405008
692        0.0010951299520565248
693        0.00196063588190765
694        0.0014572293716881171
695        0.0015871814282109517
696        0.001235175372192784
697        0.0007393388846833222
698        0.0009588695432752979
699        0.0012604087812263455
700        0.0013348473378753485
701        0.001052233156699472
702        0.0015997981327277304
703        0.0012187736563209705
704        0.0020161493817814824
705        0.0011632601564471367
706        0.001935402472874089
707        0.002127176381529147
708        0.0011859702245773428
709        0.0013739591218773666
710        0.0012692404743880911
711        0.0014383043149129447
712        0.0023429220287660884
713        0.0016666666666666674
714        0.0011796618723189523
715        0.0011203633610900844
716        0.0019366641433257652
717        0.0015871814282109509
718        0.001351249053747163
719        0.0016199848599545825
720        0.0017524602573807738
721        0.0012805955084531937
722        0.0011531667928337131
723        0.0013260156447136016
724        0.0017840020186727238
725        0.001705778450668689
726        0.0020375977794600086
727        0.001425687610396166
728        0.001134241736058544
729        0.0018975523593237468
730        0.0014597527125914736
731        0.0014572293716881167
732        0.001410547564976029
733        0.0015165278829169814
734        0.0020666161998486032
735        0.0019177390865505939
736        0.0015026495079485246
737        0.0015997981327277324
738        0.0017511985869290943
739        0.0016098914963411587
740        0.0012515770880646003
741        0.0015051728488518822
742        0.0016326015644713616
743        0.001498864496593492
744        0.0010522331566994714
745        0.0011317183951551867
746        0.001201110269997479
747        0.001233913701741106
748        0.0016199848599545792
749        0.0012919505425182955
750        0.0011254100428967973
751        0.0012238203381276826
752        0.001337370678778705
753        0.0015518546555639693
754        0.0011493817814786792
755        0.0013247539742619237
756        0.002204138279081506
757        0.0017575069391874856
758        0.0014408276558163014
759        0.001256623769871312
760        0.0018773656320968978
761        0.0014572293716881167
762        0.0014572293716881156
763        0.0008655059298511255
764        0.0015695180418874607
765        0.0011758768609639195
766        0.0011342417360585434
767        0.0013146606106485001
768        0.0012780721675498376
769        0.0017461519051223831
770        0.0013171839515518564
771        0.0013058289174867552
772        0.0014004542013626067
773        0.0016641433257633107
774        0.0012906888720666185
775        0.001370174110522334
776        0.0011733535200605606
777        0.00121877365632097
778        0.0012099419631592227
779        0.0012061569518041907
780        0.0016881150643451959
781        0.002543527630582895
782        0.00238077214231643
783        0.0017663386323492347
784        0.0010673732021196072
785        0.0016704516780217016
786        0.0019921776431995994
787        0.001191016906384054
788        0.0023391370174110572
789        0.001680545041635126
790        0.0018243754731264213
791        0.0013436790310370952
792        0.0016893767347968731
793        0.0018004037345445397
794        0.0017840020186727242
795        0.002302548574312392
796        0.0010648498612162525
797        0.0014446126671713356
798        0.0012427453949028537
799        0.0010862982588947792
800        0.0007898057027504428
801        0.0011708301791572065
802        0.0013714357809740114
803        0.0010446631339894037
804        0.0015001261670451677
805        0.001135503406510221
806        0.0024438556649003314
807        0.0014610143830431515
808        0.0019253091092606637
809        0.0016212465304062602
810        0.0015354529396921532
811        0.001163260156447138
812        0.0015392379510471897
813        0.0014837244511733537
814        0.0014294726217511985
815        0.0023504920514761584
816        0.0020565228362351773
817        0.0018761039616452205
818        0.001222558667676006
819        0.0013701741105223329
820        0.0016843300529901602
821        0.0017019934393136538
822        0.0015556396669190037
823        0.0013146606106485
824        0.0011317183951551888
825        0.002490537471612418
826        0.0014055008831693177
827        0.0013462023719404501
828        0.0016830683825384822
829        0.00198460762048953
830        0.0012957355538733295
831        0.0016086298258894795
832        0.001892505677517035
833        0.0017272268483472135
834        0.0015871814282109526
835        0.0012238203381276828
836        0.0013790058036840776
837        0.001092606611153168
838        0.0011090083270249823
839        0.0020262427453949035
840        0.0024085288922533464
841        0.0019290941206156983
842        0.0016338632349230408
843        0.002175119858692914
844        0.0012629321221297005
845        0.001935402472874086
846        0.0014055008831693166
847        0.0011720918496088831
848        0.001273025485743126
849        0.0017083017915720418
850        0.0013474640423921291
851        0.0018218521322230649
852        0.001492556144335102
853        0.0018117587686096422
854        0.002091849608882161
855        0.0021410547564976053
856        0.0015657330305324263
857        0.0007393388846833226
858        0.0009109260661115322
859        0.0011405500883169336
860        0.0013487257128438053
861        0.0013108755992934673
862        0.0015102195306585927
863        0.0012679788039364134
864        0.001670451678021701
865        0.002628059550845323
866        0.0018332071662881674
867        0.001886197325258645
868        0.0016363865758263962
869        0.0023328286651526633
870        0.0020539994953318232
871        0.0011758768609639182
872        0.0019984859954579894
873        0.0012768104970981593
874        0.0021612414837244532
875        0.0011140550088316954
876        0.0017612919505425202
877        0.0014786777693666419
878        0.0012124653040625796
879        0.0018685339389351522
880        0.002084279586172094
881        0.0016654049962149893
882        0.0014458743376230137
883        0.001452182689881404
884        0.002032551097653297
885        0.001720918496088822
886        0.0018079737572546054
887        0.0018344688367398455
888        0.0009487761796618736
889        0.0013575574060055535
890        0.0013865758263941486
891        0.0025094625283875885
892        0.002289931869795611
893        0.0014862477920767126
894        0.0006585919757759282
895        0.002365632096896293
896        0.0012465304062578874
897        0.0017562452687358077
898        0.0019682059046177156
899        0.002037597779460006
900        0.0014219025990411327
901        0.002182689881402982
902        0.001527882916982087
903        0.0020653545293969244
904        0.001439565985364624
905        0.0021965682563714383
906        0.002077971233913704
907        0.0012074186222558682
908        0.0014925561443351015
909        0.0021019429724955865
910        0.0013701741105223333
911        0.0019707292455210714
912        0.0015569013373706805
913        0.001705778450668685
914        0.0020666161998486006
915        0.0014748927580116099
916        0.0015455463033055784
917        0.0012717638152914476
918        0.0014458743376230148
919        0.0015228362351753751
920        0.0018205904617713878
921        0.00169820842795862
922        0.0016300782235680073
923        0.0012276053494827178
924        0.0017852636891244025
925        0.0019795609386828185
926        0.0018470855412566255
927        0.0018798889730002558
928        0.0014118092354277081
929        0.001596013121372699
930        0.002284885187988899
931        0.0013424173605854168
932        0.0018634872571284392
933        0.0017739086550593005
934        0.0011998485995457998
935        0.0015102195306585947
936        0.0015682563714357822
937        0.0013663890991672998
938        0.0014231642694928104
939        0.001124148372445119
940        0.0019366641433257643
941        0.0013462023719404514
942        0.0017448902346707054
943        0.0012566237698713111
944        0.0014458743376230146
945        0.0017146101438304314
946        0.0013436790310370943
947        0.0012566237698713113
948        0.001482462780721677
949        0.0014181175876860973
950        0.0014168559172344196
951        0.0020325510976532957
952        0.001381529144587436
953        0.0012313903608377518
954        0.0015404996214988672
955        0.0016149381781478702
956        0.0013323239969719929
957        0.0014219025990411314
958        0.0011834468836739852
959        0.0013070905879384337
960        0.0019152157456472404
961        0.0020817562452687378
962        0.0015707797123391378
963        0.0014736310875599291
964        0.001167045167802172
965        0.001473631087559932
966        0.0013474640423921296
967        0.001329800656068637
968        0.002012364370426448
969        0.0013890991672975037
970        0.0014584910421397963
971        0.001357557406005553
972        0.0014862477920767113
973        0.001983345950037853
974        0.0016603583144082774
975        0.0016540499621498887
976        0.0016199848599545773
977        0.001582134746404241
978        0.0013247539742619258
979        0.0018243754731264205
980        0.0008983093615947537
981        0.0014698460762048965
982        0.0017335352006056033
983        0.0025498359828412856
984        0.002229371688115066
985        0.0016326015644713592
986        0.001488771132980067
987        0.002614181175876863
988        0.0013234923038102475
989        0.0013310623265203143
990        0.0015039111784002045
991        0.0022079232904365425
992        0.0015934897804693424
993        0.002118344688367401
994        0.0013285389856169587
995        0.0018433005299015918
996        0.0017562452687358084
997        0.0015367146101438322
998        0.0010837749179914236
999        0.001267978803936413
1000        0.001228867019934395
1001        0.0016490032803431732
1002        0.0013007822356800429
1003        0.0011645218268988157
1004        0.0012982588947766866
1005        0.001539237951047188
1006        0.0011077466565733037
1007        0.001964420893262682
1008        0.002168811506434522
1009        0.0027946000504668203
1010        0.0010736815543779985
1011        0.001508957860206915
1012        0.0012541004289679564
1013        0.0013739591218773666
1014        0.0016881150643451952
1015        0.0016691900075700228
1016        0.0021990915972747967
1017        0.0014547060307847604
1018        0.0009323744637900598
1019        0.0018634872571284414
1020        0.002553620994196319
1021        0.0019820842795861752
1022        0.002286146858440579
1023        0.0018470855412566238
1024        0.0024186222558667727
1025        0.0020375977794600078
1026        0.001540499621498867
1027        0.0017247035074438569
1028        0.002241988392631849
1029        0.0015871814282109513
1030        0.001392884178652539
1031        0.0011531667928337144
1032        0.0016767600302800907
1033        0.0014509210194297265
1034        0.001617461519051226
1035        0.0009841029523088587
1036        0.0013525107241988401
1037        0.0014408276558163008
1038        0.0013159222811001787
1039        0.001315922281100178
1040        0.0012313903608377503
1041        0.001163260156447138
1042        0.0011544284632853932
1043        0.0020300277567499403
1044        0.0021650264950794887
1045        0.0016300782235680025
1046        0.0018243754731264198
1047        0.0015871814282109526
1048        0.0016704516780217027
1049        0.0024350239717385843
1050        0.001999747665909668
1051        0.0012906888720666185
1052        0.0011165783497350508
1053        0.0011695685087055284
1054        0.0013033055765833976
1055        0.001467322735301541
1056        0.001384052485490791
1057        0.0015909664395659848
1058        0.0014357809740095913
1059        0.000757002271006814
1060        0.0012112036336109026
1061        0.0018887206661620001
1062        0.0017802170073176905
1063        0.0018155437799646753
1064        0.0013890991672975037
1065        0.0012894272016149395
1066        0.0011973252586424438
1067        0.0013916225082008598
1068        0.0014534443603330816
1069        0.0012969972243250072
1070        0.001896290688872068
1071        0.0017297501892505696
1072        0.0017978803936411828
1073        0.0012301286903860732
1074        0.0014660610648498616
1075        0.0011367650769618994
1076        0.0014383043149129467
1077        0.0011973252586424444
1078        0.0012503154176129218
1079        0.0022356800403734592
1080        0.0010850365884430995
1081        0.0017221801665405017
1082        0.0011645218268988148
1083        0.001964420893262681
1084        0.0010396164521826912
1085        0.001218773656320968
1086        0.0010471864748927595
1087        0.002032551097653295
1088        0.0009134494070148889
1089        0.002134746404239215
1090        0.0019366641433257662
1091        0.0014483976785263717
1092        0.0014786777693666438
1093        0.0013979308604592502
1094        0.0017360585415089594
1095        0.0018180671208680313
1096        0.0009412061569518054
1097        0.002105727983850623
1098        0.0020590461771385344
1099        0.001814282109512997
1100        0.001107746656573303
1101        0.002112036336109012
1102        0.0016262932122129718
1103        0.0014244259399444881
1104        0.001717133484733791
1105        0.0012869038607115834
1106        0.0012351753721927849
1107        0.0016792833711834487
1108        0.0011531667928337142
1109        0.002549835982841287
1110        0.001601059803179411
1111        0.001394145849104217
1112        0.0019202624274539497
1113        0.0016628816553116337
1114        0.0015480696442089345
1115        0.0017474135755740602
1116        0.0013865758263941481
1117        0.001043401463537725
1118        0.0016414332576331061
1119        0.0016982084279586196
1120        0.0015341912692404772
1121        0.0013209689629068897
1122        0.0011645218268988157
1123        0.0012263436790310375
1124        0.001463537723946505
1125        0.0010320464294726222
1126        0.0014345193035579125
1127        0.00110396164521827
1128        0.0018685339389351526
1129        0.0011910169063840555
1130        0.0021700731768862012
1131        0.0024375473126419392
1132        0.0020754478930103473
1133        0.0015859197577592751
1134        0.0023088569265707847
1135        0.002625536209941965
1136        0.0021208680292707583
1137        0.0018887206661620014
1138        0.0012112036336109021
1139        0.0018079737572546074
1140        0.00237572546050972
1141        0.0012074186222558693
1142        0.002336613676507701
1143        0.002136008074690894
1144        0.001757506939187487
1145        0.0018546555639666947
1146        0.0009071410547565003
1147        0.0018104970981579654
1148        0.002735301539237957
1149        0.00283371183446884
1150        0.0013222306333585683
1151        0.0018546555639666943
1152        0.0024198839263184497
1153        0.0022205399949533217
1154        0.0027592732778198383
1155        0.002645722937168816
1156        0.002081756245268741
1157        0.0023694171082513276
1158        0.001700731768861976
1159        0.0009904113045672487
1160        0.0013499873832954839
1161        0.002003532677264702
1162        0.0018849356548069672
1163        0.0019391874842291216
1164        0.002231895029018425
1165        0.001995962654554635
1166        0.002124653040625791
1167        0.001693161746151907
1168        0.0015569013373706796
1169        0.0022886701993439346
1170        0.001580873075952563
1171        0.0022407267221801687
1172        0.0009853646227605366
1173        0.001203633610900834
1174        0.0014761544284632871
1175        0.001969467575069396
1176        0.0019442341660358346
1177        0.001213726974514258
1178        0.0022331566994701012
1179        0.0028677769366641476
1180        0.001125410042896796
1181        0.0018861973252586454
1182        0.0023706787787030072
1183        0.00195306585919758
1184        0.0012629321221297016
1185        0.000992934645470604
1186        0.001791572041382794
1187        0.0023921271763815335
1188        0.001597274791824378
1189        0.001807973757254605
1190        0.0014029775422659627
1191        0.0013613424173605875
1192        0.0013991925309109266
1193        0.0015026495079485261
1194        0.0010446631339894035
1195        0.001717133484733791
1196        0.0012906888720666178
1197        0.0018016654049962167
1198        0.0019303557910673778
1199        0.0015140045420136271
1200        0.001873580620741867
1201        0.001448397678526372
1202        0.0019366641433257662
1203        0.002028766086298262
1204        0.0017789553368660117
1205        0.002070401211203638
1206        0.0029788039364118126
1207        0.003122634367903107
1208        0.0011165783497350504
1209        0.0020754478930103486
1210        0.0017448902346707059
1211        0.0017335352006056049
1212        0.0017272268483472142
1213        0.0016616199848599588
1214        0.001539237951047188
1215        0.001626293212212971
1216        0.002209184960888221
1217        0.0012389603835478197
1218        0.0018786273025485764
1219        0.00253595760787283
1220        0.0017865253595760792
1221        0.0018912440070653592
1222        0.001143073429220292
1223        0.0013764824627807233
1224        0.0018710572798385102
1225        0.0025889477668433036
1226        0.0024577340398687897
1227        0.0017802170073176922
1228        0.0019139540751955627
1229        0.0028084784254352813
1230        0.0026343679031037145
1231        0.0011594751450921025
1232        0.0020060560181680586
1233        0.002117083017915723
1234        0.002683573050719157
1235        0.0017373202119606369
1236        0.0023277819833459525
1237        0.0019354024728740879
1238        0.0010269997476659103
1239        0.0015770880645975282
1240        0.0015947514509210214
1241        0.0021662881655311658
1242        0.0015657330305324263
1243        0.0011468584405753225
1244        0.0014155942467827401
1245        0.001059803179409539
1246        0.00107872823618471
1247        0.0013197072924552122
1248        0.0016654049962149895
1249        0.002127176381529146
1250        0.0015266212465304082
1251        0.002422407267221806
1252        0.0011859702245773437
1253        0.002382033812768108
1254        0.0021587181428210987
1255        0.0022495584153419154
1256        0.0023631087559929363
1257        0.0011052233156699477
1258        0.0013626040878122654
1259        0.0011468584405753231
1260        0.0018180671208680311
1261        0.0014584910421397944
1262        0.0010547564976028277
1263        0.0013373706787787043
1264        0.001247792076709565
1265        0.0015442846328538983
1266        0.0011960635881907665
1267        0.0015127428715619516
1268        0.0019795609386828185
1269        0.0017751703255109786
1270        0.002024981074943227
1271        0.0020363361090083307
1272        0.0020249810749432286
1273        0.0012944738834216513
1274        0.0014004542013626058
1275        0.0014080242240726735
1276        0.0012225586676760055
1277        0.0016048448145344464
1278        0.0018811506434519354
1279        0.0021309613928841816
1280        0.0016250315417612928
1281        0.0026091344940701545
1282        0.001847085541256627
1283        0.002877870300277573
1284        0.0016389099167297525
1285        0.0012351753721927844
1286        0.001630078223568007
1287        0.0018571789048700497
1288        0.0013815291445874328
1289        0.0024160989149634147
1290        0.0014332576331062368
1291        0.001548069644208935
1292        0.001368912440070656
1293        0.0016641433257633133
1294        0.0012629321221296996
1295        0.0016086298258894808
1296        0.0009853646227605357
1297        0.0018937673479687122
1298        0.0014673227353015417
1299        0.0016742366893767364
1300        0.0011254100428967954
1301        0.0017991420640928602
1302        0.002940953822861469
1303        0.0011758768609639175
1304        0.001569518041887461
1305        0.0011279333838001516
1306        0.0020388594499116852
1307        0.0016919000757002283
1308        0.0013159222811001791
1309        0.001800403734544539
1310        0.0015909664395659855
1311        0.0019190007570022746
1312        0.0018962906888720702
1313        0.002205399949533186
1314        0.0017196568256371452
1315        0.002792076709563463
1316        0.0007040121120363369
1317        0.0013487257128438077
1318        0.0013966691900075693
1319        0.00175498359828413
1320        0.00178652535957608
1321        0.002101942972495588
1322        0.0018306838253848141
1323        0.0010522331566994716
1324        0.0015922281100176651
1325        0.0012326520312894286
1326        0.0013714357809740103
1327        0.001173353520060561
1328        0.0011607368155437817
1329        0.0016326015644713612
1330        0.0013878374968458243
1331        0.0018054504163512505
1332        0.0013954075195558927
1333        0.0013310623265203143
1334        0.0011884935654806988
1335        0.0013449407014887733
1336        0.0010698965430229635
1337        0.001604844814534444
1338        0.0011645218268988154
1339        0.001129195054251832
1340        0.0015770880645975265
1341        0.001212465304062581
1342        0.001493817814786778
1343        0.001189755235932376
1344        0.0017057784506686884
1345        0.001766338632349234
1346        0.0021246530406257916
1347        0.0017247035074438588
1348        0.0010774665657330323
1349        0.0020628311884935678
1350        0.0024022205399949572
1351        0.0011796618723189532
1352        0.0017007317688619746
1353        0.0012780721675498383
1354        0.0011670451678021717
1355        0.002074186222558671
1356        0.0022646984607620525
1357        0.002162503154176133
1358        0.0026709563462023753
1359        0.0016061064849861237
1360        0.002966187231895032
1361        0.001824375473126423
1362        0.001225082008579363
1363        0.002384557153671466
1364        0.0011948019177390886
1365        0.0012616704516780228
1366        0.001216250315417615
1367        0.0015051728488518815
1368        0.0020022710068130236
1369        0.00152535957607873
1370        0.0011291950542518304
1371        0.002004794347716379
1372        0.0011998485995458011
1373        0.0017827403482210472
1374        0.0013436790310370932
1375        0.0011607368155437802
1376        0.0010837749179914218
1377        0.0019417108251324775
1378        0.0014294726217512013
1379        0.002365632096896294
1380        0.002050214483976789
1381        0.0011960635881907667
1382        0.002292455210698966
1383        0.0014647993943981855
1384        0.0011216250315417625
1385        0.0017373202119606384
1386        0.0013070905879384303
1387        0.0010724198839263204
1388        0.0012641937925813806
1389        0.0021095129952056553
1390        0.001606106484986122
1391        0.0012477920767095649
1392        0.0010875599293464569
1393        0.0013499873832954837
1394        0.0019442341660358365
1395        0.0012604087812263464
1396        0.001671713348473381
1397        0.0010850365884431006
1398        0.0014357809740095902
1399        0.0016994700984102973
1400        0.0017802170073176896
1401        0.0013739591218773675
1402        0.0012679788039364134
1403        0.001296997224325008
1404        0.0014509210194297258
1405        0.001614938178147869
1406        0.0018130204390613177
1407        0.001690638405248548
1408        0.0012768104970981601
1409        0.0017310118597022488
1410        0.002061569518041889
1411        0.0012276053494827167
1412        0.00127554882664648
1413        0.0012477920767095644
1414        0.0011935402472874105
1415        0.0019227857683573068
1416        0.0017650769618975549
1417        0.0016326015644713616
1418        0.0016881150643451952
1419        0.0014383043149129465
1420        0.001217511985869293
1421        0.0020590461771385314
1422        0.0010282614181175893
1423        0.0013499873832954839
1424        0.001191016906384054
1425        0.001662881655311635
1426        0.0015039111784002036
1427        0.0015695180418874599
1428        0.001970729245521073
1429        0.0015392379510471889
1430        0.002098157961140553
1431        0.0021158213474640466
1432        0.001970729245521074
1433        0.0012023719404491574
1434        0.0012048952813525132
1435        0.0021574564723694217
1436        0.0008806459752712601
1437        0.0011026999747665925
1438        0.0013941458491042171
1439        0.0013323239969719933
1440        0.0018306838253848113
1441        0.002046429472621755
1442        0.0015657330305324279
1443        0.00162124653040626
1444        0.0011796618723189513
1445        0.001406762553620997
1446        0.0017247035074438577
1447        0.0010497098157961154
1448        0.0016124148372445106
1449        0.0012831188493565501
1450        0.001503911178400205
1451        0.00205652283623518
1452        0.0015480696442089347
1453        0.0013663890991672985
1454        0.0017335352006056033
1455        0.001892505677517035
1456        0.0018155437799646738
1457        0.001955589200100936
1458        0.002105727983850622
1459        0.001729750189250568
1460        0.0017209184960888242
1461        0.001290688872066618
1462        0.0015114812011102717
1463        0.0012831188493565475
1464        0.001425687610396166
1465        0.001887458995710323
1466        0.0015417612919505456
1467        0.001765076961897554
1468        0.0014420893262679809
1469        0.001194801917739089
1470        0.001712086802927075
1471        0.0026003028009084074
1472        0.001255362099419634
1473        0.0012187736563209716
1474        0.0012086802927075459
1475        0.0012995205652283632
1476        0.0025725460509714924
1477        0.0018306838253848113
1478        0.0014130709058793863
1479        0.0012351753721927844
1480        0.0016010598031794116
1481        0.0011178400201867277
1482        0.0020073176886197365
1483        0.0024236689376734848
1484        0.0008957860206913966
1485        0.0013878374968458254
1486        0.0012364370426444634
1487        0.001807973757254605
1488        0.0011784002018672738
1489        0.001312137269745143
1490        0.0015531163260156468
1491        0.0012086802927075467
1492        0.0011784002018672749
1493        0.0024160989149634164
1494        0.0011481201110270004
1495        0.0017474135755740628
1496        0.001466061064849862
1497        0.0012578854403229897
1498        0.0012528387585162774
1499        0.001537976280595509
1500        0.001391622508200858
1501        0.0011948019177390864
1502        0.0012528387585162772
1503        0.0012061569518041907
1504        0.0012629321221297029
1505        0.0017007317688619746
1506        0.0011531667928337134
1507        0.0014458743376230135
1508        0.0013398940196820597
1509        0.0011821852132223073
1510        0.0013890991672975024
1511        0.0023239969719909192
1512        0.0015379762805955105
1513        0.0022773151652788317
1514        0.001255362099419633
1515        0.0018458238708049472
1516        0.0013398940196820608
1517        0.001208680292707547
1518        0.0015783497350492055
1519        0.0011784002018672736
1520        0.002055261165783502
1521        0.0012768104970981593
1522        0.0011582134746404252
1523        0.00101438304314913
1524        0.0018231138026747447
1525        0.0019101690638405266
1526        0.0015493313146606126
1527        0.0012175119858692926
1528        0.0016136765076961914
1529        0.001153166792833714
1530        0.0022293716881150653
1531        0.0015947514509210222
1532        0.0015770880645975276
1533        0.0019290941206156998
1534        0.0017007317688619756
1535        0.001580873075952563
1536        0.0018067120868029292
1537        0.002358062074186227
1538        0.0010370931112793375
1539        0.0019025990411304587
1540        0.0020868029270754503
1541        0.0021069896543023
1542        0.0023908655059298534
1543        0.0017562452687358062
1544        0.002065354529396923
1545        0.002503154176129198
1546        0.001241483724451175
1547        0.00141054756497603
1548        0.0011922785768357321
1549        0.0014206409285894553
1550        0.001389099167297505
1551        0.0014042392127176378
1552        0.0016906384052485512
1553        0.0010749432248296762
1554        0.0017171334847337874
1555        0.0017840020186727272
1556        0.001266717133484735
1557        0.0011834468836739852
1558        0.0014168559172344206
1559        0.001771385314155945
1560        0.001319707292455213
1561        0.001409285894524353
1562        0.0018697956093868303
1563        0.0011594751450921038
1564        0.001529144587433764
1565        0.0014647993943981853
1566        0.0010938682816048467
1567        0.0013386323492303835
1568        0.00140423921271764
1569        0.0012187736563209713
1570        0.0022848851879889004
1571        0.0025220792329043707
1572        0.0022571284380519837
1573        0.003367398435528645
1574        0.002754226596013124
1575        0.0018079737572546087
1576        0.0017650769618975555
1577        0.0027479182437547328
1578        0.0010358314408276566
1579        0.001445874337623016
1580        0.0019290941206156968
1581        0.0019568508705526135
1582        0.0016956850870552625
1583        0.0015619480191773932
1584        0.001917739086550595
1585        0.0016742366893767364
1586        0.00181302043906132
1587        0.0013310623265203147
1588        0.0011733535200605617
1589        0.0015783497350492068
1590        0.0020035326772647006
1591        0.0018521322230633389
1592        0.0019631592228110057
1593        0.0010875599293464556
1594        0.001115316679283373
1595        0.0011872318950290198
1596        0.0013562957355538758
1597        0.0015859197577592743
1598        0.002258390108503662
1599        0.001443350996719658
1600        0.0015960131213727008
1601        0.0015076961897552376
1602        0.0016742366893767358
1603        0.0018899823366136806
1604        0.0014610143830431509
1605        0.0012187736563209705
1606        0.0015833964168559186
1607        0.0017612919505425202
1608        0.002316426949280851
1609        0.0012982588947766855
1610        0.0013537723946505174
1611        0.0016389099167297516
1612        0.0014635377239465067
1613        0.0012654554630330576
1614        0.001194801917739089
1615        0.0016023214736310893
1616        0.0023492303810244775
1617        0.0011329800656068657
1618        0.0015114812011102715
1619        0.0014067625536209952
1620        0.0014647993943981842
1621        0.0014761544284632863
1622        0.0012503154176129213
1623        0.0019177390865505973
1624        0.0020148877113298023
1625        0.0013323239969719926
1626        0.0010042896795357061
1627        0.0030671208680292743
1628        0.0020640928589452474
1629        0.001346202371940452
1630        0.0027188998233661425
1631        0.0013209689629068893
1632        0.0011468584405753227
1633        0.0012730254857431253
1634        0.001508957860206915
1635        0.0013739591218773673
1636        0.0016527882916982106
1637        0.0012288670199343942
1638        0.0015190512238203425
1639        0.0016767600302800933
1640        0.0014698460762048973
1641        0.002837496845823874
1642        0.0028867019934393193
1643        0.0013247539742619245
1644        0.001636386575826393
1645        0.0012969972243250072
1646        0.0014168559172344196
1647        0.0012805955084531932
1648        0.0017991420640928605
1649        0.0013815291445874343
1650        0.001303305576583398
1651        0.0013045672470350762
1652        0.0011342417360585431
1653        0.0013272773151652808
1654        0.0012238203381276832
1655        0.0013499873832954852
1656        0.001256623769871309
1657        0.0013701741105223327
1658        0.0014395659853646248
1659        0.0011052233156699483
1660        0.0016187231895029013
1661        0.0012818571789048716
1662        0.0013323239969719913
1663        0.0010572798385061841
1664        0.0012288670199343953
1665        0.0012906888720666183
1666        0.0012364370426444634
1667        0.0017802170073176894
1668        0.0012717638152914483
1669        0.0013752207923290452
1670        0.0012541004289679542
1671        0.0010497098157961164
1672        0.00121877365632097
1673        0.0013411556901337385
1674        0.0017171334847337894
1675        0.0016982084279586174
1676        0.0018899823366136815
1677        0.0014433509967196588
1678        0.0027706283118849396
1679        0.0012969972243250078
1680        0.0014256876103961665
1681        0.0017474135755740628
1682        0.001323492303810246
1683        0.0017259651778955346
1684        0.001380267474135758
1685        0.0013209689629068906
1686        0.0012364370426444645
1687        0.0012629321221297029
1688        0.0017802170073176911
1689        0.0015379762805955099
1690        0.0013499873832954856
1691        0.0012011102699974786
1692        0.0012452687358062106
1693        0.0012717638152914476
1694        0.0014080242240726737
1695        0.0018256371435781008
1696        0.002652031289427209
1697        0.001640171587181428
1698        0.0016616199848599556
1699        0.002137269745142572
1700        0.0021561948019177424
1701        0.0015821347464042416
1702        0.0012515770880645993
1703        0.0016237698713096169
1704        0.0016931617461519051
1705        0.002491799142064098
1706        0.0033320716628816617
1707        0.0012086802927075463
1708        0.0013941458491042165
1709        0.001196063588190767
1710        0.0015770880645975276
1711        0.002112036336109012
1712        0.001141811758768612
1713        0.0016452182689881405
1714        0.002474135755740606
1715        0.0013991925309109268
1716        0.0019555892001009356
1717        0.0018508705526116612
1718        0.0015960131213726997
1719        0.001360080746908909
1720        0.001978299268231142
1721        0.0016212465304062602
1722        0.0017448902346707067
1723        0.0011998485995458
1724        0.0017726469846076228
1725        0.0027832450164017183
1726        0.0012112036336109037
1727        0.0015997981327277328
1728        0.001988392631844567
1729        0.0013260156447136029
1730        0.0019631592228110074
1731        0.0019278324501640206
1732        0.001623769871309616
1733        0.001275548826646482
1734        0.0018798889730002532
1735        0.0011796618723189537
1736        0.001987130961392885
1737        0.0022293716881150658
1738        0.0020514761544284665
1739        0.0014912944738834236
1740        0.0013600807469089098
1741        0.0017625536209941964
1742        0.0014130709058793854
1743        0.002076709563462028
1744        0.001992177643199599
1745        0.0022495584153419167
1746        0.00219656825637144
1747        0.0011922785768357323
1748        0.001977037597779463
1749        0.0014723694171082525
1750        0.0017007317688619765
1751        0.0017549835982841292
1752        0.001288165531163261
1753        0.002132223063335861
1754        0.0023202119606358855
1755        0.001675498359828412
1756        0.0021107746656573337
1757        0.0013802674741357581
1758        0.001714610143830434
1759        0.0016363865758263966
1760        0.0017183951551854675
1761        0.002129699722432505
1762        0.0024438556649003327
1763        0.0019581125410042923
1764        0.0021410547564976053
1765        0.002284885187988901
1766        0.0031970729245521094
1767        0.00138531415594247
1768        0.0015493313146606113
1769        0.0015909664395659861
1770        0.002100681302043911
1771        0.0017221801665404993
1772        0.003159222811001772
1773        0.0014584910421397966
1774        0.001399192530910928
1775        0.0015543779964673247
1776        0.001440827655816302
1777        0.001391622508200859
1778        0.003255109765329301
1779        0.0028475902094373
1780        0.001496341155690136
1781        0.0023063335856674297
1782        0.002113298006560688
1783        0.0018243754731264224
1784        0.0020943729497855178
1785        0.0018445622003532703
1786        0.0024930608125157735
1787        0.0020678778703002794
1788        0.0034393136512742917
1789        0.0015770880645975271
1790        0.002129699722432504
1791        0.0019051223820338152
1792        0.0017196568256371452
1793        0.0025712843805198136
1794        0.0020022710068130214
1795        0.001959374211455971
1796        0.0016855917234418394
1797        0.002125914711077471
1798        0.0012490537471612437
1799        0.0016590966439565997
1800        0.0017650769618975553
1801        0.0016590966439566006
1802        0.0015644713600807471
1803        0.0014332576331062353
1804        0.000966439565985367
1805        0.001569518041887463
1806        0.0018571789048700501
1807        0.00205652283623518
1808        0.0017739086550593
1809        0.002335352006056024
1810        0.001560686348725716
1811        0.0014383043149129467
1812        0.0016376482462780743
1813        0.0028021700731768887
1814        0.001641433257633109
1815        0.002070401211203636
1816        0.00204769114307343
1817        0.001964420893262683
1818        0.0018306838253848115
1819        0.0018672722684834739
1820        0.0018395155185465565
1821        0.0023757254605097176
1822        0.002056522836235178
1823        0.0022848851879888983
1824        0.0015922281100176656
1825        0.001777693666414334
1826        0.002703759777946004
1827        0.0026368912440070695
1828        0.0017209184960888235
1829        0.0019581125410042927
1830        0.0016490032803431764
1831        0.002056522836235178
1832        0.002893010345697708
1833        0.0013234923038102475
1834        0.002187736563209695
1835        0.0020565228362351795
1836        0.0017221801665405017
1837        0.0018420388594499145
1838        0.0021839515518546587
1839        0.0019429724955841573
1840        0.0019707292455210744
1841        0.0010080746908907418
1842        0.0016792833711834498
1843        0.0028854403229876422
1844        0.0016868533938935175
1845        0.002302548574312394
1846        0.0033169316174615246
1847        0.002394650517284889
1848        0.0018546555639666947
1849        0.0015114812011102717
1850        0.0024274539490285185
1851        0.001709563462023719
1852        0.0019240474388089875
1853        0.0016351249053747187
1854        0.001454706030784761
1855        0.002949785516023222
1856        0.002532172596517794
1857        0.0011203633610900854
1858        0.002014887711329805
1859        0.001791572041382794
1860        0.001386575826394149
1861        0.0014092858945243516
1862        0.0017865253595760796
1863        0.0015392379510471886
1864        0.0014963411556901348
1865        0.002852636891244014
1866        0.0022117083017915776
1867        0.0026760030280090883
1868        0.002190259904113051
1869        0.001645218268988142
1870        0.0018925056775170345
1871        0.002349230381024481
1872        0.0011153166792833727
1873        0.002840020186727232
1874        0.0031592228110017702
1875        0.0016439565985364656
1876        0.0014458743376230155
1877        0.0014509210194297254
1878        0.0012503154176129213
1879        0.0028261418117587734
1880        0.0027226848347211767
1881        0.0016982084279586192
1882        0.0013020439061317197
1883        0.00308226091344941
1884        0.0035730507191521635
1885        0.0028463285389856204
1886        0.0015140045420136284
1887        0.0027365632096896333
1888        0.0022558667676003076
1889        0.001794095382286149
1890        0.0021221296997224353
1891        0.0012730254857431262
1892        0.0013979308604592504
1893        0.0012553620994196332
1894        0.0020527378248801458
1895        0.0015203128942720184
1896        0.0018357305071915217
1897        0.0013197072924552135
1898        0.0011026999747665916
1899        0.0021864748927580145
1900        0.001371435780974011
1901        0.002202876608629831
1902        0.0011594751450921042
1903        0.0010787282361847102
1904        0.002291193540247291
1905        0.0033181932879132034
1906        0.0012995205652283639
1907        0.0013525107241988419
1908        0.0015203128942720176
1909        0.0033295483219783037
1910        0.0016679283371183477
1911        0.0017247035074438588
1912        0.00377491799142064
1913        0.00157077971233914
1914        0.002045167802170078
1915        0.002037597779460008
1916        0.002649507948523849
1917        0.003677769366641437
1918        0.00169820842795862
1919        0.0033737067877870333
1920        0.0015796114055008851
1921        0.0015102195306585943
1922        0.001233913701741109
1923        0.0012250820085793611
1924        0.0019846076204895315
1925        0.002191521574564727
1926        0.0022785768357305113
1927        0.0030759525611910223
1928        0.0025044158465808747
1929        0.002482967448902348
1930        0.0034658087307595275
1931        0.0012011102699974777
1932        0.0029825889477668468
1933        0.003236184708554131
1934        0.0027176381529144646
1935        0.0019404491546808024
1936        0.001655311632601565
1937        0.0013070905879384333
1938        0.0015846580873075961
1939        0.0013121372697451437
1940        0.0029737572546050996
1941        0.002435023971738586
1942        0.0013550340651021957
1943        0.001876103961645221
1944        0.0017474135755740612
1945        0.0028135251072419916
1946        0.003520060560181684
1947        0.00144839767852637
1948        0.003661367650769624
1949        0.0008137774413323258
1950        0.003308099924299777
1951        0.003689124400706539
1952        0.0015190512238203403
1953        0.001013121372697454
1954        0.0019227857683573066
1955        0.0014357809740095909
1956        0.0019442341660358352
1957        0.001647741609891496
1958        0.0016691900075700224
1959        0.0015367146101438306
1960        0.00141685591723442
1961        0.0014950794852384582
1962        0.0018887206661620018
1963        0.0019404491546807993
1964        0.0019354024728740879
1965        0.0019871309613928878
1966        0.0015619480191773926
1967        0.0022394650517284925
1968        0.002119606358819078
1969        0.001983345950037853
1970        0.0023643704264446203
1971        0.001300782235680043
1972        0.0023113802674741397
1973        0.0015846580873075974
1974        0.0021057279838506233
1975        0.0018218521322230664
1976        0.0020792329043653824
1977        0.0015720413827908176
1978        0.0016893767347968731
1979        0.0019934393136512765
1980        0.0014912944738834247
1981        0.002920767095634624
1982        0.0017057784506686875
1983        0.002847590209437301
1984        0.002663386323492307
1985        0.0016994700984102984
1986        0.002312641937925818
1987        0.003083522583901088
1988        0.0031163260156447177
1989        0.0019896543022962436
1990        0.002336613676507701
1991        0.0018533938935150175
1992        0.001647741609891498
1993        0.002008579359071412
1994        0.0026242745394902886
1995        0.0013121372697451445
1996        0.00120741862225587
1997        0.0012023719404491567
1998        0.001545546303305579
1999        0.001932879131970732
2000        0.0016452182689881427
2001        0.0020401211203633636
2002        0.0013903608377491834
2003        0.0017259651778955346
2004        0.002302548574312391
2005        0.0018962906888720702
2006        0.0014774160989149655
2007        0.002300025233409037
2008        0.0023038102447640717
2009        0.0024148372445117364
2010        0.002614181175876865
2011        0.0023530153923795147
2012        0.0023643704264446155
2013        0.002667171334847342
2014        0.0018861973252586454
2015        0.0017612919505425202
2016        0.0013840524854907903
2017        0.0013853141559424715
2018        0.0013764824627807235
2019        0.0010560181680545056
2020        0.0018294221549331323
2021        0.00118723189502902
2022        0.0018281604844814566
2023        0.001068634872571286
2024        0.0010042896795357061
2025        0.001871057279838508
2026        0.001696946757506942
2027        0.0009437294978551612
2028        0.0016464799394398197
2029        0.0011708301791572057
2030        0.001371435780974011
2031        0.0013676507696189768
2032        0.0015367146101438328
2033        0.001848347211708303
2034        0.0012894272016149397
2035        0.0013525107241988406
2036        0.0016401715871814286
2037        0.0020111026999747703
2038        0.0016098914963411587
2039        0.0014130709058793858
2040        0.0016956850870552631
2041        0.001353772394650519
2042        0.001497602826141814
2043        0.001373959121877367
2044        0.0017953570527378282
2045        0.001794095382286148
2046        0.0016868533938935164
2047        0.0014055008831693186
2048        0.0018104970981579638
2049        0.0016439565985364652
2050        0.0025006308352258423
2051        0.0017019934393136527
2052        0.0024993691647741643
2053        0.0014748927580116096
2054        0.0016389099167297535
2055        0.0019833459500378544
2056        0.0008755992934645498
2057        0.0024690890739338927
2058        0.001406762553620997
2059        0.0012805955084531956
2060        0.0017953570527378272
2061        0.00222811001766339
2062        0.0020640928589452465
2063        0.0019404491546808004
2064        0.0019139540751955601
2065        0.0017398435528639944
2066        0.0020375977794600078
2067        0.0011859702245773443
2068        0.001864748927580121
2069        0.0026987130961392937
2070        0.0016288165531163279
2071        0.002040121120363362
2072        0.0021637648246278095
2073        0.001684330052990161
2074        0.0014799394398183222
2075        0.0018609639162250828
2076        0.001289427201614941
2077        0.0011506434519303582
2078        0.0014673227353015406
2079        0.0021158213474640453
2080        0.0015606863487257153
2081        0.0012339137017411074
2082        0.0018357305071915234
2083        0.0013171839515518564
2084        0.0015985364622760564
2085        0.001337370678778704
2086        0.0013651274287156214
2087        0.0014660610648498612
2088        0.0017347968710572815
2089        0.001532929598788798
2090        0.0012566237698713116
2091        0.0017411052233156721
2092        0.0023151652788291756
2093        0.0015291445874337634
2094        0.0017562452687358084
2095        0.0015745647236941715
2096        0.0013815291445874373
2097        0.0018382538480948803
2098        0.001405500883169317
2099        0.002322735301539239
2100        0.001969467575069395
2101        0.0014067625536209958
2102        0.001554377996467323
2103        0.0013802674741357577
2104        0.0021372697451425707
2105        0.0016931617461519045
2106        0.0012717638152914472
2107        0.0015240979056270522
2108        0.001366389099167298
2109        0.002233156699470101
2110        0.002014887711329803
2111        0.0014685844057532186
2112        0.0016742366893767373
2113        0.0017852636891244036
2114        0.0024842291193540272
2115        0.0020779712339137044
2116        0.0013802674741357581
2117        0.0013790058036840809
2118        0.001762553620994198
2119        0.002284885187988899
2120        0.0011102699974766606
2121        0.0016035831440827672
2122        0.0010547564976028285
2123        0.0016628816553116346
2124        0.0015127428715619514
2125        0.0017448902346707059
2126        0.0017612919505425213
2127        0.0014168559172344198
2128        0.0017297501892505696
2129        0.002378248801413073
2130        0.002236941710825136
2131        0.002432500630835231
2132        0.001956850870552614
2133        0.0013853141559424717
2134        0.002263436790310375
2135        0.0019404491546808008
2136        0.001686853393893517
2137        0.002301286903860714
2138        0.0017183951551854677
2139        0.0016351249053747179
2140        0.0016199848599545831
2141        0.001652788291698212
2142        0.0011140550088316944
2143        0.0013865758263941473
2144        0.0010711582134746423
2145        0.0015581630078223578
2146        0.0014319959626545563
2147        0.001312137269745144
2148        0.0015076961897552382
2149        0.001873580620741867
2150        0.001869795609386832
2151        0.001555639666919003
2152        0.0019328791319707327
2153        0.0011052233156699479
2154        0.001394145849104217
2155        0.0015909664395659874
2156        0.001286903860711584
2157        0.0015442846328539016
2158        0.0018433005299015922
2159        0.0016855917234418383
2160        0.001777693666414335
2161        0.0014635377239465065
2162        0.001824375473126421
2163        0.002023719404491549
2164        0.0015569013373706816
2165        0.001760030280090842
2166        0.0024123139036083827
2167        0.0017827403482210476
2168        0.0017751703255109788
2169        0.002055261165783498
2170        0.0021978299268231175
2171        0.002221801665404998
2172        0.0018597022457734066
2173        0.001939187484229122
2174        0.001604844814534446
2175        0.0020893262679788057
2176        0.00241988392631845
2177        0.002658339641685596
2178        0.002114559677012367
2179        0.0021296997224325032
2180        0.0018332071662881659
2181        0.0012250820085793624
2182        0.0022798385061821884
2183        0.001654049962149889
2184        0.0016515266212465316
2185        0.0016818067120868048
2186        0.0019114307342922058
2187        0.001834468836739845
2188        0.0018205904617713863
2189        0.0015013878374968473
2190        0.002219278324501643
2191        0.0025056775170325548
2192        0.001805450416351252
2193        0.00208806459752713
2194        0.001833207166288168
2195        0.002369417108251329
2196        0.001982084279586175
2197        0.0014521826898814061
2198        0.0020502144839767873
2199        0.0014887711329800684
2200        0.0016098914963411576
2201        0.001686853393893517
2202        0.0015114812011102713
2203        0.0010320464294726224
2204        0.0013146606106484997
2205        0.0011329800656068652
2206        0.0016401715871814282
2207        0.0012641937925813795
2208        0.001560686348725714
2209        0.0011077466565733041
2210        0.0017562452687358077
2211        0.0012944738834216516
2212        0.001291950542518296
2213        0.0009449911683068387
2214        0.001651526621246531
2215        0.0015581630078223593
2216        0.001893767347968712
2217        0.0017840020186727249
2218        0.0017347968710572815
2219        0.001188493565480697
2220        0.0010080746908907405
2221        0.0012376987130961413
2222        0.0024539490285137586
2223        0.0020148877113298044
2224        0.0015960131213727002
2225        0.0013045672470350753
2226        0.0016250315417612943
2227        0.0020010093363613465
2228        0.0019896543022962423
2229        0.0011708301791572052
2230        0.0013285389856169578
2231        0.0015379762805955103
2232        0.0016048448145344438
2233        0.00129573555387333
2234        0.0009866262932122158
2235        0.002403482210446635
2236        0.001723441836992179
2237        0.0017448902346707063
2238        0.002875346959374217
2239        0.0014837244511733548
2240        0.0021549331314660637
2241        0.0014307342922028768
2242        0.001632601564471363
2243        0.0017057784506686873
2244        0.001959374211455971
2245        0.001517789553368661
2246        0.001151905122382035
2247        0.0017776936664143342
2248        0.001548069644208935
2249        0.0016225082008579374
2250        0.001860963916225086
2251        0.002191521574564727
2252        0.0016906384052485497
2253        0.001269240474388092
2254        0.0023340903356043447
2255        0.0017436285642190286
2256        0.0018205904617713863
2257        0.0017083017915720427
2258        0.00180671208680293
2259        0.002780721675498362
2260        0.0017827403482210487
2261        0.0023555387332828714
2262        0.0016590966439565989
2263        0.0015619480191773935
2264        0.002626797880393647
2265        0.002522079232904369
2266        0.0011985869290941232
2267        0.0014496593489780486
2268        0.0016199848599545822
2269        0.002477920767095638
2270        0.0016590966439566012
2271        0.001694423416603587
2272        0.0025220792329043694
2273        0.0009626545546303328
2274        0.0026608629825889494
2275        0.002014887711329805
2276        0.001187231895029019
2277        0.0015341912692404757
2278        0.001844562200353269
2279        0.001960635881907649
2280        0.0016994700984102984
2281        0.0017019934393136544
2282        0.0016225082008579366
2283        0.001775170325510977
2284        0.0013941458491042152
2285        0.0012414837244511753
2286        0.0016477416098914972
2287        0.0018029270754478946
2288        0.0018155437799646738
2289        0.001714610143830433
2290        0.0017940953822861486
2291        0.0019265707797123418
2292        0.0014017158718142833
2293        0.002495584153419132
2294        0.0017625536209941995
2295        0.0013991925309109283
2296        0.0020199343931365157
2297        0.002080494574817062
2298        0.0019253091092606637
2299        0.001519051223820339
2300        0.0015770880645975289
2301        0.001170830179157206
2302        0.001483724451173355
2303        0.001158213474640425
2304        0.0014471360080746927
2305        0.0012730254857431244
2306        0.0018912440070653562
2307        0.0015404996214988668
2308        0.0013462023719404519
2309        0.0012679788039364147
2310        0.0013499873832954858
2311        0.0017019934393136516
2312        0.0011329800656068648
2313        0.0014988644965934917
2314        0.0017776936664143368
2315        0.0016048448145344445
2316        0.0013171839515518564
2317        0.0013991925309109275
2318        0.0018609639162250834
2319        0.001430734292202879
2320        0.002162503154176135
2321        0.0021057279838506216
2322        0.0010661115316679304
2323        0.0009285894524350271
2324        0.0020073176886197352
2325        0.0015594246782740357
2326        0.0011569518041887486
2327        0.0012667171334847336
2328        0.001794095382286147
2329        0.0012957355538733295
2330        0.0013928841786525357
2331        0.0013651274287156219
2332        0.0010825132475397437
2333        0.0014307342922028775
2334        0.002046429472621755
2335        0.001619984859954582
2336        0.0018344688367398455
2337        0.0016502649507948528
2338        0.002139793086045928
2339        0.001493817814786779
2340        0.0018962906888720695
2341        0.002238203381276813
2342        0.0015039111784002043
2343        0.0020565228362351786
2344        0.0015367146101438322
2345        0.0015392379510471876
2346        0.001493817814786779
2347        0.0019656825637143598
2348        0.0014496593489780496
2349        0.001642694928084784
2350        0.0013689124400706552
2351        0.0014345193035579114
2352        0.001792833711834471
2353        0.0015102195306585953
2354        0.0018836739843552898
2355        0.001342417360585418
2356        0.001795357052737826
2357        0.0017991420640928598
2358        0.0013146606106485006
2359        0.0014647993943981855
2360        0.0018597022457734057
2361        0.0015442846328539003
2362        0.001336109008327026
2363        0.0017310118597022464
2364        0.0015846580873075963
2365        0.0010837749179914216
2366        0.0007216754983598288
2367        0.0011809235427706283
2368        0.0010005046681806724
2369        0.001348725712843807
2370        0.0015064345193035586
2371        0.000989149634115571
2372        0.0016540499621498892
2373        0.0010383547817310128
2374        0.001617461519051225
2375        0.0013108755992934638
2376        0.0015165278829169836
2377        0.0007771889982336625
2378        0.00100807469089074
2379        0.0013020439061317212
2380        0.001146858440575324
2381        0.0011329800656068657
2382        0.001288165531163263
2383        0.001380267474135757
2384        0.00133358566742367
2385        0.001165783497350495
2386        0.0013890991672975033
2387        0.0014471360080746923
2388        0.001572041382790817
2389        0.0017802170073176922
2390        0.0012566237698713116
2391        0.001796618723189504
2392        0.0017726469846076236
2393        0.0013045672470350757
2394        0.0012074186222558688
2395        0.0010711582134746423
2396        0.0012566237698713103
2397        0.0012477920767095647
2398        0.0010143830431491316
2399        0.0012351753721927855
2400        0.0012528387585162774
2401        0.0016136765076961903
2402        0.0010825132475397444
2403        0.0013903608377491814
2404        0.0011001766338632364
2405        0.0014395659853646237
2406        0.0010522331566994703
2407        0.0007784506686853411
2408        0.001221296997224326
2409        0.0017196568256371443
2410        0.0018899823366136785
2411        0.001791572041382793
2412        0.0014736310875599315
2413        0.0014193792581377767
2414        0.001638909916729751
2415        0.0014483976785263702
2416        0.0014875094625283866
2417        0.001944234166035834
2418        0.002069139540751956
2419        0.0010635881907645737
2420        0.001134241736058542
2421        0.001269240474388091
2422        0.001467322735301541
2423        0.0013878374968458258
2424        0.0011809235427706285
2425        0.0011897552359323757
2426        0.0012074186222558673
2427        0.0013108755992934644
2428        0.0018773656320968978
2429        0.0012969972243250072
2430        0.001116578349735049
2431        0.0013436790310370939
2432        0.0013436790310370956
2433        0.0017966187231895055
2434        0.0014080242240726753
2435        0.0011392884178652557
2436        0.0013121372697451445
2437        0.0013285389856169576
2438        0.0015833964168559158
2439        0.0011569518041887477
2440        0.0017537219278324504
2441        0.0013827908150391137
2442        0.001346202371940451
2443        0.0012566237698713126
2444        0.0014332576331062344
2445        0.0016288165531163261
2446        0.0014219025990411332
2447        0.001191016906384054
2448        0.0011720918496088849
2449        0.0012414837244511749
2450        0.0016944234166035833
2451        0.0012641937925813786
2452        0.0013979308604592509
2453        0.0013840524854907919
2454        0.001459752712591474
2455        0.0017247035074438577
2456        0.0013840524854907914
2457        0.0013386323492303824
2458        0.0009752712591471115
2459        0.0012780721675498376
2460        0.0016767600302800916
2461        0.0014219025990411332
2462        0.001457229371688117
2463        0.00144335099671966
2464        0.0013954075195558927
2465        0.0012414837244511753
2466        0.0012679788039364137
2467        0.0013310623265203147
2468        0.0015758263941458488
2469        0.0011443350996719677
2470        0.00121877365632097
2471        0.001067373202119607
2472        0.0013398940196820603
2473        0.0013853141559424687
2474        0.0009752712591471106
2475        0.0013701741105223324
2476        0.0013020439061317195
2477        0.0015770880645975267
2478        0.0011216250315417618
2479        0.0014143325763310648
2480        0.0014383043149129452
2481        0.001151905122382036
2482        0.0013424173605854162
2483        0.0012957355538733301
2484        0.0013020439061317197
2485        0.0012376987130961407
2486        0.00128942720161494
2487        0.0014950794852384554
2488        0.001437042644461269
2489        0.0020767095634620257
2490        0.001867272268483476
2491        0.0017133484733787533
2492        0.0016300782235680066
2493        0.0016780217007317693
2494        0.0010497098157961151
2495        0.0010623265203128977
2496        0.001308352258390111
2497        0.0013865758263941488
2498        0.001665404996214989
2499        0.0015972747918243757
2500        0.001572041382790814
2501        0.001568256371435783
2502        0.0011519051223820354
2503        0.0011001766338632367
2504        0.0012036336109008336
2505        0.0012969972243250072
2506        0.0014294726217512002
2507        0.0019883926318445644
2508        0.0016527882916982097
2509        0.001448397678526371
2510        0.0012591471107746652
2511        0.0010005046681806724
2512        0.0013045672470350766
2513        0.0017537219278324512
2514        0.0012238203381276834
2515        0.001189755235932376
2516        0.0009828412818571803
2517        0.0012238203381276826
2518        0.001225082008579361
2519        0.0011418117587686117
2520        0.001318445622003534
2521        0.0013525107241988408
2522        0.0012805955084531937
2523        0.001570779712339136
2524        0.0016136765076961894
2525        0.0015455463033055776
2526        0.0011430734292202896
2527        0.0014307342922028777
2528        0.001168306838253851
2529        0.0013613424173605868
2530        0.0012263436790310388
2531        0.0010711582134746416
2532        0.0016855917234418379
2533        0.001396669190007573
2534        0.0015404996214988637
2535        0.0013310623265203139
2536        0.0016199848599545812
2537        0.0013588190764572301
2538        0.0011115316679283394
2539        0.0018748422911935398
2540        0.001004289679535706
2541        0.0014647993943981844
2542        0.0017537219278324508
2543        0.0010888215997981346
2544        0.0012881655311632613
2545        0.0012137269745142575
2546        0.0011380267474135767
2547        0.001131718395155187
2548        0.0014963411556901355
2549        0.0010434014635377254
2550        0.0013083522583901086
2551        0.001425687610396166
2552        0.0010560181680545047
2553        0.0011052233156699487
2554        0.001300782235680042
2555        0.001331062326520314
2556        0.0015859197577592723
2557        0.0013234923038102468
2558        0.0012969972243250091
2559        0.0011367650769618996
2560        0.0012553620994196332
2561        0.0016464799394398182
2562        0.0015846580873075937
2563        0.0013045672470350755
2564        0.001274287156194803
2565        0.0013234923038102477
2566        0.00150643451930356
2567        0.0016805450416351243
2568        0.0012692404743880918
2569        0.0013398940196820606
2570        0.0011884935654806984
2571        0.0011771385314155959
2572        0.0016616199848599532
2573        0.0013096139288417885
2574        0.0010711582134746416
2575        0.0010509714862477944
2576        0.0014357809740095887
2577        0.0012654554630330572
2578        0.0012187736563209713
2579        0.0015430229624022198
2580        0.0013159222811001778
2581        0.0011834468836739854
2582        0.0013739591218773666
2583        0.0013991925309109281
2584        0.0015228362351753745
2585        0.001073681554377999
2586        0.0016086298258894804
2587        0.0010799899066363887
2588        0.0010825132475397446
2589        0.0014597527125914716
2590        0.0012402220539994967
2591        0.0017448902346707048
2592        0.001326015644713602
2593        0.001553116326015647
2594        0.0012313903608377511
2595        0.0015392379510471878
2596        0.0012515770880646001
2597        0.0014862477920767078
2598        0.0012250820085793607
2599        0.0010421397930860472
2600        0.0007620489528135258
2601        0.0008629825889477672
2602        0.0009878879636638933
2603        0.0012578854403229869
2604        0.0010938682816048464
2605        0.0012894272016149386
2606        0.001061064849861218
2607        0.0009273277819833471
2608        0.0009348978046934146
2609        0.0011935402472874085
2610        0.0013853141559424691
2611        0.001237698713096141
2612        0.0007267221801665415
2613        0.0009866262932122138
2614        0.0017991420640928605
2615        0.0016691900075700233
2616        0.0015695180418874607
2617        0.0014282109512995212
2618        0.0013272773151652812
2619        0.0015922281100176658
2620        0.0016452182689881416
2621        0.0015505929851122886
2622        0.0012364370426444639
2623        0.0010661115316679297
2624        0.0008894776684330072
2625        0.0007065354529396932
2626        0.0009020943729497875
2627        0.0009677012364370456
2628        0.000840272520817563
2629        0.000955084531920265
2630        0.0009777946000504684
2631        0.001018168054504166
2632        0.0010295230885692677
2633        0.0008579359071410564
2634        0.0009298511228867023
2635        0.0006775170325510991
2636        0.0007822356800403752
2637        0.0007570022710068146
2638        0.0007532172596517796
2639        0.0010232147363108772
2640        0.0006838253848094886
2641        0.0007229371688115067
2642        0.0008062074186222573
