1        0.0009071410547564996
2        0.0011847085541256655
3        0.0011720918496088847
4        0.0008415341912692424
5        0.0010509714862477948
6        0.0008440575321725979
7        0.0012225586676760023
8        0.000831440827655818
9        0.0012818571789048705
10        0.0015720413827908161
11        0.0016439565985364628
12        0.0017019934393136512
13        0.001355034065102198
14        0.000946252838758518
15        0.00156194801917739
16        0.002032551097653296
17        0.0019316174615190537
18        0.0010307847590209469
19        0.0014812011102699986
20        0.001815543779964676
21        0.0018735806207418647
22        0.0013676507696189786
23        0.001777693666414334
24        0.0017511985869290943
25        0.0011241483724451207
26        0.0016149381781478684
27        0.0018130204390613184
28        0.0015556396669190035
29        0.001705778450668686
30        0.0018256371435780986
31        0.00178778703002776
32        0.002586424425939945
33        0.0019366641433257658
34        0.0010509714862477954
35        0.0025157708806459772
36        0.0016136765076961918
37        0.0017474135755740612
38        0.002108251324753977
39        0.002146101438304316
40        0.0010610648498612166
41        0.0014534443603330827
42        0.0016843300529901606
43        0.002053999495331823
44        0.0013512490537471626
45        0.0019959626545546336
46        0.0011556901337370707
47        0.0017335352006056027
48        0.0019417108251324775
49        0.0015657330305324283
50        0.002228110017663389
51        0.0020552611657835007
52        0.0015304062578854422
53        0.0017802170073176907
54        0.0017095634620237217
55        0.002336613676507697
56        0.002085541256623773
57        0.001611153166792835
58        0.0013386323492303822
59        0.0009121877365632117
60        0.002407267221801668
61        0.001835730507191525
62        0.0023694171082513276
63        0.0023189502901842076
64        0.001003028009084029
65        0.0020249810749432278
66        0.0016742366893767375
67        0.0015165278829169825
68        0.0021259147110774695
69        0.0019454958364875112
70        0.0017676003028009092
71        0.0016439565985364633
72        0.0011443350996719669
73        0.0006800403734544542
74        0.0011468584405753238
75        0.0017057784506686869
76        0.001645218268988142
77        0.0021486247792076754
78        0.0018117587686096426
79        0.0021322230633358617
80        0.001606106484986124
81        0.0022154933131466096
82        0.0017272268483472138
83        0.002471612414837247
84        0.002194044915468083
85        0.0022836235175372225
86        0.0016666666666666696
87        0.000802422407267223
88        0.0019076457229371727
89        0.0017827403482210472
90        0.0027378248801413125
91        0.0021309613928841824
92        0.0023504920514761597
93        0.002432500630835229
94        0.0028513752207923334
95        0.0014521826898814053
96        0.0027315165278829203
97        0.0007431238960383563
98        0.0016578349735049222
99        0.001833207166288169
100        0.002172596517789556
101        0.0018773656320968998
102        0.001081251577088064
103        0.0017966187231895049
104        0.0017852636891244012
105        0.0015480696442089345
106        0.0010698965430229659
107        0.0015417612919505443
108        0.0015859197577592738
109        0.0021561948019177416
110        0.00173479687105728
111        0.001150643451930358
112        0.0010042896795357085
113        0.0017751703255109797
114        0.0016275548826646497
115        0.0019253091092606633
116        0.0007582639414584919
117        0.0015796114055008845
118        0.0021347464042392153
119        0.0018685339389351526
120        0.0015442846328539005
121        0.0014774160989149666
122        0.0017234418369921811
123        0.001584658087307596
124        0.0022255866767600333
125        0.0021372697451425716
126        0.0021095129952056566
127        0.0020375977794600073
128        0.001497602826141814
129        0.0017045167802170087
130        0.0019581125410042923
131        0.0015291445874337651
132        0.0013954075195558935
133        0.001813020439061318
134        0.0015531163260156476
135        0.0015922281100176656
136        0.002192783245016404
137        0.0021574564723694195
138        0.0021561948019177407
139        0.0020136260408781235
140        0.0018332071662881674
141        0.0017562452687358073
142        0.0015569013373706818
143        0.0019379258137774472
144        0.0017310118597022458
145        0.0015203128942720184
146        0.0016969467575069415
147        0.0012175119858692913
148        0.0018798889730002552
149        0.002133484733787538
150        0.0024917991420640977
151        0.0021107746656573345
152        0.00202371940449155
153        0.0027617966187231937
154        0.0016338632349230384
155        0.002302548574312392
156        0.0023795104718647535
157        0.0012440070653545313
158        0.0026583396416855957
159        0.0016262932122129722
160        0.0022293716881150675
161        0.0019379258137774444
162        0.002557406005551353
163        0.0025902094372949815
164        0.00243880898309362
165        0.0016250315417612937
166        0.0024905374716124185
167        0.002389603835478177
168        0.002042644461266718
169        0.0020060560181680586
170        0.0013903608377491823
171        0.0011367650769619003
172        0.002134746404239218
173        0.0013777441332324014
174        0.0018899823366136817
175        0.00208554125662377
176        0.0013701741105223346
177        0.001260408781226347
178        0.0018168054504163545
179        0.001734796871057282
180        0.002501892505677521
181        0.0027252081756245286
182        0.0010030280090840287
183        0.0012263436790310384
184        0.0013373706787787034
185        0.0018597022457734072
186        0.0022785768357305104
187        0.0012667171334847357
188        0.0019593742114559698
189        0.0026747413575574125
190        0.0017272268483472131
191        0.0022369417108251354
192        0.0016237698713096164
193        0.0020211960635881927
194        0.0023277819833459525
195        0.001848347211708304
196        0.0017877870300277584
197        0.0021334847337875344
198        0.002103204642947265
199        0.0021612414837244537
200        0.0016111531667928338
201        0.0019126924047438846
202        0.002195306585919763
203        0.0016288165531163279
204        0.001824375473126421
205        0.0022167549835982853
206        0.002156194801917742
207        0.0019934393136512765
208        0.0019126924047438846
209        0.0017575069391874865
210        0.0018344688367398477
211        0.0015707797123391408
212        0.0018079737572546085
213        0.0026469846076204936
214        0.0020956346202371974
215        0.0014976028261418132
216        0.0020767095634620274
217        0.001999747665909668
218        0.0015871814282109522
219        0.001987130961392886
220        0.0015657330305324279
221        0.0020098410295230915
222        0.001998485995457991
223        0.0023580620741862264
224        0.0021536714610143853
225        0.0017436285642190275
226        0.0016616199848599573
227        0.0016994700984102973
228        0.0016855917234418383
229        0.0022407267221801704
230        0.001777693666414335
231        0.0017903103709311153
232        0.0019795609386828172
233        0.0020779712339137044
234        0.0016300782235680043
235        0.0015960131213726986
236        0.0016830683825384803
237        0.0015329295987887963
238        0.0014736310875599296
239        0.0014420893262679802
240        0.001444612667171336
241        0.00132727731516528
242        0.0014521826898814044
243        0.0016717133484733797
244        0.0019391874842291223
245        0.0018988140297754239
246        0.0017890487004794367
247        0.0019417108251324788
248        0.0015796114055008856
249        0.002080494574817061
250        0.0018004037345445397
251        0.00184330052990159
252        0.001789048700479436
253        0.001416855917234421
254        0.0016881150643451952
255        0.0015152662124653072
256        0.0017739086550592994
257        0.0018735806207418636
258        0.001802927075447895
259        0.0019593742114559698
260        0.0022848851879888987
261        0.0016628816553116354
262        0.0017019934393136542
263        0.0019164774160989196
264        0.0018344688367398472
265        0.002046429472621754
266        0.0023012869038607155
267        0.0011216250315417631
268        0.0020767095634620283
269        0.0017196568256371454
270        0.0021309613928841807
271        0.0018117587686096411
272        0.0020073176886197335
273        0.002166288165531166
274        0.002721423164269498
275        0.002351753721927836
276        0.0018723189502901868
277        0.00216502649507949
278        0.0019164774160989172
279        0.002040121120363363
280        0.002109512995205656
281        0.0029359071410547588
282        0.0026368912440070703
283        0.0022899318697956117
284        0.0020855412566237745
285        0.0016250315417612933
286        0.0018319454958364897
287        0.0017562452687358084
288        0.001772646984607621
289        0.0015417612919505445
290        0.0016628816553116328
291        0.00183068382538481
292        0.0016300782235680066
293        0.0019391874842291216
294        0.0024097905627050273
295        0.0018382538480948808
296        0.002088064597527129
297        0.0016452182689881414
298        0.002364370426444617
299        0.0016616199848599584
300        0.0023656320968962947
301        0.0023479687105728026
302        0.003241231390360843
303        0.0019846076204895324
304        0.002578854403229881
305        0.0030305324249306114
306        0.001665404996214991
307        0.0011884935654806984
308        0.0011720918496088827
309        0.0017890487004794376
310        0.0012528387585162783
311        0.0012313903608377518
312        0.0019063840524854924
313        0.0025662376987131024
314        0.0023984355286399213
315        0.0014647993943981846
316        0.0019114307342922069
317        0.002281100176633867
318        0.002236941710825139
319        0.001463537723946507
320        0.0017108251324753979
321        0.001524097905627052
322        0.002400958869543278
323        0.000999242997728996
324        0.002171334847337879
325        0.0019341408024224098
326        0.0020767095634620274
327        0.0025119858692909448
328        0.0023088569265707825
329        0.0025182942215493343
330        0.0016389099167297527
331        0.001903860711582139
332        0.0017701236437042663
333        0.0017903103709311133
334        0.0017966187231895055
335        0.0018685339389351518
336        0.002238203381276815
337        0.0017789553368660138
338        0.0024350239717385877
339        0.002525864244259404
340        0.002392127176381531
341        0.0026267978803936436
342        0.0012477920767095647
343        0.0008188241231390376
344        0.002085541256623773
345        0.001985869290941209
346        0.002009841029523092
347        0.0014622760534948277
348        0.0005551349987383282
349        0.0005513499873832943
350        0.0018521322230633374
351        0.0024501640171587197
352        0.0017423668937673505
353        0.0023694171082513284
354        0.0015909664395659846
355        0.001431995962654556
356        0.001161998485995458
357        0.0010005046681806744
358        0.0026179661872319016
359        0.0018685339389351533
360        0.0028438051980822637
361        0.0020262427453949074
362        0.0016717133484733789
363        0.0016199848599545805
364        0.0016881150643451952
365        0.0016717133484733782
366        0.0010787282361847104
367        0.0016502649507948517
368        0.001582134746404242
369        0.0010370931112793369
370        0.001580873075952563
371        0.0015215745647236963
372        0.002062831188493567
373        0.0016414332576331074
374        0.0022785768357305096
375        0.0022268483472117134
376        0.0022848851879889004
377        0.0018559172344183728
378        0.0017600302800908425
379        0.001450921019429726
380        0.0017423668937673505
381        0.0021574564723694212
382        0.0008251324753974262
383        0.0010661115316679297
384        0.0012250820085793603
385        0.0016679283371183432
386        0.0012238203381276823
387        0.001367650769618977
388        0.002187736563209691
389        0.0015518546555639665
390        0.001331062326520315
391        0.002638152914458746
392        0.0018016654049962178
393        0.0018761039616452201
394        0.001670451678021702
395        0.0011809235427706296
396        0.0015480696442089347
397        0.0015594246782740366
398        0.0010572798385061846
399        0.002265960131213729
400        0.0014383043149129452
401        0.0013007822356800424
402        0.001777693666414335
403        0.0018231138026747443
404        0.0015581630078223578
405        0.0021284380519808258
406        0.002283623517537222
407        0.0016893767347968725
408        0.0013853141559424691
409        0.0011304567247035098
410        0.0017978803936411832
411        0.0017751703255109782
412        0.0015985364622760545
413        0.001722180166540502
414        0.0018470855412566253
415        0.0015215745647236955
416        0.0014471360080746925
417        0.0009765329295987906
418        0.002033812768104974
419        0.001997224325006312
420        0.0016477416098914974
421        0.0013865758263941477
422        0.0014774160989149644
423        0.0014597527125914725
424        0.0015695180418874594
425        0.0015960131213726989
426        0.0017272268483472135
427        0.0014193792581377747
428        0.001643956598536464
429        0.001302043906131721
430        0.001467322735301542
431        0.0007557406005551356
432        0.001971990915972751
433        0.001491294473883422
434        0.001884935654806967
435        0.0017739086550592974
436        0.0012856421902599064
437        0.0013499873832954856
438        0.0014458743376230144
439        0.0009525611910169074
440        0.001288165531163262
441        0.0012831188493565473
442        0.0019909159727479198
443        0.0009399444865001266
444        0.000779712339137018
445        0.0017347968710572825
446        0.0011746151905122392
447        0.0012944738834216503
448        0.0011910169063840542
449        0.0009853646227605357
450        0.0014610143830431502
451        0.001274287156194804
452        0.0014635377239465058
453        0.0013108755992934662
454        0.0012906888720666174
455        0.0012414837244511736
456        0.0012768104970981595
457        0.0014408276558163001
458        0.0016906384052485497
459        0.0006901337370678793
460        0.0012679788039364134
461        0.001122886701993442
462        0.001670451678021702
463        0.0017524602573807738
464        0.002187736563209694
465        0.001381529144587435
466        0.0014673227353015396
467        0.0014181175876860986
468        0.0012995205652283628
469        0.0025864244259399473
470        0.0024173605854150935
471        0.0017448902346707048
472        0.001296997224325008
473        0.0011733535200605617
474        0.0012490537471612437
475        0.001211203633610902
476        0.0012048952813525126
477        0.0015001261670451683
478        0.0016275548826646486
479        0.0011632601564471367
480        0.0014875094625283883
481        0.0012528387585162783
482        0.001299520565228365
483        0.001661619984859955
484        0.0014976028261418136
485        0.0011821852132223088
486        0.0012452687358062095
487        0.0010989149634115603
488        0.0012742871561948028
489        0.0012048952813525128
490        0.0014597527125914719
491        0.0011985869290941213
492        0.002248296744890239
493        0.0012326520312894273
494        0.0015796114055008851
495        0.002312641937925818
496        0.0015997981327277332
497        0.0022104466313398953
498        0.001366389099167299
499        0.0014206409285894542
500        0.0011784002018672749
501        0.001666666666666669
502        0.0019013373706787805
503        0.001985869290941209
504        0.0014307342922028764
505        0.0012465304062578878
506        0.0013260156447136026
507        0.0015581630078223578
508        0.0015140045420136284
509        0.0010143830431491318
510        0.001752460257380775
511        0.0016931617461519056
512        0.0015720413827908168
513        0.0009815796114055022
514        0.0017726469846076232
515        0.0016616199848599558
516        0.0014673227353015424
517        0.0022924552106989692
518        0.001853393893515016
519        0.0019341408024224104
520        0.002027504415846583
521        0.001956850870552614
522        0.00230507191521575
523        0.0007456472369417117
524        0.0020956346202371965
525        0.0019290941206156998
526        0.0009260661115316699
527        0.0012313903608377492
528        0.0007481705778450682
529        0.0014976028261418145
530        0.0019379258137774444
531        0.0010484481453444407
532        0.001814282109512997
533        0.0012515770880645997
534        0.001521574564723696
535        0.001886197325258645
536        0.0023896038354781772
537        0.0024085288922533477
538        0.002455210698965435
539        0.0023795104718647535
540        0.0019480191773908683
541        0.0020451678021700757
542        0.0011607368155437806
543        0.0012389603835478182
544        0.0012591471107746683
545        0.0014685844057532175
546        0.002322735301539241
547        0.0012490537471612428
548        0.0014900328034317461
549        0.002378248801413077
550        0.0021158213474640445
551        0.0018256371435781001
552        0.0022861468584405827
553        0.0011140550088316952
554        0.0017776936664143346
555        0.0015026495079485272
556        0.001987130961392888
557        0.0012831188493565506
558        0.0014092858945243527
559        0.0022848851879889
560        0.0019631592228110044
561        0.0014862477920767115
562        0.001419379258137775
563        0.0012755488266464818
564        0.001920262427453953
565        0.002530910926066114
566        0.0018521322230633378
567        0.002317688619732529
568        0.0018849356548069677
569        0.0012339137017411067
570        0.002035074438556651
571        0.0014849861216250314
572        0.001342417360585417
573        0.0012717638152914474
574        0.0023807721423164258
575        0.0010661115316679295
576        0.0009538228614685843
577        0.0022066616199848637
578        0.0014610143830431509
579        0.001614938178147871
580        0.0018205904617713863
581        0.0016843300529901621
582        0.002133484733787536
583        0.002100681302043908
584        0.0016502649507948548
585        0.002030027756749939
586        0.0017133484733787563
587        0.0018571789048700486
588        0.001714610143830433
589        0.0017385818824123167
590        0.0017045167802170092
591        0.0021990915972747945
592        0.0018723189502901857
593        0.0012843805198082278
594        0.0017499369164774186
595        0.0018268988140297767
596        0.0015884430986626314
597        0.0016464799394398195
598        0.001660358314408278
599        0.0022836235175372234
600        0.0015934897804693404
601        0.0017398435528639933
602        0.0019366641433257658
603        0.0014395659853646237
604        0.001963159222811004
605        0.001411809235427707
606        0.0026974514256876136
607        0.0021019429724955852
608        0.0025460509714862523
609        0.0014067625536209958
610        0.002537219278324508
611        0.0018395155185465576
612        0.001371435780974014
613        0.0012175119858692939
614        0.0020123643704264473
615        0.0013474640423921283
616        0.0009714862477920794
617        0.0015796114055008845
618        0.0016300782235680045
619        0.0014471360080746925
620        0.0017310118597022451
621        0.0013033055765833976
622        0.001982084279586174
623        0.002115821347464045
624        0.0019492808478425458
625        0.0014736310875599309
626        0.002486752460257385
627        0.0018647489275801176
628        0.001187231895029021
629        0.002243250063083524
630        0.001163260156447138
631        0.0015064345193035599
632        0.0011178400201867313
633        0.001907645722937171
634        0.0011695685087055286
635        0.0017221801665405012
636        0.0017474135755740632
637        0.0016830683825384833
638        0.0019063840524854933
639        0.00238708049457482
640        0.0017940953822861486
641        0.0020817562452687417
642        0.0014723694171082536
643        0.0016313398940196822
644        0.001965682563714361
645        0.00180545041635125
646        0.0012187736563209718
647        0.001467322735301541
648        0.0020905879384304858
649        0.0013272773151652797
650        0.0017183951551854662
651        0.0014004542013626058
652        0.0016553116326015651
653        0.0011582134746404248
654        0.001284380519808228
655        0.00105349482715115
656        0.0013575574060055535
657        0.001785263689124403
658        0.0014761544284632882
659        0.0017360585415089598
660        0.0017764319959626559
661        0.002249558415341917
662        0.0011102699974766615
663        0.001274287156194802
664        0.00141559424678274
665        0.0011821852132223077
666        0.0013285389856169593
667        0.0020224577340398737
668        0.0022482967448902384
669        0.0017070401211203663
670        0.0024337623012869094
671        0.0015228362351753736
672        0.001175876860963917
673        0.0016540499621498872
674        0.0014042392127176406
675        0.0012036336109008349
676        0.0011569518041887477
677        0.0010598031794095402
678        0.0013159222811001793
679        0.002117083017915723
680        0.0022533434266969504
681        0.0017953570527378267
682        0.0020476911430734315
683        0.002056522836235178
684        0.0010724198839263228
685        0.0018988140297754252
686        0.0012036336109008336
687        0.0010862982588947774
688        0.0019000757002271033
689        0.0012894272016149373
690        0.002113298006560688
691        0.0018268988140297793
692        0.001126671713348476
693        0.0019164774160989162
694        0.001632601564471362
695        0.0015215745647236961
696        0.0012957355538733303
697        0.0007645722937168826
698        0.0010976532929598804
699        0.0012692404743880924
700        0.0013916225082008604
701        0.0012250820085793622
702        0.0015922281100176634
703        0.0014319959626545567
704        0.002074186222558669
705        0.0012541004289679562
706        0.0020085793590714127
707        0.002364370426444615
708        0.0011064849861216262
709        0.0016906384052485493
710        0.0013449407014887733
711        0.0014294726217511976
712        0.0026179661872318986
713        0.001725965177895534
714        0.0011922785768357313
715        0.0013335856674236708
716        0.0021637648246278104
717        0.0017209184960888242
718        0.0014812011102699996
719        0.0016654049962149917
720        0.001785263689124402
721        0.0014673227353015406
722        0.0013361090083270262
723        0.0015329295987887982
724        0.002148624779207673
725        0.0018445622003532705
726        0.002241988392631847
727        0.0013310623265203145
728        0.001411809235427708
729        0.0020035326772647015
730        0.001659096643956599
731        0.0015076961897552378
732        0.0017032551097653321
733        0.001570779712339138
734        0.0021587181428210965
735        0.002071662881655315
736        0.0018445622003532716
737        0.0018798889730002556
738        0.0019820842795861735
739        0.0018710572798385082
740        0.0013689124400706558
741        0.001598536462276056
742        0.0017032551097653315
743        0.001642694928084787
744        0.001169568508705528
745        0.001198586929094122
746        0.0013108755992934666
747        0.0012604087812263444
748        0.001707040121120363
749        0.0014748927580116077
750        0.0012313903608377513
751        0.001429472621751201
752        0.0015821347464042422
753        0.0019101690638405275
754        0.001362604087812265
755        0.0015076961897552384
756        0.0025725460509714907
757        0.0018243754731264218
758        0.001608629825889477
759        0.0015051728488518822
760        0.0018861973252586454
761        0.0015316679283371199
762        0.0015064345193035586
763        0.0010269997476659123
764        0.0016414332576331087
765        0.0013146606106485008
766        0.00139919253091093
767        0.0016149381781478676
768        0.0014282109512995223
769        0.0020640928589452452
770        0.0013159222811001791
771        0.001406762553620995
772        0.0013689124400706552
773        0.0017903103709311142
774        0.001471107746656575
775        0.0015165278829169843
776        0.001387837496845825
777        0.001138026747413576
778        0.0014105475649760283
779        0.0013474640423921283
780        0.0016439565985364641
781        0.002436285642190263
782        0.0026078728236184736
783        0.0020716628816553153
784        0.0011216250315417634
785        0.002018672722684839
786        0.0017158718142821112
787        0.0013361090083270262
788        0.0023025485743123947
789        0.0018130204390613218
790        0.001966944234166039
791        0.0015922281100176643
792        0.0019063840524854935
793        0.002219278324501644
794        0.0019164774160989192
795        0.002916982084279589
796        0.0013487257128438075
797        0.0014193792581377754
798        0.0013689124400706543
799        0.0012503154176129205
800        0.0008352258390108524
801        0.0014572293716881171
802        0.0012856421902599066
803        0.0010673732021196066
804        0.0015644713600807465
805        0.0013676507696189777
806        0.0025700227100681344
807        0.001871057279838509
808        0.0018950290184203914
809        0.001867272268483475
810        0.0015985364622760553
811        0.00140423921271764
812        0.0017297501892505713
813        0.0016338632349230393
814        0.0015594246782740348
815        0.0025864244259399486
816        0.002288670199343934
817        0.001956850870552615
818        0.0014231642694928106
819        0.0016389099167297522
820        0.0021360080746908924
821        0.0019253091092606641
822        0.0018798889730002552
823        0.0014622760534948277
824        0.001233913701741108
825        0.0025321725965177944
826        0.0015518546555639676
827        0.0014219025990411323
828        0.0019051223820338145
829        0.0022874085288922567
830        0.0013436790310370943
831        0.0016742366893767373
832        0.0017297501892505692
833        0.0020325510976532965
834        0.001932879131970732
835        0.0013285389856169587
836        0.001300782235680042
837        0.0013171839515518562
838        0.0013638657582639429
839        0.002345445369669445
840        0.0027517032551097683
841        0.002344183699217768
842        0.0016754983598284146
843        0.0022482967448902366
844        0.0014509210194297267
845        0.0023239969719909197
846        0.001608629825889479
847        0.001362604087812265
848        0.0014042392127176396
849        0.0018950290184203918
850        0.0016679283371183473
851        0.002368155437799651
852        0.002017411052233159
853        0.0018004037345445397
854        0.0023845571536714634
855        0.002461519051223822
856        0.001824375473126423
857        0.0008251324753974274
858        0.0010446631339894028
859        0.0013108755992934662
860        0.0014282109512995214
861        0.0016023214736310895
862        0.001990915972747921
863        0.0013398940196820612
864        0.0018597022457734072
865        0.0025687610396164556
866        0.002041382790815042
867        0.0021360080746908954
868        0.0020262427453949074
869        0.002573807721423167
870        0.0020098410295230915
871        0.0012591471107746676
872        0.002283623517537222
873        0.0013058289174867543
874        0.0026015644713600857
875        0.00127050214483977
876        0.0019177390865505947
877        0.001785263689124403
878        0.0014408276558163034
879        0.001978299268231141
880        0.00235553873328287
881        0.0019164774160989192
882        0.0015531163260156472
883        0.0016023214736310886
884        0.001935402472874087
885        0.0019404491546808
886        0.0017335352006056027
887        0.002086802927075451
888        0.0011948019177390895
889        0.0015051728488518809
890        0.0017398435528639955
891        0.002765581630078225
892        0.002499369164774162
893        0.0017423668937673524
894        0.0006951804188745905
895        0.0026482462780721716
896        0.001641433257633108
897        0.0019114307342922052
898        0.002387080494574821
899        0.0023858188241231413
900        0.0016086298258894797
901        0.002490537471612419
902        0.0016262932122129722
903        0.002100681302043909
904        0.0014370426444612686
905        0.0025914711077466607
906        0.0025599293464547107
907        0.001497602826141814
908        0.0017045167802170092
909        0.0023467070401211243
910        0.0014963411556901355
911        0.002533434266969473
912        0.0019051223820338152
913        0.001969467575069396
914        0.0022634367903103746
915        0.0015039111784002036
916        0.0016490032803431775
917        0.0013928841786525373
918        0.0016616199848599564
919        0.0017915720413827945
920        0.0019896543022962457
921        0.0018735806207418647
922        0.0020666161998486032
923        0.0013424173605854177
924        0.0017928337118344707
925        0.0022180166540499637
926        0.001778955336866012
927        0.001977037597779463
928        0.0015884430986626312
929        0.001907645722937172
930        0.0023807721423164284
931        0.0016805450416351253
932        0.0024211455967701264
933        0.0019820842795861757
934        0.0013386323492303822
935        0.0017335352006056042
936        0.0016654049962149908
937        0.0016565733030532443
938        0.0017247035074438573
939        0.0014118092354277096
940        0.002162503154176134
941        0.0012465304062578867
942        0.0018597022457734077
943        0.0014521826898814046
944        0.0016628816553116341
945        0.001864748927580118
946        0.0012856421902599055
947        0.0014647993943981855
948        0.001767600302800911
949        0.0016666666666666692
950        0.0015127428715619494
951        0.0021233913701741124
952        0.001554377996467324
953        0.0012225586676760053
954        0.0015695180418874605
955        0.0018533938935150166
956        0.001483724451173355
957        0.0015468079737572563
958        0.0014080242240726744
959        0.0014711077466565763
960        0.002098157961140554
961        0.0023075952561191046
962        0.0018445622003532695
963        0.001707040121120363
964        0.0013663890991672985
965        0.0015165278829169845
966        0.0016767600302800927
967        0.0016654049962149906
968        0.002136008074690896
969        0.001334847337875349
970        0.0017259651778955359
971        0.0015531163260156466
972        0.0019051223820338167
973        0.001873580620741864
974        0.00166540499621499
975        0.0020565228362351795
976        0.0020918496088821624
977        0.001728488518798892
978        0.0015632096896290699
979        0.001807973757254608
980        0.0009538228614685868
981        0.0015026495079485242
982        0.0023277819833459556
983        0.0029813272773151676
984        0.002517032551097656
985        0.001729750189250568
986        0.001889982336613679
987        0.0024577340398687893
988        0.0016149381781478697
989        0.0013726974514256893
990        0.0018268988140297789
991        0.0024186222558667723
992        0.0016414332576331061
993        0.0022785768357305113
994        0.001569518041887459
995        0.0018407771889982338
996        0.001838253848094883
997        0.0018824123139036097
998        0.0012477920767095653
999        0.0014559677012364386
1000        0.0013361090083270273
1001        0.0017171334847337857
1002        0.0013562957355538745
1003        0.0013638657582639418
1004        0.0014231642694928106
1005        0.0016149381781478684
1006        0.0011985869290941217
1007        0.0025876860963916243
1008        0.0026608629825889503
1009        0.002889225334342674
1010        0.0011985869290941228
1011        0.0019265707797123436
1012        0.0014092858945243512
1013        0.0014610143830431513
1014        0.001958112541004293
1015        0.002084279586172095
1016        0.002175119858692913
1017        0.0016174615190512232
1018        0.0009008327024981097
1019        0.001985869290941211
1020        0.003050719152157459
1021        0.00251577088064598
1022        0.00253469593742115
1023        0.0022470350744385583
1024        0.002554882664647997
1025        0.0022760534948271564
1026        0.001867272268483474
1027        0.0018092354277062853
1028        0.0025107241988392647
1029        0.0016919000757002274
1030        0.0017120868029270782
1031        0.0014446126671713373
1032        0.0019013373706787805
1033        0.0016338632349230395
1034        0.0017663386323492304
1035        0.0011304567247035096
1036        0.0015846580873075974
1037        0.0014988644965934917
1038        0.0015051728488518826
1039        0.00132096896290689
1040        0.001304567247035075
1041        0.0012793338380015164
1042        0.0013562957355538756
1043        0.002033812768104973
1044        0.002393388846833211
1045        0.0020350744385566524
1046        0.0020918496088821645
1047        0.0021095129952056575
1048        0.0017423668937673524
1049        0.0025574060055513544
1050        0.002205399949533186
1051        0.0014509210194297263
1052        0.0012503154176129205
1053        0.0012553620994196339
1054        0.0014711077466565746
1055        0.0015745647236941724
1056        0.0014610143830431504
1057        0.0020451678021700757
1058        0.0015064345193035594
1059        0.0008112541004289697
1060        0.0012503154176129216
1061        0.0022634367903103746
1062        0.0019947009841029544
1063        0.001987130961392887
1064        0.0015871814282109528
1065        0.0015606863487257151
1066        0.0014446126671713356
1067        0.0015594246782740366
1068        0.0015783497350492055
1069        0.0015733030532424953
1070        0.0019808226091344965
1071        0.0021259147110774704
1072        0.001961897552359327
1073        0.001149381781478679
1074        0.0015581630078223571
1075        0.001172091849608884
1076        0.0018950290184203918
1077        0.001212465304062581
1078        0.0013070905879384329
1079        0.002740348221044668
1080        0.0011582134746404259
1081        0.00208049457481706
1082        0.001150643451930357
1083        0.0021309613928841824
1084        0.001160736815543781
1085        0.0013613424173605866
1086        0.0011998485995457996
1087        0.0020577845066868552
1088        0.0009803179409538243
1089        0.0023340903356043464
1090        0.0022407267221801687
1091        0.001390360837749182
1092        0.0017474135755740628
1093        0.0013777441332324025
1094        0.002216754983598286
1095        0.0019644208932626823
1096        0.0010194297249558437
1097        0.0019984859954579872
1098        0.002115821347464046
1099        0.0019581125410042923
1100        0.0011872318950290194
1101        0.0021965682563714383
1102        0.0017991420640928615
1103        0.0015518546555639695
1104        0.0018811506434519328
1105        0.0012541004289679544
1106        0.0013928841786525355
1107        0.0018092354277062868
1108        0.001172091849608884
1109        0.0025700227100681344
1110        0.0018950290184203897
1111        0.001578349735049207
1112        0.00203002775674994
1113        0.0019139540751955608
1114        0.0017676003028009098
1115        0.0019518041887459025
1116        0.0013701741105223337
1117        0.001216250315417615
1118        0.0019682059046177173
1119        0.002035074438556653
1120        0.0017196568256371465
1121        0.0014231642694928096
1122        0.001185970224577341
1123        0.0013714357809740088
1124        0.001617461519051225
1125        0.001332323996971993
1126        0.001666666666666669
1127        0.0010610648498612172
1128        0.002117083017915725
1129        0.0012023719404491559
1130        0.002041382790815042
1131        0.002701236437042649
1132        0.002177643199596267
1133        0.0018824123139036101
1134        0.002699974766590973
1135        0.0029624022205399993
1136        0.0021940449154680837
1137        0.0020111026999747694
1138        0.0012011102699974773
1139        0.001990915972747921
1140        0.0026507696189755265
1141        0.001477416098914966
1142        0.002530910926066113
1143        0.0023706787787030072
1144        0.0023075952561191064
1145        0.0024312389603835523
1146        0.001044663133989404
1147        0.002046429472621756
1148        0.0029195054251829468
1149        0.003156699470098414
1150        0.0014660610648498627
1151        0.0022331566994700995
1152        0.0025750693918748474
1153        0.002476659096643959
1154        0.002629321221297
1155        0.003057027504415853
1156        0.0023782488014130756
1157        0.0025258642442594053
1158        0.0017638152914458763
1159        0.0010850365884431
1160        0.001386575826394148
1161        0.0024741357557406043
1162        0.0020868029270754516
1163        0.002731516527882922
1164        0.002220539994953324
1165        0.0021776431995962696
1166        0.0021965682563714404
1167        0.0018130204390613192
1168        0.0018710572798385102
1169        0.0024653040625788594
1170        0.00192152409790563
1171        0.002482967448902351
1172        0.0010900832702498118
1173        0.0012212969972243259
1174        0.0014408276558163025
1175        0.00234418369921777
1176        0.0021461014383043187
1177        0.001214988644965936
1178        0.002181428210951301
1179        0.00335604340146354
1180        0.0012906888720666172
1181        0.00242114559677013
1182        0.0027504415846580934
1183        0.002154933131466064
1184        0.0012831188493565497
1185        0.0011884935654806967
1186        0.0021549331314660645
1187        0.002621751198586933
1188        0.0017398435528639949
1189        0.0017146101438304325
1190        0.0016363865758263956
1191        0.001709563462023721
1192        0.0016124148372445126
1193        0.0016401715871814282
1194        0.0009500378501135509
1195        0.0017865253595760822
1196        0.001421902599041132
1197        0.002214231642694932
1198        0.002206661619984861
1199        0.001814282109512997
1200        0.002308856926570783
1201        0.0016704516780217038
1202        0.0018950290184203914
1203        0.0020300277567499385
1204        0.002349230381024481
1205        0.002481705778450671
1206        0.0030532424930608147
1207        0.003077214231642698
1208        0.0012869038607115839
1209        0.002122129699722436
1210        0.0020968962906888758
1211        0.0016666666666666685
1212        0.0020010093363613452
1213        0.0018016654049962189
1214        0.001738581882412316
1215        0.001949280847842548
1216        0.0023908655059298556
1217        0.0013764824627807229
1218        0.0020022710068130223
1219        0.0029825889477668468
1220        0.002162503154176132
1221        0.0020539994953318232
1222        0.0011153166792833747
1223        0.0018041887458995734
1224        0.0018584405753217289
1225        0.002996467322735302
1226        0.0026570779712339183
1227        0.0021296997224325037
1228        0.0021284380519808258
1229        0.003174362856421906
1230        0.0032816048448145387
1231        0.001466061064849863
1232        0.0023050719152157492
1233        0.0021725965177895584
1234        0.0027416098914963436
1235        0.0016502649507948537
1236        0.002814786777693671
1237        0.0019669442341660364
1238        0.0012566237698713118
1239        0.0015682563714357828
1240        0.0017865253595760818
1241        0.0025359576078728277
1242        0.0017852636891244045
1243        0.0010862982588947779
1244        0.0012440070653545311
1245        0.0011847085541256638
1246        0.0011695685087055264
1247        0.001486247792076711
1248        0.0016893767347968735
1249        0.0023328286651526672
1250        0.0013739591218773683
1251        0.002721423164269498
1252        0.0012162503154176149
1253        0.00259020943729498
1254        0.0024867524602573826
1255        0.0024148372445117385
1256        0.002380772142316431
1257        0.0011556901337370692
1258        0.0014332576331062344
1259        0.0012805955084531937
1260        0.0018988140297754252
1261        0.0016881150643451937
1262        0.0012414837244511742
1263        0.0014622760534948281
1264        0.0013310623265203145
1265        0.0015379762805955086
1266        0.0012667171334847355
1267        0.0019215240979056337
1268        0.0025864244259399473
1269        0.0018029270754478962
1270        0.002353015392379514
1271        0.002294978551602324
1272        0.0021688115064345237
1273        0.0013171839515518562
1274        0.0015897047691143108
1275        0.0015909664395659863
1276        0.0013941458491042163
1277        0.001815543779964676
1278        0.002077971233913706
1279        0.0026722180166540545
1280        0.001862225586676762
1281        0.0032715114812011136
1282        0.0019846076204895324
1283        0.0031276810497098215
1284        0.0019480191773908662
1285        0.0010900832702498127
1286        0.0017322735301539267
1287        0.002122129699722434
1288        0.0015695180418874599
1289        0.0025246025738077256
1290        0.0014307342922028783
1291        0.0018067120868029303
1292        0.001598536462276055
1293        0.0019202624274539538
1294        0.0014118092354277055
1295        0.0019101690638405277
1296        0.0009992429977289947
1297        0.0022331566994701004
1298        0.00169820842795862
1299        0.0022533434266969526
1300        0.0011859702245773417
1301        0.002257128438051983
1302        0.0032916982084279646
1303        0.0011784002018672731
1304        0.001656573303053245
1305        0.00134620237194045
1306        0.0021814282109513037
1307        0.0019025990411304598
1308        0.0015594246782740372
1309        0.0019328791319707336
1310        0.0019316174615190544
1311        0.002071662881655314
1312        0.002205399949533186
1313        0.0026999747665909708
1314        0.0018092354277062857
1315        0.003265203128942722
1316        0.0007481705778450682
1317        0.0014938178147867794
1318        0.0014925561443350998
1319        0.0017146101438304335
1320        0.002699974766590972
1321        0.002293716881150646
1322        0.0021347464042392175
1323        0.001188493565480698
1324        0.0018256371435780995
1325        0.0013159222811001763
1326        0.0013033055765833985
1327        0.0013512490537471626
1328        0.001399192530910928
1329        0.0017133484733787563
1330        0.0015897047691143082
1331        0.0018294221549331328
1332        0.0017297501892505685
1333        0.0014711077466565746
1334        0.00134115569013374
1335        0.0017398435528639949
1336        0.0012541004289679549
1337        0.0017877870300277584
1338        0.0015177895533686617
1339        0.0011884935654806988
1340        0.0016679283371183436
1341        0.0013386323492303826
1342        0.0015644713600807471
1343        0.0014471360080746919
1344        0.0020767095634620252
1345        0.0016389099167297527
1346        0.0025876860963916274
1347        0.0019707292455210736
1348        0.0013083522583901097
1349        0.0021309613928841833
1350        0.002572546050971489
1351        0.0012705021448397701
1352        0.0014029775422659623
1353        0.0012957355538733301
1354        0.0012843805198082278
1355        0.0024400706535452985
1356        0.002342922028766089
1357        0.0020123643704264465
1358        0.003224829674489028
1359        0.00158970476911431
1360        0.0030986626293212248
1361        0.0021978299268231166
1362        0.0013600807469089102
1363        0.0025624526873580656
1364        0.0012414837244511755
1365        0.0015745647236941724
1366        0.0014547060307847615
1367        0.0015796114055008858
1368        0.0020855412566237732
1369        0.0017751703255109792
1370        0.0012175119858692921
1371        0.002310118597022461
1372        0.0013146606106485006
1373        0.0022571284380519846
1374        0.0014622760534948277
1375        0.0012351753721927847
1376        0.0012452687358062084
1377        0.0024160989149634177
1378        0.0016477416098914983
1379        0.0028778703002775717
1380        0.0019883926318445665
1381        0.0012061569518041913
1382        0.0023870804945748223
1383        0.00203002775674994
1384        0.0011380267474135775
1385        0.0019467575069391895
1386        0.0014862477920767093
1387        0.0013197072924552129
1388        0.0015278829169820874
1389        0.002216754983598287
1390        0.0016792833711834457
1391        0.00116199848599546
1392        0.0013588190764572314
1393        0.001317183951551857
1394        0.002009841029523092
1395        0.0011455967701236454
1396        0.0018016654049962185
1397        0.0012515770880646003
1398        0.0015770880645975286
1399        0.001823113802674743
1400        0.0021599798132727758
1401        0.0015316679283371192
1402        0.0012515770880646
1403        0.0013323239969719942
1404        0.001602321473631089
1405        0.0019341408024224098
1406        0.002257128438051985
1407        0.0017448902346707043
1408        0.0015140045420136284
1409        0.0018874589957103235
1410        0.0021877365632096907
1411        0.0013146606106485003
1412        0.0014988644965934891
1413        0.001346202371940452
1414        0.0014547060307847602
1415        0.0022356800403734592
1416        0.00203759777946001
1417        0.0017158718142821121
1418        0.0019543275296492572
1419        0.0014912944738834223
1420        0.0012705021448397706
1421        0.002011102699974768
1422        0.001059803179409542
1423        0.0016199848599545825
1424        0.001318445622003534
1425        0.0018180671208680322
1426        0.0015480696442089336
1427        0.0019770375977794614
1428        0.0022823618470855446
1429        0.001895029018420391
1430        0.002383295483219787
1431        0.0022028766086298283
1432        0.0020666161998486024
1433        0.001221296997224329
1434        0.0012326520312894297
1435        0.0025384809487761814
1436        0.0007898057027504422
1437        0.0012528387585162767
1438        0.0018483472117083047
1439        0.001678021700731771
1440        0.0018369921776432022
1441        0.0020868029270754507
1442        0.0016616199848599582
1443        0.0017676003028009113
1444        0.0012969972243250085
1445        0.0016553116326015673
1446        0.002007317688619736
1447        0.0011241483724451198
1448        0.0016717133484733778
1449        0.001516527882916983
1450        0.0016679283371183469
1451        0.0020842795861720936
1452        0.0017335352006056053
1453        0.0014130709058793863
1454        0.0019770375977794627
1455        0.0020211960635881953
1456        0.00230507191521575
1457        0.002115821347464046
1458        0.0028551602321473676
1459        0.0018622255866767611
1460        0.0015922281100176643
1461        0.0014080242240726742
1462        0.0016124148372445141
1463        0.0014496593489780494
1464        0.001645218268988142
1465        0.0020741862225586703
1466        0.001720918496088824
1467        0.0019429724955841565
1468        0.001517789553368662
1469        0.0013007822356800429
1470        0.001825637143578099
1471        0.0028551602321473663
1472        0.0014748927580116083
1473        0.0014748927580116094
1474        0.0013512490537471624
1475        0.0014698460762048947
1476        0.002918243754731267
1477        0.001992177643199601
1478        0.0014925561443351013
1479        0.0013651274287156206
1480        0.001597274791824377
1481        0.001216250315417615
1482        0.001984607620489531
1483        0.0026116578349735108
1484        0.0008453192026242754
1485        0.001664143325763312
1486        0.0012869038607115854
1487        0.0018155437799646742
1488        0.0015417612919505447
1489        0.0014647993943981829
1490        0.0016136765076961912
1491        0.0012843805198082278
1492        0.0011960635881907678
1493        0.0027176381529144637
1494        0.001216250315417615
1495        0.001958112541004292
1496        0.0016010598031794096
1497        0.001377744133232402
1498        0.0016994700984102966
1499        0.0017272268483472138
1500        0.0015177895533686593
1501        0.0014244259399444875
1502        0.001222558667676004
1503        0.001329800656068637
1504        0.001341155690133737
1505        0.002021196063588194
1506        0.0012313903608377507
1507        0.001625031541761294
1508        0.0014711077466565727
1509        0.001188493565480698
1510        0.0017158718142821106
1511        0.0024211455967701264
1512        0.0016010598031794118
1513        0.0021915215745647258
1514        0.0014193792581377754
1515        0.002040121120363363
1516        0.0015922281100176651
1517        0.0015064345193035614
1518        0.0017322735301539241
1519        0.00132096896290689
1520        0.0023277819833459525
1521        0.001332323996971992
1522        0.0011607368155437804
1523        0.0013272773151652814
1524        0.002423668937673483
1525        0.001940449154680799
1526        0.0018256371435780986
1527        0.0013600807469089087
1528        0.0018912440070653566
1529        0.0013726974514256893
1530        0.002524602573807726
1531        0.0016452182689881422
1532        0.0015783497350492061
1533        0.0018382538480948792
1534        0.0019303557910673767
1535        0.0019707292455210723
1536        0.0018761039616452201
1537        0.0026570779712339174
1538        0.0013525107241988432
1539        0.002221801665404998
1540        0.0024463790058036877
1541        0.002128438051980827
1542        0.0026810497098158008
1543        0.0020338127681049744
1544        0.001978299268231142
1545        0.00288417865253596
1546        0.001479939439818322
1547        0.001599798132727732
1548        0.0011910169063840549
1549        0.0016641433257633122
1550        0.0015404996214988666
1551        0.0014786777693666412
1552        0.002085541256623775
1553        0.0014256876103961673
1554        0.0020615695180418907
1555        0.001623769871309616
1556        0.0012364370426444615
1557        0.0013562957355538745
1558        0.0015341912692404776
1559        0.002009841029523091
1560        0.0016477416098914972
1561        0.0015960131213726989
1562        0.0022735301539238
1563        0.001250315417612921
1564        0.0019215240979056302
1565        0.0014673227353015406
1566        0.0011746151905122403
1567        0.0015960131213726984
1568        0.0017650769618975555
1569        0.0011632601564471369
1570        0.002399697199091599
1571        0.0024905374716124185
1572        0.002874085288922537
1573        0.0041710825132475395
1574        0.003339641685591726
1575        0.0020716628816553158
1576        0.0016792833711834502
1577        0.003349735049205154
1578        0.0011153166792833747
1579        0.0016187231895029054
1580        0.002424930608125161
1581        0.001879888973000254
1582        0.0017840020186727262
1583        0.0017133484733787559
1584        0.0022836235175372217
1585        0.0017978803936411836
1586        0.002265960131213731
1587        0.0014118092354277086
1588        0.0012843805198082287
1589        0.0017852636891244036
1590        0.002320211960635884
1591        0.0018849356548069666
1592        0.0019732525864244294
1593        0.0012856421902599053
1594        0.0010434014635377254
1595        0.001228867019934394
1596        0.0015228362351753719
1597        0.0016023214736310897
1598        0.002264698460762053
1599        0.0014055008831693175
1600        0.0018256371435781016
1601        0.0016149381781478695
1602        0.001751198586929095
1603        0.0021196063588190804
1604        0.0015796114055008843
1605        0.001357557406005553
1606        0.0017272268483472135
1607        0.00188998233661368
1608        0.002710068130204396
1609        0.0015215745647236948
1610        0.0015606863487257116
1611        0.0018369921776432015
1612        0.0017272268483472131
1613        0.0013764824627807222
1614        0.0012566237698713111
1615        0.002187736563209693
1616        0.0024854907898057056
1617        0.0013676507696189783
1618        0.001834468836739844
1619        0.0015278829169820874
1620        0.0017221801665405012
1621        0.0014458743376230142
1622        0.0014055008831693173
1623        0.0020249810749432286
1624        0.001911430734292204
1625        0.0013058289174867552
1626        0.00107872823618471
1627        0.003190764572293722
1628        0.0022344183699217813
1629        0.0013916225082008604
1630        0.003210951299520569
1631        0.001392884178652537
1632        0.001380267474135757
1633        0.0012137269745142588
1634        0.0015745647236941713
1635        0.0016262932122129722
1636        0.0017978803936411828
1637        0.0012162503154176149
1638        0.0018521322230633404
1639        0.0020375977794600073
1640        0.001347464042392128
1641        0.003325763310623269
1642        0.003401463537723949
1643        0.0014685844057532183
1644        0.0017259651778955328
1645        0.0014383043149129467
1646        0.001303305576583398
1647        0.0012969972243250078
1648        0.0018773656320969002
1649        0.0014483976785263713
1650        0.0015240979056270513
1651        0.0013373706787787058
1652        0.0013285389856169585
1653        0.0013865758263941477
1654        0.0014181175876860981
1655        0.0014711077466565746
1656        0.0013840524854907897
1657        0.001560686348725714
1658        0.0012969972243250083
1659        0.001401715871814284
1660        0.0017978803936411821
1661        0.001490032803431745
1662        0.0015833964168559178
1663        0.0014130709058793856
1664        0.0011922785768357317
1665        0.0014950794852384582
1666        0.0015001261670451707
1667        0.0020136260408781244
1668        0.0013991925309109275
1669        0.0015430229624022226
1670        0.00128942720161494
1671        0.0012490537471612443
1672        0.0013247539742619263
1673        0.0013424173605854168
1674        0.001723441836992179
1675        0.001877365632096896
1676        0.0019707292455210723
1677        0.0013739591218773664
1678        0.00331440827655817
1679        0.001310875599293467
1680        0.0015430229624022241
1681        0.0019025990411304617
1682        0.0016073681554378016
1683        0.001949280847842545
1684        0.001543022962402224
1685        0.0013373706787787037
1686        0.001341155690133738
1687        0.001387837496845827
1688        0.001917739086550596
1689        0.001589704769114309
1690        0.0015140045420136273
1691        0.0013752207923290454
1692        0.0012805955084531943
1693        0.0012477920767095653
1694        0.0016691900075700235
1695        0.001795357052737826
1696        0.0030532424930608173
1697        0.0016515266212465318
1698        0.0017146101438304344
1699        0.0023467070401211234
1700        0.002267221801665409
1701        0.001844562200353271
1702        0.0014395659853646253
1703        0.0016326015644713605
1704        0.0017259651778955346
1705        0.0030355791067373256
1706        0.0038808983093615943
1707        0.0013222306333585685
1708        0.0014635377239465067
1709        0.0012805955084531943
1710        0.0017297501892505687
1711        0.0028110017663386362
1712        0.0012515770880645984
1713        0.0019505425182942241
1714        0.0026558163007822386
1715        0.001665404996214988
1716        0.002538480948776184
1717        0.0020476911430734324
1718        0.00213348473378754
1719        0.0015291445874337651
1720        0.0017335352006056027
1721        0.0018496088821599824
1722        0.0018861973252586458
1723        0.0014067625536209952
1724        0.0018306838253848098
1725        0.0037597779460005086
1726        0.0012339137017411074
1727        0.0015997981327277326
1728        0.0025220792329043703
1729        0.0016414332576331079
1730        0.0019467575069391906
1731        0.0022445117335352055
1732        0.0019076457229371731
1733        0.0013777441332324016
1734        0.0023984355286399217
1735        0.0011645218268988174
1736        0.00252838758516276
1737        0.0023441836992177693
1738        0.002503154176129197
1739        0.0016212465304062602
1740        0.0015039111784002036
1741        0.002017411052233159
1742        0.0014370426444612681
1743        0.0022962402220540043
1744        0.002209184960888222
1745        0.0029295987887963705
1746        0.002151148120111031
1747        0.0015304062578854422
1748        0.0022117083017915737
1749        0.001728488518798891
1750        0.0019152157456472393
1751        0.0019164774160989172
1752        0.001510219530658593
1753        0.0023605854150895835
1754        0.0025460509714862506
1755        0.001975775927327784
1756        0.002495584153419132
1757        0.0012919505425182962
1758        0.0016641433257633131
1759        0.001916477416098918
1760        0.001912692404743884
1761        0.002514509210194303
1762        0.002809740095886958
1763        0.0026078728236184744
1764        0.002432500630835231
1765        0.0026431995962654577
1766        0.003271511481201116
1767        0.0017183951551854677
1768        0.0015480696442089347
1769        0.002098157961140553
1770        0.0021095129952056558
1771        0.0017461519051223825
1772        0.003718142821095132
1773        0.0015821347464042407
1774        0.0016439565985364648
1775        0.0015733030532424953
1776        0.0017045167802170098
1777        0.001498864496593492
1778        0.003941458491042142
1779        0.003417865253595762
1780        0.0015871814282109524
1781        0.0026633863234923065
1782        0.002159979813272779
1783        0.0019505425182942259
1784        0.0021625031541761324
1785        0.002249558415341917
1786        0.0029712339137017464
1787        0.0023012869038607146
1788        0.004159727479182442
1789        0.002009841029523093
1790        0.0022028766086298304
1791        0.002132223063335861
1792        0.0017385818824123163
1793        0.0031276810497098233
1794        0.0023340903356043456
1795        0.0023479687105728026
1796        0.0019896543022962444
1797        0.0024236689376734856
1798        0.0012843805198082274
1799        0.0017209184960888242
1800        0.0018723189502901868
1801        0.0019909159727479215
1802        0.0018079737572546063
1803        0.0017726469846076228
1804        0.0011178400201867296
1805        0.0016868533938935186
1806        0.0020590461771385353
1807        0.002180166540499625
1808        0.0021700731768862012
1809        0.0022218016654050017
1810        0.0017915720413827947
1811        0.0014534443603330816
1812        0.001975775927327787
1813        0.0031276810497098215
1814        0.0017751703255109818
1815        0.0024085288922533477
1816        0.002229371688115069
1817        0.00237572546050972
1818        0.0021435780974009624
1819        0.002079232904365381
1820        0.002374463790058041
1821        0.0028059550845319246
1822        0.0025927327781983403
1823        0.002818571789048707
1824        0.001848347211708304
1825        0.0020552611657834994
1826        0.0033648750946252875
1827        0.0033648750946252888
1828        0.002544789301034576
1829        0.002215493313146609
1830        0.001771385314155945
1831        0.002433762301286909
1832        0.0035061821852132263
1833        0.0016679283371183477
1834        0.002717638152914463
1835        0.00211455967701237
1836        0.0021145596770123683
1837        0.0021725965177895584
1838        0.0024312389603835523
1839        0.0023353520060560217
1840        0.0019846076204895298
1841        0.000981579611405503
1842        0.0019341408024224108
1843        0.0032614181175876925
1844        0.0021965682563714413
1845        0.0027403482210446666
1846        0.0032576331062326566
1847        0.002857683573050724
1848        0.00231895029018421
1849        0.0015581630078223597
1850        0.0029472621751198643
1851        0.002065354529396924
1852        0.0020779712339137044
1853        0.0016843300529901621
1854        0.0015997981327277317
1855        0.003155437799646738
1856        0.00281100176633864
1857        0.0013890991672975044
1858        0.002480444107998997
1859        0.0023832954832197885
1860        0.0015669947009841056
1861        0.0015152662124653044
1862        0.0019076457229371705
1863        0.001739843552863993
1864        0.0014572293716881167
1865        0.003054504163512496
1866        0.002837496845823876
1867        0.0034620237194044976
1868        0.0027176381529144633
1869        0.0017688619732525897
1870        0.0019240474388089845
1871        0.0028501135503406555
1872        0.001390360837749181
1873        0.0030620741862225657
1874        0.003528892253343432
1875        0.0019555892001009378
1876        0.0015619480191773913
1877        0.0016161998485995461
1878        0.0016086298258894795
1879        0.0037723946505172855
1880        0.003344688367398441
1881        0.002080494574817062
1882        0.001381529144587435
1883        0.0034430986626293263
1884        0.0040411304567247045
1885        0.003207166288165536
1886        0.001709563462023719
1887        0.0034658087307595283
1888        0.0023366136765076997
1889        0.002167549835982843
1890        0.0025208175624526906
1891        0.0012919505425182966
1892        0.0014345193035579132
1893        0.0015442846328538999
1894        0.002195306585919764
1895        0.0019858692909412103
1896        0.00196568256371436
1897        0.0015215745647236968
1898        0.0012641937925813801
1899        0.0020931112793338416
1900        0.0013562957355538756
1901        0.002633106232652038
1902        0.00135251072419884
1903        0.0011304567247035094
1904        0.002803431743628569
1905        0.0037093111279333864
1906        0.0017713853141559446
1907        0.0014181175876861003
1908        0.0016199848599545812
1909        0.003922533434266967
1910        0.0019581125410042923
1911        0.001944234166035835
1912        0.00434897804693414
1913        0.0015720413827908192
1914        0.002689881402977545
1915        0.0026823113802674826
1916        0.002731516527882921
1917        0.00441206156951804
1918        0.0018041887458995743
1919        0.004235427706283121
1920        0.0015745647236941737
1921        0.0017940953822861505
1922        0.0014319959626545567
1923        0.0014988644965934926
1924        0.0021738581882412363
1925        0.002428715619480194
1926        0.0027466565733030557
1927        0.0036537976280595526
1928        0.002528387585162761
1929        0.0028501135503406546
1930        0.0036361342417360596
1931        0.0014017158718142844
1932        0.0035957607872823634
1933        0.004031037093111278
1934        0.003130204390613177
1935        0.001895029018420391
1936        0.001666666666666667
1937        0.0014269492808478461
1938        0.001833207166288167
1939        0.001447136008074693
1940        0.0027605349482715145
1941        0.003479687105727986
1942        0.0015871814282109537
1943        0.0021019429724955865
1944        0.002130961392884182
1945        0.0034090335604340196
1946        0.004100428967953569
1947        0.0015783497350492079
1948        0.004444865001261669
1949        0.0010042896795357085
1950        0.004017158718142821
1951        0.004155942467827404
1952        0.0019770375977794636
1953        0.0009941963159222828
1954        0.002358062074186227
1955        0.0015657330305324276
1956        0.0020073176886197365
1957        0.0020199343931365157
1958        0.0017158718142821097
1959        0.0018685339389351515
1960        0.00153923795104719
1961        0.0016086298258894795
1962        0.0023366136765076992
1963        0.0021410547564976075
1964        0.002109512995205656
1965        0.002366893767347971
1966        0.0018622255866767635
1967        0.0024186222558667723
1968        0.0025094625283875894
1969        0.002524602573807726
1970        0.0026999747665909725
1971        0.0013878374968458273
1972        0.0022192783245016433
1973        0.0020338127681049758
1974        0.0026633863234923087
1975        0.0021120363361090124
1976        0.0023883421650265006
1977        0.0017057784506686895
1978        0.0017183951551854688
1979        0.002310118597022466
1980        0.001796618723189506
1981        0.00337118344688368
1982        0.0026570779712339204
1983        0.002703759777946004
1984        0.0029674489023467127
1985        0.002018672722684838
1986        0.0022508200857935946
1987        0.0037623012869038635
1988        0.0036916477416098913
1989        0.002069139540751959
1990        0.002638152914458747
1991        0.002134746404239217
1992        0.0018281604844814566
1993        0.002488014130709062
1994        0.0029295987887963714
1995        0.0015203128942720176
1996        0.0012276053494827187
1997        0.0013701741105223335
1998        0.001691900075700229
1999        0.001937925813777444
2000        0.0018155437799646764
2001        0.0019555892001009365
2002        0.001536714610143834
2003        0.0019240474388089856
2004        0.0025233409033560477
2005        0.002274791824375476
2006        0.001631339894019685
2007        0.0024097905627050264
2008        0.0022659601312137326
2009        0.0029636638909916763
2010        0.002676003028009089
2011        0.0029371688115064367
2012        0.002721423164269497
2013        0.0028639919253091142
2014        0.0018218521322230644
2015        0.0017915720413827921
2016        0.0015140045420136284
2017        0.001714610143830434
2018        0.0014471360080746923
2019        0.001267978803936413
2020        0.001884935654806965
2021        0.0015796114055008853
2022        0.00231138026747414
2023        0.001029523088569267
2024        0.0010118597022457758
2025        0.0021145596770123687
2026        0.001993439313651278
2027        0.0011493817814786785
2028        0.0020880645975271312
2029        0.0014067625536209971
2030        0.0015770880645975282
2031        0.0013058289174867552
2032        0.00180671208680293
2033        0.001955589200100936
2034        0.0014925561443351013
2035        0.0013184456220035352
2036        0.0018079737572546063
2037        0.002118344688367403
2038        0.0015341912692404776
2039        0.0014736310875599317
2040        0.0019164774160989183
2041        0.0013827908150391137
2042        0.0017032551097653325
2043        0.0012919505425182986
2044        0.0019366641433257673
2045        0.0020022710068130227
2046        0.0017600302800908415
2047        0.0015543779964673253
2048        0.0023706787787030072
2049        0.0020476911430734332
2050        0.002552359323744641
2051        0.0021915215745647284
2052        0.002920767095634625
2053        0.001703255109765333
2054        0.001376482462780723
2055        0.0021385314155942512
2056        0.0009689629068887227
2057        0.00266717133484734
2058        0.0018180671208680322
2059        0.0014029775422659625
2060        0.00246404239212718
2061        0.0023252586424425976
2062        0.002346707040121123
2063        0.002175119858692911
2064        0.002069139540751958
2065        0.002209184960888219
2066        0.002224325006308355
2067        0.0013159222811001804
2068        0.0018925056775170345
2069        0.0029901589704769164
2070        0.0018268988140297774
2071        0.0023126419379258163
2072        0.002369417108251328
2073        0.001985869290941208
2074        0.0018180671208680324
2075        0.002099419631592231
2076        0.0014723694171082538
2077        0.001203633610900836
2078        0.0015733030532424947
2079        0.002576331062326525
2080        0.0016767600302800916
2081        0.0017247035074438573
2082        0.002331566994700988
2083        0.0014509210194297263
2084        0.0018609639162250847
2085        0.0015556396669190022
2086        0.0015165278829169838
2087        0.001672975018925056
2088        0.001807973757254608
2089        0.0016641433257633116
2090        0.0013941458491042158
2091        0.002219278324501642
2092        0.002446379005803686
2093        0.001944234166035834
2094        0.001873580620741866
2095        0.0017158718142821112
2096        0.001632601564471362
2097        0.0019984859954579885
2098        0.0013714357809740112
2099        0.002433762301286905
2100        0.0021738581882412354
2101        0.0015076961897552384
2102        0.0016830683825384825
2103        0.0015442846328538994
2104        0.002236941710825135
2105        0.001867272268483476
2106        0.0014446126671713354
2107        0.0013222306333585687
2108        0.0014219025990411323
2109        0.0021789048700479458
2110        0.0021120363361090107
2111        0.0015707797123391376
2112        0.0017827403482210472
2113        0.0021158213474640466
2114        0.002477920767095639
2115        0.002337875346959377
2116        0.0014723694171082525
2117        0.0015367146101438322
2118        0.0018004037345445382
2119        0.002593994448650016
2120        0.00122508200857936
2121        0.0018268988140297767
2122        0.0012061569518041916
2123        0.0016679283371183456
2124        0.0016944234166035843
2125        0.0016553116326015658
2126        0.0018067120868029286
2127        0.0017385818824123156
2128        0.0017726469846076221
2129        0.002756749936916483
2130        0.002422407267221804
2131        0.0026406762553621036
2132        0.0022911935402472913
2133        0.0017284885187988934
2134        0.002628059550845324
2135        0.0020502144839767878
2136        0.0017638152914458772
2137        0.002318950290184205
2138        0.0016237698713096162
2139        0.0016161998485995472
2140        0.0017612919505425211
2141        0.0021347464042392158
2142        0.001237698713096141
2143        0.001366389099167299
2144        0.0012212969972243274
2145        0.001631339894019683
2146        0.001686853393893516
2147        0.0014837244511733555
2148        0.0015833964168559197
2149        0.0019253091092606644
2150        0.0018697956093868303
2151        0.0018231138026747452
2152        0.0019518041887459018
2153        0.0010105980317940966
2154        0.001546807973757257
2155        0.0017310118597022488
2156        0.0015291445874337638
2157        0.001691900075700229
2158        0.0019328791319707327
2159        0.0016679283371183451
2160        0.0019820842795861744
2161        0.0015468079737572572
2162        0.0019442341660358352
2163        0.0022962402220540012
2164        0.0017360585415089587
2165        0.0017638152914458778
2166        0.0024665657330305356
2167        0.001691900075700229
2168        0.002120868029270757
2169        0.0023631087559929376
2170        0.0025170325510976556
2171        0.002426192278576841
2172        0.0020918496088821645
2173        0.0020111026999747694
2174        0.0019366641433257667
2175        0.002453949028513758
2176        0.00252081756245269
2177        0.0027479182437547354
2178        0.002065354529396924
2179        0.002255866767600307
2180        0.0019126924047438815
2181        0.0012856421902599075
2182        0.002339137017411058
2183        0.0019341408024224091
2184        0.0017524602573807753
2185        0.002209184960888221
2186        0.0023971738581882456
2187        0.0021889982336613725
2188        0.002098157961140552
2189        0.0018988140297754252
2190        0.0026015644713600866
2191        0.003055765833964171
2192        0.0018836739843552882
2193        0.0022798385061821897
2194        0.001748675246025741
2195        0.0024110522331567017
2196        0.0022470350744385604
2197        0.0018748422911935437
2198        0.002308856926570784
2199        0.0017423668937673515
2200        0.0018205904617713878
2201        0.0013209689629068903
2202        0.0017373202119606375
2203        0.0011809235427706305
2204        0.0015203128942720176
2205        0.001399192530910928
2206        0.0019429724955841547
2207        0.0012869038607115837
2208        0.0019063840524854918
2209        0.0011544284632853921
2210        0.0020325510976532957
2211        0.0014004542013626067
2212        0.0014029775422659614
2213        0.0009096643956598545
2214        0.001627554882664648
2215        0.0017499369164774162
2216        0.0022722684834721213
2217        0.0019593742114559706
2218        0.0018937673479687137
2219        0.0013462023719404508
2220        0.0010585415089578605
2221        0.0012187736563209711
2222        0.002652031289427205
2223        0.00206913954075196
2224        0.0016843300529901606
2225        0.0014925561443351002
2226        0.0017108251324753994
2227        0.0020943729497855204
2228        0.0025851627554882737
2229        0.0011191016906384062
2230        0.0015430229624022222
2231        0.00191521574564724
2232        0.0016426949280847843
2233        0.0012957355538733295
2234        0.0011481201110270026
2235        0.0026469846076204928
2236        0.0019770375977794636
2237        0.0020577845066868565
2238        0.003038102447640682
2239        0.0015253595760787299
2240        0.0023038102447640683
2241        0.0015291445874337625
2242        0.0018584405753217259
2243        0.002120868029270757
2244        0.0019947009841029552
2245        0.0018912440070653562
2246        0.0012869038607115852
2247        0.0019921776431995994
2248        0.0017436285642190282
2249        0.0017776936664143346
2250        0.0022255866767600346
2251        0.002506939187484234
2252        0.0019316174615190533
2253        0.0014155942467827419
2254        0.0027756749936916534
2255        0.0020186727226848378
2256        0.0017070401211203635
2257        0.0015859197577592747
2258        0.0019240474388089856
2259        0.003251324753974266
2260        0.0020224577340398754
2261        0.002633106232652036
2262        0.001848347211708304
2263        0.0018773656320969008
2264        0.002722684834721175
2265        0.0027163764824627854
2266        0.0013550340651021968
2267        0.0016363865758263953
2268        0.002009841029523092
2269        0.0026179661872318995
2270        0.0019883926318445657
2271        0.0015556396669190026
2272        0.003035579106737324
2273        0.0010560181680545077
2274        0.003414080242240729
2275        0.00185213222306334
2276        0.0014572293716881156
2277        0.0016982084279586185
2278        0.0020792329043653824
2279        0.0020174110522331603
2280        0.0016868533938935175
2281        0.0022205399949533212
2282        0.0016565733030532443
2283        0.001814282109512996
2284        0.0015922281100176638
2285        0.0014812011102699992
2286        0.0017852636891244015
2287        0.0018962906888720676
2288        0.0019164774160989157
2289        0.0017814786777693708
2290        0.002094372949785519
2291        0.00220918496088822
2292        0.0018256371435780982
2293        0.0029535705273782513
2294        0.0020123643704264495
2295        0.0014900328034317455
2296        0.002040121120363364
2297        0.0023101185970224604
2298        0.0020426444612667194
2299        0.0016237698713096145
2300        0.0016982084279586185
2301        0.0013562957355538752
2302        0.0015947514509210203
2303        0.0014130709058793854
2304        0.0015682563714357826
2305        0.0015001261670451694
2306        0.0020779712339137066
2307        0.0015644713600807489
2308        0.0015581630078223582
2309        0.00139162250820086
2310        0.0019227857683573072
2311        0.0019101690638405264
2312        0.0015543779964673245
2313        0.0015367146101438324
2314        0.0018723189502901868
2315        0.0016136765076961916
2316        0.001550592985112291
2317        0.0013790058036840791
2318        0.0018672722684834728
2319        0.0016061064849861224
2320        0.002404743880898312
2321        0.00203633610900833
2322        0.0013550340651021962
2323        0.0011077466565733063
2324        0.002260913449407022
2325        0.0016376482462780737
2326        0.001188493565480697
2327        0.0013777441332324014
2328        0.0019417108251324777
2329        0.00139793086045925
2330        0.0014509210194297263
2331        0.0015316679283371203
2332        0.001165783497350492
2333        0.0016023214736310886
2334        0.002177643199596269
2335        0.0018597022457734057
2336        0.002028766086298263
2337        0.0017499369164774166
2338        0.0023164269492808517
2339        0.001792833711834472
2340        0.001853393893515015
2341        0.0025611910169063886
2342        0.0018357305071915245
2343        0.0022028766086298304
2344        0.0015997981327277341
2345        0.0015846580873075957
2346        0.0015972747918243763
2347        0.0021599798132727753
2348        0.0015165278829169847
2349        0.0018395155185465587
2350        0.0014812011102699981
2351        0.001679283371183448
2352        0.0020312894272016173
2353        0.0018142821095129976
2354        0.0023391370174110572
2355        0.0015064345193035577
2356        0.0019051223820338136
2357        0.0018079737572546063
2358        0.0017827403482210485
2359        0.0014786777693666445
2360        0.002104466313398944
2361        0.001573303053242494
2362        0.0014534443603330825
2363        0.001966944234166039
2364        0.001944234166035834
2365        0.0011582134746404248
2366        0.0006308352258390112
2367        0.001216250315417614
2368        0.0009866262932122145
2369        0.0014017158718142844
2370        0.0017499369164774186
2371        0.0011064849861216264
2372        0.001752460257380775
2373        0.0013171839515518564
2374        0.0018130204390613173
2375        0.0014584910421397935
2376        0.0013562957355538763
2377        0.0007759273277819844
2378        0.0011657834973504931
2379        0.0015594246782740361
2380        0.0012301286903860726
2381        0.001336109008327027
2382        0.0014572293716881173
2383        0.0014332576331062344
2384        0.0014723694171082523
2385        0.0012440070653545322
2386        0.0018041887458995743
2387        0.0014483976785263698
2388        0.0017347968710572821
2389        0.0018521322230633378
2390        0.0014711077466565748
2391        0.001993439313651277
2392        0.0020186727226848386
2393        0.0013714357809740116
2394        0.0012477920767095649
2395        0.0013525107241988416
2396        0.001400454201362605
2397        0.0014786777693666447
2398        0.0010926066111531687
2399        0.0014446126671713376
2400        0.0014433509967196592
2401        0.0017120868029270769
2402        0.001145596770123644
2403        0.0014105475649760304
2404        0.0011506434519303575
2405        0.0018382538480948797
2406        0.0013007822356800407
2407        0.0007910673732021217
2408        0.0012389603835478182
2409        0.0018798889730002536
2410        0.002177643199596267
2411        0.001855917234418371
2412        0.0016969467575069415
2413        0.0014875094625283866
2414        0.0019051223820338173
2415        0.001689376734796872
2416        0.0016944234166035843
2417        0.002331566994700988
2418        0.0025296492556144364
2419        0.0013146606106485001
2420        0.0012553620994196339
2421        0.0012465304062578865
2422        0.0014976028261418136
2423        0.0016161998485995476
2424        0.0014547060307847587
2425        0.0012364370426444621
2426        0.0012780721675498374
2427        0.001519051223820339
2428        0.0016515266212465338
2429        0.0013323239969719935
2430        0.001424425939944489
2431        0.0014294726217512006
2432        0.0015291445874337632
2433        0.001881150643451932
2434        0.00160232147363109
2435        0.0013096139288417878
2436        0.0013234923038102464
2437        0.0016149381781478682
2438        0.0017385818824123146
2439        0.0012906888720666174
2440        0.0019366641433257667
2441        0.001558163007822359
2442        0.001437042644461268
2443        0.0013752207923290454
2444        0.0013916225082008598
2445        0.0017007317688619728
2446        0.0014017158718142833
2447        0.0014029775422659627
2448        0.0012705021448397712
2449        0.001410547564976029
2450        0.001906384052485491
2451        0.0013764824627807235
2452        0.0014395659853646248
2453        0.001519051223820339
2454        0.001439565985364625
2455        0.0019366641433257658
2456        0.0013525107241988401
2457        0.001332323996971992
2458        0.0012490537471612417
2459        0.0014143325763310633
2460        0.0018546555639666928
2461        0.0015354529396921551
2462        0.001898814029775425
2463        0.0016010598031794112
2464        0.0016250315417612933
2465        0.001320968962906891
2466        0.0014496593489780486
2467        0.0015657330305324261
2468        0.0017600302800908408
2469        0.0011645218268988172
2470        0.0013853141559424698
2471        0.0010837749179914218
2472        0.0016389099167297522
2473        0.0015316679283371203
2474        0.001067373202119607
2475        0.0013714357809740106
2476        0.001394145849104215
2477        0.001853393893515015
2478        0.0012553620994196328
2479        0.001458491042139796
2480        0.0015505929851122888
2481        0.001355034065102197
2482        0.001484986121625033
2483        0.0014711077466565766
2484        0.0014130709058793858
2485        0.0013790058036840787
2486        0.001568256371435781
2487        0.0014206409285894524
2488        0.0014572293716881163
2489        0.0022079232904365412
2490        0.001984607620489529
2491        0.002060307847590211
2492        0.001838253848094881
2493        0.0017726469846076217
2494        0.0010661115316679297
2495        0.001236437042644463
2496        0.0014925561443351026
2497        0.001679283371183448
2498        0.001994700984102955
2499        0.0016767600302800922
2500        0.0016881150643451933
2501        0.0017234418369921805
2502        0.0013689124400706539
2503        0.001293212212969974
2504        0.0013323239969719918
2505        0.0013777441332324008
2506        0.001549331314660612
2507        0.0021170830179157237
2508        0.0017575069391874854
2509        0.0014547060307847596
2510        0.0013411556901337385
2511        0.0012238203381276832
2512        0.0015026495079485255
2513        0.001905122382033813
2514        0.0012869038607115847
2515        0.0011670451678021708
2516        0.001155690133737069
2517        0.0013512490537471637
2518        0.0013916225082008609
2519        0.001349987383295484
2520        0.0014042392127176398
2521        0.0015480696442089334
2522        0.0013600807469089085
2523        0.001638909916729749
2524        0.0016893767347968718
2525        0.001628816553116328
2526        0.0013462023719404503
2527        0.0016464799394398182
2528        0.0014004542013626065
2529        0.0015039111784002034
2530        0.0013285389856169591
2531        0.001228867019934394
2532        0.0016881150643451948
2533        0.0013272773151652816
2534        0.0017360585415089576
2535        0.0015278829169820861
2536        0.0018836739843552872
2537        0.0014887711329800678
2538        0.00128311884935655
2539        0.0017638152914458752
2540        0.0011304567247035096
2541        0.0015127428715619483
2542        0.0019190007570022726
2543        0.0011720918496088842
2544        0.0013651274287156208
2545        0.001328538985616958
2546        0.0012427453949028528
2547        0.0011771385314155967
2548        0.0014231642694928096
2549        0.001206156951804191
2550        0.001461014383043148
2551        0.001558163007822357
2552        0.001300782235680042
2553        0.0011922785768357304
2554        0.001565733030532426
2555        0.0014963411556901344
2556        0.0016855917234418372
2557        0.0013499873832954845
2558        0.0013714357809740112
2559        0.001044663133989403
2560        0.0014118092354277075
2561        0.001889982336613678
2562        0.0017411052233156706
2563        0.0013310623265203143
2564        0.0012086802927075465
2565        0.0013298006560686377
2566        0.0014647993943981844
2567        0.0017991420640928605
2568        0.0015972747918243772
2569        0.0013449407014887733
2570        0.0013310623265203156
2571        0.0012641937925813797
2572        0.0017398435528639925
2573        0.0014029775422659614
2574        0.0011077466565733057
2575        0.0012086802927075463
2576        0.001394145849104215
2577        0.0015291445874337651
2578        0.0013954075195558933
2579        0.0019429724955841558
2580        0.001447136008074693
2581        0.0012276053494827165
2582        0.001751198586929096
2583        0.0017411052233156712
2584        0.0014912944738834223
2585        0.0013550340651021977
2586        0.0017423668937673498
2587        0.0011582134746404254
2588        0.0011683068382538507
2589        0.0015278829169820833
2590        0.0011771385314155952
2591        0.0019366641433257647
2592        0.0013184456220035354
2593        0.0013651274287156206
2594        0.0014824627807216773
2595        0.0016149381781478697
2596        0.0013550340651021968
2597        0.0016086298258894776
2598        0.0012629321221297003
2599        0.0011784002018672738
2600        0.0007279838506182199
2601        0.0009576078728236189
2602        0.0011329800656068654
2603        0.0012604087812263434
2604        0.001151905122382035
2605        0.0012313903608377494
2606        0.001170830179157205
2607        0.0011834468836739865
2608        0.001005551349987384
2609        0.0012187736563209705
2610        0.0015947514509210199
2611        0.0012301286903860726
2612        0.0008011607368155452
2613        0.0012074186222558667
2614        0.001964420893262682
2615        0.0017890487004794356
2616        0.0017890487004794387
2617        0.0016061064849861209
2618        0.0015505929851122899
2619        0.0018243754731264202
2620        0.0016868533938935175
2621        0.0014269492808478437
2622        0.0012742871561948026
2623        0.0010408781226343684
2624        0.0009487761796618744
2625        0.0008011607368155452
2626        0.0008655059298511253
2627        0.0010370931112793364
2628        0.0008491042139793096
2629        0.0010698965430229654
2630        0.0011203633610900854
2631        0.001280595508453195
2632        0.0010042896795357072
2633        0.001030784759020947
2634        0.0010005046681806722
2635        0.000798637395912189
2636        0.000957607872823621
2637        0.0007948523845571551
2638        0.0008200857935907156
2639        0.0009916729750189277
2640        0.000799899066363867
2641        0.0008945243502397197
2642        0.0008579359071410574
