1        0.19366704161979734
2        0.360500562429696
3        0.41066929133858254
4        0.17890326209223825
5        0.4835095613048365
6        0.20289088863891994
7        0.2819628796400448
8        0.4466535433070861
9        0.5253712035995501
10        0.09511248593925739
11        0.20210348706411682
12        0.16106299212598407
13        0.5564510686164228
14        0.48697975253093345
15        0.10593925759280079
16        0.3921653543307086
17        0.1125084364454442
18        0.24602362204724393
19        0.16435883014623154
20        0.45153543307086585
21        0.3388245219347579
22        0.5872047244094489
23        0.23929696287963986
24        0.2899718785151854
25        0.47974128233970736
26        0.17431383577052847
27        0.1127615298087737
28        0.16009561304836883
29        0.11555118110236201
30        0.12781214848143968
31        0.07204724409448805
32        0.28134420697412826
33        0.37025309336332946
34        0.27989313835770524
35        0.5029133858267715
36        0.16675478065241825
37        0.2357705286839143
38        0.1710461192350954
39        0.1853712035995499
40        0.27410573678290207
41        0.18129358830146214
42        0.15167604049493796
43        0.14016872890888624
44        0.11251406074240705
45        0.25442069741282325
46        0.12106299212598412
47        0.31815523059617534
48        0.07933070866141718
49        0.5221541057367828
50        0.23019122609673764
51        0.5725759280089986
52        0.06733970753655776
53        0.49865016872890855
54        0.14267154105736762
55        0.5285095613048368
56        0.2650337457817771
57        0.5855961754780649
58        0.4708605174353206
59        0.5715916760404949
60        0.2849887514060739
61        0.4438526434195726
62        0.12179977502812132
63        0.46144544431946033
64        0.147424071991001
65        0.25781214848143974
66        0.2344881889763778
67        0.2352080989876264
68        0.36354893138357697
69        0.12114173228346443
70        0.41790776152980874
71        0.13710911136107973
72        0.36306524184476935
73        0.3588807649043867
74        0.4449325084364454
75        0.22463442069741257
76        0.053841394825646705
77        0.1636107986501686
78        0.45924071991001136
79        0.11794713160854878
80        0.00457817772778402
81        0.016647919010123757
82        0.13745219347581536
83        0.04942632170978617
84        0.23473003374578152
85        0.1366704161979751
86        0.0826546681664791
87        0.06870641169853756
88        0.5600674915635544
89        0.16904386951631029
90        0.46136107986501673
91        0.27348143982002227
92        0.1661642294713159
93        0.35544994375703026
94        0.16982002249718764
95        0.35577615298087734
96        0.41220472440944883
97        0.06754780652418436
98        0.5821372328458942
99        0.0991844769403823
100        0.1802643419572551
101        0.08802024746906617
102        0.22268278965129348
103        0.13472440944881872
104        0.5646287964004503
105        0.5224015748031497
106        0.3940044994375704
107        0.177840269966254
108        0.5379415073115861
109        0.5670697412823397
110        0.547170978627672
111        0.29970191226096726
112        0.1894431946006747
113        0.5814285714285714
114        0.5411304836895388
115        0.38231721034870625
116        0.15241844769403812
117        0.2676996625421821
118        0.5716197975253094
119        0.21158042744656896
120        0.4417322834645669
121        0.5379696287964001
122        0.42776152980877385
123        0.5755343082114736
124        0.3533802024746904
125        0.4644713160854895
126        0.26093363329583785
127        0.1188188976377951
128        0.5305343082114734
129        0.2614735658042742
130        0.5438470191226096
131        0.1766366704161978
132        0.5932564679415075
133        0.5230427446569179
134        0.46622047244094483
135        0.2716366704161979
136        0.46086614173228335
137        0.30406636670416176
138        0.2543307086614172
139        0.5691394825646793
140        0.3916366704161978
141        0.3607199100112484
142        0.10454443194600659
143        0.5531102362204723
144        0.1510404949381325
145        0.16948256467941492
146        0.21681664791901004
147        0.23813835770528674
148        0.5442800899887509
149        0.14348706411698525
150        0.14366141732283444
151        0.30898200224971856
152        0.4900674915635544
153        0.2553149606299211
154        0.2572947131608548
155        0.42947694038245204
156        0.5250731158605175
157        0.22619797525309324
158        0.5480033745781776
159        0.13728908886389182
160        0.36867266591676057
161        0.4658605174353203
162        0.41904386951631045
163        0.54859392575928
164        0.5670978627671542
165        0.37739595050618646
166        0.5432395950506185
167        0.27307649043869503
168        0.13212035995500543
169        0.25270528683914495
170        0.5912935883014621
171        0.4853374578177728
172        0.2369178852643418
173        0.3963667041619797
174        0.24656355455568046
175        0.3364679415073114
176        0.2791451068616422
177        0.10170978627671522
178        0.4693700787401578
179        0.4305793025871765
180        0.15478065241844755
181        0.2590269966254218
182        0.1774971878515184
183        0.23537120359955
184        0.1759561304836893
185        0.14276715410573662
186        0.19642857142857129
187        0.39637232845894227
188        0.11929696287963995
189        0.5216029246344207
190        0.35672103487064094
191        0.5193757030371201
192        0.1686501687289087
193        0.5554274465691791
194        0.14866704161979738
195        0.4112485939257592
196        0.44853205849268846
197        0.4987964004499439
198        0.03358830146231719
199        0.5941057367829025
200        0.09931946006749139
201        0.13975253093363313
202        0.4026321709786274
203        0.1809336332958378
204        0.5906917885264342
205        0.5824859392575928
206        0.34671541057367816
207        0.48210911136107976
208        0.1896119235095611
209        0.3942519685039366
210        0.4719628796400454
211        0.3233070866141731
212        0.5738976377952755
213        0.30146231721034855
214        0.5242294713160852
215        0.41902699662542175
216        0.5659055118110236
217        0.1930427446569178
218        0.4239145106861642
219        0.35832958380202456
220        0.14654105736782883
221        0.2791394825646792
222        0.062030371203599374
223        0.5460404949381327
224        0.5854274465691787
225        0.41507311586051726
226        0.3093982002249716
227        0.3017491563554553
228        0.5364004499437569
229        0.32194038245219325
230        0.592654668166479
231        0.5145219347581551
232        0.22020809898762636
233        0.5873003374578176
234        0.1896850393700785
235        0.04529246344206968
236        0.4546119235095613
237        0.58863329583802
238        0.1786782902137232
239        0.5879583802024745
240        0.44032620922384713
241        0.2889032620922381
242        0.30789651293588294
243        0.4593025871766028
244        0.29047244094488184
245        0.3613385826771651
246        0.2871653543307086
247        0.585
248        0.36268841394825624
249        0.22765466816647895
250        0.06644544431945999
251        0.07002249718785139
252        0.06083239595050604
253        0.15973565804274448
254        0.4817660292463441
255        0.5205905511811022
256        0.4728965129358828
257        0.565843644544432
258        0.5599043869516309
259        0.5924915635545555
260        0.5901462317210346
261        0.2933633295838019
262        0.254431946006749
263        0.4687682789651293
264        0.2119460067491561
265        0.043037120359954904
266        0.5867266591676039
267        0.4055286839145103
268        0.11717660292463422
269        0.27295838020247454
270        0.44142857142857084
271        0.49487064116985413
272        0.34060179977502797
273        0.5905849268841393
274        0.1719628796400448
275        0.5490663667041619
276        0.2630427446569178
277        0.3368391451068614
278        0.40319460067491564
279        0.21287964004499418
280        0.5394206974128233
281        0.5590607424071992
282        0.20554555680539924
283        0.16679977502812132
284        0.39077052868391426
285        0.5878683914510686
286        0.2857930258717658
287        0.01317772778402707
288        0.2309786276715408
289        0.5674971878515188
290        0.5816310461192351
291        0.22403824521934745
292        0.22291338582677156
293        0.14613610798650156
294        0.1899156355455566
295        0.08431946006749141
296        0.11293588301462303
297        0.46314960629921226
298        0.33948818897637784
299        0.5754724409448818
300        0.3254499437570303
301        0.4524859392575927
302        0.1288188976377951
303        0.3827165354330709
304        0.17997187851518542
305        0.15818897637795257
306        0.5327390326209226
307        0.1345556805399323
308        0.481102362204724
309        0.33422384701912244
310        0.269476940382452
311        0.5201912260967378
312        0.034178852643419584
313        0.016119235095613096
314        0.5475815523059622
315        0.1829527559055116
316        0.5477446569178852
317        0.5848200224971878
318        0.23100674915635527
319        0.5492407199100114
320        0.14892013498312692
321        0.4558605174353205
322        0.5886951631046117
323        0.1494713160854891
324        0.5358098987626547
325        0.27034870641169834
326        0.3872778402699661
327        0.35886951631046093
328        0.5201968503937011
329        0.1660461192350955
330        0.397620922384702
331        0.2187739032620921
332        0.17316647919010109
333        0.2381664791901011
334        0.4085208098987625
335        0.35664229471316067
336        0.48754780652418456
337        0.5808830146231719
338        0.06011248593925745
339        0.16333520809898747
340        0.1041451068616422
341        0.34663104611923484
342        0.3415016872890888
343        0.40490438695163083
344        0.5324409448818896
345        0.43075365579302577
346        0.2022722159730032
347        0.5376040494938131
348        0.478650168728909
349        0.2989820022497185
350        0.5024353205849268
351        0.5801631046119239
352        0.29200224971878513
353        0.35186726659167583
354        0.46534870641169845
355        0.1169460067491562
356        0.575928008998875
357        0.08209786276715397
358        0.4434420697412822
359        0.2769235095613046
360        0.1431946006749155
361        0.5643757030371205
362        0.4053655793025871
363        0.21388076490438673
364        0.5866197975253092
365        0.26338020247469046
366        0.15105174353205833
367        0.35014623172103476
368        0.5624128233970753
369        0.49883014623172095
370        0.5907817772778406
371        0.3683183352080989
372        0.5661361079865018
373        0.3461586051743533
374        0.2802080989876265
375        0.37880764904386943
376        0.02017435320584928
377        0.5112992125984249
378        0.16730033745781758
379        0.3083689538807647
380        0.5907649043869511
381        0.56937570303712
382        0.13432508436445428
383        0.18938695163104596
384        0.27225534308211463
385        0.5394319460067487
386        0.5893307086614169
387        0.3763835770528685
388        0.47843082114735663
389        0.38155230596175455
390        0.34219347581552284
391        0.41165354330708653
392        0.5817435320584929
393        0.5927277840269966
394        0.18684476940382436
395        0.39034870641169866
396        0.5577840269966249
397        0.0872890888638919
398        0.5758886389201348
399        0.5901968503937013
400        0.14919010123734522
401        0.2874578177727783
402        0.14753655793025852
403        0.4780596175478064
404        0.5768953880764905
405        0.36732845894263205
406        0.5469797525309332
407        0.4375196850393702
408        0.5848312710911138
409        0.09550056242969612
410        0.5881608548931382
411        0.2524746906636668
412        0.41411136107986485
413        0.4990888638920135
414        0.22821709786276692
415        0.5787570303712034
416        0.5911642294713157
417        0.5209617547806523
418        0.4960011248593926
419        0.33356580427446547
420        0.4011811023622046
421        0.5752924634420697
422        0.1348256467941506
423        0.48699100112485927
424        0.1792575928008997
425        0.5819178852643422
426        0.5534308211473562
427        0.43743532058492685
428        0.556580427446569
429        0.3039932508436444
430        0.5603712035995501
431        0.592300337457818
432        0.13791901012373436
433        0.5921822272215971
434        0.5895894263217096
435        0.3453993250843642
436        0.41891451068616414
437        0.5704724409448819
438        0.5438188976377949
439        0.5154049493813273
440        0.32956130483689533
441        0.44431946006749123
442        0.5605061867266589
443        0.2629246344206973
444        0.19158042744656906
445        0.4238638920134985
446        0.08072553430821136
447        0.5925703037120358
448        0.5908267716535431
449        0.5913610798650166
450        0.36754218222722146
451        0.5772947131608545
452        0.5815073115860517
453        0.5915579302587174
454        0.27911698537682766
455        0.5897356580427445
456        0.5786557930258718
457        0.21379077615298073
458        0.5924971878515187
459        0.5734701912260965
460        0.534825646794151
461        0.5572159730033743
462        0.5335039370078737
463        0.578599550056243
464        0.5652137232845892
465        0.5449662542182229
466        0.5812485939257591
467        0.2038188976377951
468        0.29540494938132716
469        0.48453880764904367
470        0.5217547806524183
471        0.5881102362204722
472        0.26795838020247453
473        0.13345894263217087
474        0.37747469066366707
475        0.3665129358830146
476        0.15467379077615284
477        0.4463273340832396
478        0.11127671541057352
479        0.2798537682789649
480        0.10502249718785134
481        0.5564173228346455
482        0.5906580427446568
483        0.4731214848143985
484        0.5724690663667038
485        0.5154611923509559
486        0.5162429696287966
487        0.5802193475815524
488        0.47288526434195705
489        0.2842575928008998
490        0.5775590551181101
491        0.39695163104611914
492        0.5510348706411698
493        0.19926321709786265
494        0.4196344206974129
495        0.14453318335208085
496        0.5846906636670418
497        0.27308211473565797
498        0.4842688413948255
499        0.5691619797525306
500        0.4679077615298087
501        0.18087176602924618
502        0.5129077615298084
503        0.5702249718785148
504        0.5905118110236224
505        0.36266029246344206
506        0.593740157480315
507        0.11605174353205831
508        0.5463160854893142
509        0.5193644544431945
510        0.27737907761529795
511        0.573458942632171
512        0.1666872890888638
513        0.5868222722159729
514        0.11489876265466799
515        0.4598087739032622
516        0.14632170978627657
517        0.43574240719909985
518        0.5319235095613046
519        0.4662429696287962
520        0.20407199100112472
521        0.23793588301462296
522        0.2367097862767153
523        0.5797244094488189
524        0.2716422947131608
525        0.4551631046119233
526        0.5795219347581556
527        0.3370866141732284
528        0.5405961754780652
529        0.565275590551181
530        0.21100112485939246
531        0.570838020247469
532        0.4258717660292463
533        0.14363329583802
534        0.34588301462317195
535        0.2407030371203598
536        0.592367829021372
537        0.48962879640044954
538        0.5910292463442066
539        0.5524915635545555
540        0.5568335208098987
541        0.11732845894263198
542        0.14343644544431922
543        0.5637514060742406
544        0.4766197975253091
545        0.5933745781777278
546        0.5809898762654675
547        0.5836782902137236
548        0.5919178852643419
549        0.4485095613048371
550        0.5930933633295843
551        0.5292632170978624
552        0.5904218222722161
553        0.22827896512935866
554        0.3340719910011247
555        0.4975984251968506
556        0.3701124859392575
557        0.5727896512935884
558        0.4695613048368956
559        0.377508436445444
560        0.5739988751406074
561        0.3961023622047242
562        0.5935883014623174
563        0.15809898762654653
564        0.56785151856018
565        0.1674296962879639
566        0.43658605174353177
567        0.4795838020247465
568        0.5931046119235098
569        0.17282339707536543
570        0.5544825646794149
571        0.4744881889763778
572        0.5189932508436446
573        0.5158773903262089
574        0.4717435320584928
575        0.5603824521934757
576        0.37333520809898757
577        0.15761529808773883
578        0.16944319460067472
579        0.4842238470191226
580        0.14298087739032608
581        0.2614510686164228
582        0.4181608548931381
583        0.1514004499437569
584        0.5774240719910009
585        0.2997356580427446
586        0.538723284589426
587        0.3945725534308211
588        0.5864679415073113
589        0.1617547806524183
590        0.1760292463442068
591        0.28711473565804246
592        0.42688976377952764
593        0.5407874015748033
594        0.054859392575927896
595        0.12976377952755888
596        0.4412654668166479
597        0.5644206974128233
598        0.24901012373453316
599        0.15159167604049478
600        0.15772215973003362
601        0.4292463442069743
602        0.46590551181102347
603        0.20062429696287945
604        0.35643419572553436
605        0.15252530933633282
606        0.591248593925759
607        0.2675590551181099
608        0.4299606299212597
609        0.5341901012373453
610        0.4998818897637798
611        0.5130708661417323
612        0.1429752530933632
613        0.5374859392575928
614        0.43386389201349834
615        0.23901574803149578
616        0.16900449943757015
617        0.5911529808773903
618        0.040506186726659135
619        0.5878796400449947
620        0.36335208098987615
621        0.15991001124859378
622        0.4001349831271092
623        0.18006186726659149
624        0.32924071991001114
625        0.3977784026996624
626        0.4422103487064119
627        0.47723847019122595
628        0.15114173228346442
629        0.3773959505061864
630        0.4161529808773901
631        0.15226659167604034
632        0.14183352080989864
633        0.09377952755905491
634        0.2976040494938131
635        0.590134983127109
636        0.30792463442069723
637        0.5292913385826771
638        0.36973565804274444
639        0.5142800899887514
640        0.25263779527559044
641        0.004595050618672663
642        0.2380371203599549
643        0.3029246344206973
644        0.2386276715410573
645        0.5151068616422945
646        0.5863329583802026
647        0.343397075365579
648        0.07571991001124843
649        0.15204724409448803
650        0.3497750281214849
651        0.3988976377952752
652        0.5104668166479186
653        0.48726659167604053
654        0.4242069741282336
655        0.5395331833520811
656        0.09742407199100095
657        0.44173228346456683
658        0.15046119235095598
659        0.5714679415073112
660        0.584066366704162
661        0.25361079865016867
662        0.18667041619797506
663        0.33665916760404946
664        0.11876827896512915
665        0.4434083239595051
666        0.5818335208098989
667        0.0979021372328457
668        0.577840269966254
669        0.16189538807649023
670        0.4793700787401574
671        0.4081889763779525
672        0.36773340832395945
673        0.48015748031496025
674        0.10500562429696277
675        0.1382789651293586
676        0.17958942632170963
677        0.44769966254218185
678        0.5633127109111363
679        0.32307649043869496
680        0.16094488188976364
681        0.5413217097862764
682        0.20491563554555664
683        0.356586051743532
684        0.19249156355455552
685        0.13972440944881875
686        0.1283802024746905
687        0.5624409448818897
688        0.15599550056242945
689        0.1350506186726658
690        0.5885770528683917
691        0.5609448818897632
692        0.5726152980877388
693        0.5087457817772778
694        0.1988526434195724
695        0.22191788526434178
696        0.1254836895388075
697        0.591861642294713
698        0.15242407199100094
699        0.19315523059617523
700        0.05502812148481433
701        0.11723284589426308
702        0.5720753655793025
703        0.1848481439820021
704        0.2851968503937007
705        0.4770191226096735
706        0.37403824521934753
707        0.5925478065241846
708        0.29412260967379056
709        0.5898818897637791
710        0.5752137232845892
711        0.1600056242969627
712        0.13726659167604033
713        0.057260967379077515
714        0.41293025871766026
715        0.3972947131608548
716        0.24913948256467933
717        0.45664229471316065
718        0.42940944881889753
719        0.18218785151855996
720        0.310095613048369
721        0.14605174353205838
722        0.30644544431945986
723        0.42772778402699657
724        0.3989932508436444
725        0.3756467941507311
726        0.17233970753655778
727        0.306771653543307
728        0.03734533183352076
729        0.3406130483689537
730        0.36260967379077597
731        0.20541057367829008
732        0.18491001124859385
733        0.14590551181102346
734        0.19377390326209207
735        0.5421766029246344
736        0.5919966254218224
737        0.20469066366704156
738        0.5886445444319457
739        0.0398537682789651
740        0.4144544431946005
741        0.1399831271091112
742        0.411242969628796
743        0.2925590551181102
744        0.1716479190101235
745        0.3943813273340831
746        0.2570809898762654
747        0.21984251968503926
748        0.1669235095613047
749        0.2941226096737907
750        0.5883352080989875
751        0.4911079865016872
752        0.16075365579302572
753        0.537193475815523
754        0.1599268841394824
755        0.30215973003374574
756        0.18183352080989862
757        0.5148087739032623
758        0.4068953880764905
759        0.14380202474690645
760        0.06388638920134972
761        0.29036557930258705
762        0.5918222722159733
763        0.5820078740157478
764        0.3874296962879638
765        0.5096906636670419
766        0.1746737907761528
767        0.17629358830146213
768        0.43924071991001135
769        0.5936951631046121
770        0.4548031496062993
771        0.5300899887514062
772        0.30124859392575914
773        0.5356130483689536
774        0.257795275590551
775        0.18420134983127087
776        0.4771653543307087
777        0.5759280089988749
778        0.3140494938132731
779        0.17360517435320566
780        0.4380033745781776
781        0.5711192350956127
782        0.14110236220472425
783        0.22651293588301435
784        0.5205736782902136
785        0.5185320584926882
786        0.5229021372328456
787        0.28176040494938126
788        0.3063498312710912
789        0.23934758155230568
790        0.16025309336332946
791        0.48030933633295825
792        0.14843082114735645
793        0.18596737907761504
794        0.261625421822272
795        0.36127109111361044
796        0.16870641169853756
797        0.03375703037120358
798        0.13240719910011223
799        0.3504105736782901
800        0.4503262092238471
801        0.5350956130483688
802        0.5396287964004497
803        0.583982002249719
804        0.5445725534308208
805        0.3180483689538807
806        0.28388638920134956
807        0.573616422947131
808        0.042682789651293566
809        0.12734533183352062
810        0.12507311586051728
811        0.18780652418447683
812        0.13988188976377938
813        0.26805961754780644
814        0.1504893138357704
815        0.1934870641169852
816        0.5705793025871765
817        0.45210348706411707
818        0.5156017997750278
819        0.553346456692913
820        0.49020809898762635
821        0.1534083239595049
822        0.5636951631046121
823        0.4849775028121483
824        0.1292350956130482
825        0.35549493813273336
826        0.4777671541057368
827        0.3060067491563554
828        0.24993813273340815
829        0.5570922384701911
830        0.0787007874015747
831        0.1852812148481438
832        0.5203093363329583
833        0.2610854893138355
834        0.3630539932508436
835        0.11400449943757013
836        0.12003374578177713
837        0.4717266591676038
838        0.27934195725534294
839        0.574195725534308
840        0.5686951631046118
841        0.5512823397075364
842        0.44370078740157454
843        0.5485433070866144
844        0.03681102362204718
845        0.5062317210348705
846        0.3058942632170979
847        0.3538638920134985
848        0.1368785151856016
849        0.17822272215972995
850        0.28890888638920126
851        0.39501687289088855
852        0.3923059617547803
853        0.5840326209223844
854        0.35764341957255325
855        0.4687120359955004
856        0.5904893138357705
857        0.11183352080989856
858        0.44540494938132724
859        0.4886445444319461
860        0.27821147356580417
861        0.2440438695163103
862        0.18147356580427423
863        0.26506749156355436
864        0.5192125984251964
865        0.27189538807649016
866        0.31658042744656906
867        0.1354443194600673
868        0.15832958380202464
869        0.32127109111361074
870        0.2287682789651291
871        0.09582114735658029
872        0.35796962879640026
873        0.31102362204724393
874        0.4547356580427444
875        0.15208098987626528
876        0.1757705286839144
877        0.15492125984251948
878        0.18577052868391428
879        0.12843644544431926
880        0.1550168728908885
881        0.08802587176602909
882        0.308869516310461
883        0.16317210348706396
884        0.05821709786276708
885        0.11764341957255327
886        0.16077615298087727
887        0.057688413948256335
888        0.0637176602924633
889        0.0015748031496062979
