1        0.4647469066366702
2        0.732620922384701
3        0.7252812148481427
4        0.5273284589426317
5        0.7559561304836887
6        0.5582283464566923
7        0.6347075365579294
8        0.7604949381327324
9        0.7630033745781765
10        0.3217885264341956
11        0.5046906636670412
12        0.471383577052868
13        0.758875140607423
14        0.756124859392575
15        0.37936445444319433
16        0.7339595050618658
17        0.32154105736782895
18        0.5815016872890881
19        0.42592238470191185
20        0.760573678290213
21        0.6986557930258709
22        0.7641901012373442
23        0.6646962879640037
24        0.641546681664791
25        0.7568222722159722
26        0.49408323959505007
27        0.3570134983127106
28        0.49031496062992086
29        0.38041057367828984
30        0.340832395950506
31        0.35749156355455547
32        0.663914510686163
33        0.7176152980877377
34        0.6026940382452188
35        0.7398818897637786
36        0.4548537682789648
37        0.5865073115860515
38        0.31057367829021365
39        0.5131102362204717
40        0.5053712035995497
41        0.36313273340832386
42        0.4786164229471309
43        0.3180258717660292
44        0.3181946006749155
45        0.6795331833520799
46        0.34446569178852626
47        0.6772722159730021
48        0.2796512935883013
49        0.7519291338582665
50        0.6258267716535425
51        0.7639201349831256
52        0.2269122609673789
53        0.7570134983127097
54        0.47394825646794103
55        0.7636614173228334
56        0.6147131608548925
57        0.7631946006749146
58        0.7547694038245207
59        0.7656299212598414
60        0.7043644544431937
61        0.7337064116985366
62        0.32139482564679406
63        0.7264623172103475
64        0.3897919010123732
65        0.507497187851518
66        0.5202305961754775
67        0.5518335208098982
68        0.6503318335208093
69        0.441197975253093
70        0.7224128233970741
71        0.3979415073115857
72        0.6720866141732276
73        0.6303262092238463
74        0.7318053993250829
75        0.5842294713160847
76        0.33819460067491536
77        0.376338582677165
78        0.7332395950506176
79        0.3627615298087737
80        0.05949943757030357
81        0.10516872890888626
82        0.4877952755905505
83        0.21544994375703017
84        0.5287457817772773
85        0.3442913385826769
86        0.33138920134983096
87        0.36191788526434165
88        0.7630764904386939
89        0.3601687289088861
90        0.7482170978627661
91        0.6051181102362199
92        0.3445950506186726
93        0.6378796400449938
94        0.29951631046119215
95        0.7067660292463432
96        0.720838020247468
97        0.352935883014623
98        0.7635826771653533
99        0.3325928008998875
100        0.5049212598425192
101        0.29962879640044987
102        0.5200562429696283
103        0.3189763779527557
104        0.7635208098987616
105        0.7424859392575912
106        0.687958380202474
107        0.3551743532058491
108        0.7599831271091101
109        0.7604049493813261
110        0.7631327334083232
111        0.5819572553430816
112        0.5041619797525303
113        0.7639032620922372
114        0.7490326209223832
115        0.6546231721034864
116        0.32673228346456684
117        0.5310011248593923
118        0.7631833520809885
119        0.42511811023622026
120        0.7424578177727773
121        0.7552868391451057
122        0.7221653543307073
123        0.7630764904386939
124        0.66523622047244
125        0.7249662542182216
126        0.5721709786276709
127        0.3255736782902136
128        0.7560123734533171
129        0.5281327334083233
130        0.7650956130483678
131        0.29784589426321695
132        0.7636332958380195
133        0.7555399325084352
134        0.7098031496062981
135        0.6144769403824514
136        0.7036670416197963
137        0.6612823397075354
138        0.5351124859392569
139        0.7638863892013487
140        0.6146062992125975
141        0.6503712035995496
142        0.3133577052868389
143        0.7596231721034857
144        0.34859392575928
145        0.3628965129358829
146        0.48173228346456654
147        0.5261754780652416
148        0.7639257592800892
149        0.3639426321709784
150        0.3449775028121483
151        0.6077952755905507
152        0.745365579302586
153        0.48170978627671474
154        0.5747019122609669
155        0.6838807649043861
156        0.7633633295838006
157        0.48827334083239526
158        0.7595444319460056
159        0.3558042744656917
160        0.6332677165354321
161        0.7452755905511796
162        0.7410011248593915
163        0.75990438695163
164        0.7651406074240705
165        0.6294431946006744
166        0.7599550056242959
167        0.5467322834645661
168        0.46275028121484774
169        0.5322553430821142
170        0.76320584926884
171        0.7450506186726648
172        0.5427109111361076
173        0.7016479190101228
174        0.4718222722159724
175        0.6255118110236214
176        0.5123622047244091
177        0.24605174353205833
178        0.706743532058492
179        0.6635939257592794
180        0.4620416197975249
181        0.5736332958380197
182        0.3666929133858266
183        0.5626265466816648
184        0.3053093363329582
185        0.4032170978627667
186        0.39728346456692876
187        0.6875984251968495
188        0.3373565804274465
189        0.759060742407198
190        0.6768222722159719
191        0.755376827896512
192        0.3749493813273338
193        0.7637401574803139
194        0.32840832395950487
195        0.7185151856017988
196        0.7361979752530924
197        0.7473565804274455
198        0.23400449943757007
199        0.7632789651293579
200        0.24933070866141718
201        0.3186726659167604
202        0.6875421822272207
203        0.3300731158605172
204        0.7640944881889744
205        0.7631889763779518
206        0.6699268841394819
207        0.7363723284589418
208        0.3487176602924634
209        0.7125703037120351
210        0.7413048368953871
211        0.6465129358830142
212        0.7646681664791888
213        0.563391451068616
214        0.748931383577052
215        0.6980202474690652
216        0.7601012373453306
217        0.41379640044994337
218        0.6675871766029237
219        0.6916197975253084
220        0.44417322834645645
221        0.5938357705286833
222        0.14271091113610782
223        0.760179977502811
224        0.7655118110236211
225        0.7343532058492677
226        0.6554105736782896
227        0.6261473565804268
228        0.7593532058492678
229        0.5774353205849261
230        0.7627671541057356
231        0.749060742407198
232        0.5390438695163099
233        0.763880764904386
234        0.48966816647918987
235        0.18043869516310443
236        0.7447694038245208
237        0.7650112485939244
238        0.3985151856017995
239        0.7644600674915624
240        0.713312710911135
241        0.5733014623172096
242        0.6045781777277836
243        0.734893138357704
244        0.5215016872890882
245        0.6855061867266581
246        0.5367154105736777
247        0.7629471316085477
248        0.6610348706411687
249        0.479983127109111
250        0.3483689538807646
251        0.2847975253093362
252        0.1959617547806522
253        0.3519291338582676
254        0.7372665916760394
255        0.7603768278965117
256        0.7412204724409441
257        0.7586557930258708
258        0.7593813273340819
259        0.7644544431945997
260        0.7640326209223833
261        0.6004049493813265
262        0.5267716535433066
263        0.703413948256467
264        0.43710911136107944
265        0.16903824521934738
266        0.7638695163104599
267        0.7380652418447682
268        0.28320584926884124
269        0.5124071991001121
270        0.7165916760404941
271        0.7600674915635537
272        0.6336839145106854
273        0.7631608548931372
274        0.4579865016872888
275        0.7615073115860507
276        0.5457649043869511
277        0.6183745781777273
278        0.717019122609673
279        0.3449606299212597
280        0.7554724409448808
281        0.7646512935883004
282        0.46515185601799713
283        0.3939876265466814
284        0.7018335208098979
285        0.7653093363329571
286        0.5096119235095606
287        0.05951631046119227
288        0.5344656917885258
289        0.7645950506186711
290        0.7637851518560166
291        0.5144713160854891
292        0.46741282339707474
293        0.341529808773903
294        0.3521934758155229
295        0.25749718785151837
296        0.35182789651293567
297        0.6967097862767146
298        0.6855680539932498
299        0.764251968503936
300        0.5252812148481436
301        0.7374915635545547
302        0.3349381327334081
303        0.7094994375703025
304        0.35291338582677134
305        0.3778515185601797
306        0.744516310461191
307        0.4169741282339705
308        0.7240101237345324
309        0.6249437570303704
310        0.5001181102362202
311        0.760877390326208
312        0.10932508436445426
313        0.03640607424071991
314        0.7531833520809884
315        0.4124521934758153
316        0.7351799775028113
317        0.7641563554555667
318        0.5660348706411692
319        0.7438357705286827
320        0.348397075365579
321        0.7134251968503926
322        0.7625871766029237
323        0.3636951631046116
324        0.75717097862767
325        0.5119741282339701
326        0.6741788526434188
327        0.7120191226096729
328        0.7371541057367814
329        0.3259055118110234
330        0.6385489313835763
331        0.4848650168728907
332        0.3788976377952754
333        0.46289088863891964
334        0.6919347581552295
335        0.6394600674915629
336        0.7213835770528674
337        0.7631383577052862
338        0.21105174353205836
339        0.3327334083239593
340        0.29125984251968495
341        0.6734476940382441
342        0.6579640044994369
343        0.6955343082114726
344        0.750736782902136
345        0.6861023622047238
346        0.34838582677165325
347        0.7385770528683906
348        0.7356917885264335
349        0.5094150731158599
350        0.7336276715410557
351        0.7626996625421808
352        0.49034870641169787
353        0.6306805399325078
354        0.7050787401574793
355        0.3178346456692913
356        0.7649662542182216
357        0.2731439820022496
358        0.7068728908886377
359        0.5123284589426317
360        0.2902699662542181
361        0.7604836895388067
362        0.6652868391451059
363        0.42066366704161945
364        0.7644263217097849
365        0.5230371203599544
366        0.3285151856017996
367        0.6189482564679408
368        0.761563554555679
369        0.6967154105736775
370        0.7639313835770516
371        0.6106524184476936
372        0.7638920134983112
373        0.6446850393700782
374        0.552502812148481
375        0.6791451068616413
376        0.16328458942632143
377        0.746766029246343
378        0.2720866141732283
379        0.5915635545556797
380        0.7641451068616412
381        0.7634701912260954
382        0.3596794150731155
383        0.5191619797525303
384        0.5787401574803144
385        0.7485995500562417
386        0.7628346456692898
387        0.6338245219347574
388        0.7348087739032614
389        0.6392969628796393
390        0.6303262092238461
391        0.6800787401574793
392        0.7621091113610787
393        0.7628965129358821
394        0.31891451068616417
395        0.6828796400449937
396        0.7561304836895377
397        0.31355455568053975
398        0.7639538807649037
399        0.7633858267716525
400        0.2841451068616421
401        0.5429640044994369
402        0.31802587176602903
403        0.7234758155230581
404        0.7638920134983113
405        0.6793869516310452
406        0.7536276715410561
407        0.7070359955005614
408        0.7638188976377941
409        0.2610011248593924
410        0.7649043869516301
411        0.5344094488188972
412        0.684707536557929
413        0.7602193475815511
414        0.49674353205849203
415        0.7640944881889749
416        0.7638751406074227
417        0.7565579302587168
418        0.7444994375703022
419        0.6387401574803144
420        0.7180483689538799
421        0.7629358830146219
422        0.3061079865016872
423        0.7423509561304827
424        0.4588301462317205
425        0.7630877390326198
426        0.7601631046119224
427        0.6717829021372317
428        0.7583295838020239
429        0.5444319460067486
430        0.7620134983127091
431        0.7626434195725524
432        0.36320022497187826
433        0.7619685039370068
434        0.7634195725534298
435        0.5921597300337452
436        0.7003880764904379
437        0.762840269966253
438        0.7377840269966245
439        0.7245331833520797
440        0.6214566929133853
441        0.7128683914510678
442        0.7627840269966242
443        0.5386389201349826
444        0.4172328458942629
445        0.7386332958380195
446        0.2263329583802023
447        0.7634195725534297
448        0.7627952755905502
449        0.7639257592800885
450        0.6343813273340823
451        0.7647300337457805
452        0.7642632170978614
453        0.7630146231721026
454        0.5795331833520802
455        0.7641451068616409
456        0.7605061867266579
457        0.4923565804274461
458        0.7628121484814391
459        0.7640663667041607
460        0.7565410573678275
461        0.7621203599550046
462        0.7611867266591661
463        0.7584308211473556
464        0.7635939257592788
465        0.7635320584926875
466        0.763678290213722
467        0.5180877390326206
468        0.5925928008998868
469        0.7274521934758148
470        0.7592688413948244
471        0.7649212598425187
472        0.5624128233970745
473        0.38774465691788507
474        0.6759167604049483
475        0.6162148481439814
476        0.3642238470191224
477        0.729381327334082
478        0.3231889763779525
479        0.6277221597300331
480        0.33257592800899877
481        0.7571203599550046
482        0.7624071991001117
483        0.7396962879640031
484        0.7635939257592791
485        0.7528065241844757
486        0.7528683914510674
487        0.7595388076490428
488        0.727986501687288
489        0.5461136107986495
490        0.764791901012372
491        0.672255343082114
492        0.7627840269966244
493        0.3486051743532056
494        0.7003824521934752
495        0.33699100112485914
496        0.7625084364454432
497        0.5509167604049487
498        0.7412767154105724
499        0.7630202474690652
500        0.7295894263217089
501        0.37534308211473527
502        0.7455680539932495
503        0.7634083239595039
504        0.7631102362204714
505        0.6382677165354325
506        0.7641282339707521
507        0.3073509561304836
508        0.7587120359954993
509        0.7620978627671527
510        0.5925646794150724
511        0.7640719910011241
512        0.33294150731158595
513        0.7612935883014607
514        0.3063160854893137
515        0.7575028121484805
516        0.3136951631046117
517        0.6728065241844762
518        0.7433858267716522
519        0.686169853768278
520        0.34430258717660295
521        0.546456692913385
522        0.5327896512935877
523        0.7639257592800885
524        0.5420416197975245
525        0.7236501687289078
526        0.7586220472440932
527        0.5647975253093357
528        0.752159730033745
529        0.7638357705286828
530        0.413622047244094
531        0.752688413948255
532        0.7266029246344197
533        0.3744263217097861
534        0.6576659167604041
535        0.5546794150731152
536        0.7647694038245205
537        0.7451574803149594
538        0.7655793025871754
539        0.7530539932508422
540        0.7582902137232833
541        0.31081552305961735
542        0.25093925759280056
543        0.765179977502811
544        0.7162879640044985
545        0.7634983127109102
546        0.7638976377952743
547        0.7632677165354318
548        0.7620922384701898
549        0.7217322834645659
550        0.7637682789651282
551        0.7541057367829015
552        0.7621372328458933
553        0.3864510686164227
554        0.6385601799775017
555        0.7413329583802012
556        0.7027277840269954
557        0.7635770528683905
558        0.7547862767154093
559        0.5746681664791895
560        0.7644319460067485
561        0.6553599550056235
562        0.7625871766029239
563        0.3524690663667041
564        0.7658155230596164
565        0.35569178852643396
566        0.6629921259842508
567        0.7551743532058478
568        0.763914510686163
569        0.3170078740157478
570        0.7524971878515171
571        0.7460629921259833
572        0.7219291338582668
573        0.7558436445444311
574        0.7404274465691779
575        0.7564454443194587
576        0.6344881889763773
577        0.3172778402699661
578        0.3325534308211472
579        0.7283802024746896
580        0.3569291338582676
581        0.5128008998875135
582        0.714398200224971
583        0.37170978627671547
584        0.7623115860517424
585        0.5310461192350953
586        0.7514735658042733
587        0.7091169853768268
588        0.7630483689538795
589        0.3146287964004497
590        0.3407536557930257
591        0.5309673790776148
592        0.7116704161979743
593        0.7561586051743522
594        0.11534870641169837
595        0.3522047244094487
596        0.708363329583801
597        0.757604049493812
598        0.5010404949381324
599        0.345084364454443
600        0.3674521934758153
601        0.6868503937007863
602        0.7292969628796393
603        0.30580427446569164
604        0.646518560179977
605        0.31367829021372323
606        0.7620359955005614
607        0.5262092238470188
608        0.7292069741282328
609        0.7598256467941493
610        0.7247300337457806
611        0.7487345331833509
612        0.32142294713160846
613        0.7550674915635534
614        0.6912148481439812
615        0.5099437570303703
616        0.33626546681664776
617        0.7616760404949368
618        0.15120922384701888
619        0.7640494938132723
620        0.630624296962879
621        0.3028965129358829
622        0.6848368953880757
623        0.344859392575928
624        0.6384870641169847
625        0.7114623172103474
626        0.6721372328458933
627        0.7601124859392566
628        0.3719853768278963
629        0.6604386951631039
630        0.6712485939257588
631        0.27965691788526426
632        0.30096737907761517
633        0.26133295838020226
634        0.5665185601799769
635        0.7634701912260958
636        0.6429133858267707
637        0.75502249718785
638        0.6424128233970747
639        0.7401349831271081
640        0.5510742407199093
641        0.064201349831271
642        0.5185883014623167
643        0.631732283464566
644        0.5510461192350948
645        0.7480596175478054
646        0.7608211473565796
647        0.6616816647918998
648        0.2465748031496062
649        0.4064623172103483
650        0.6566366704161973
651        0.6570528683914502
652        0.7577390326209212
653        0.7012373453318326
654        0.6842632170978618
655        0.7520866141732274
656        0.2755736782902136
657        0.7180989876265454
658        0.33273340832395926
659        0.7644150731158587
660        0.7624859392575922
661        0.526991001124859
662        0.3877952755905509
663        0.5988076490438687
664        0.2840832395950505
665        0.7409617547806512
666        0.7637514060742396
667        0.2808942632170977
668        0.7623228346456681
669        0.40576490438695123
670        0.7324634420697401
671        0.7097131608548921
672        0.6255624296962872
673        0.7561867266591663
674        0.31143419572553427
675        0.3116141732283461
676        0.3362148481439818
677        0.6873790776152969
678        0.7594206974128224
679        0.64953318335208
680        0.3523453318335207
681        0.7549606299212585
682        0.5362317210348703
683        0.6340213723284581
684        0.37571991001124827
685        0.283166479190101
686        0.3636107986501685
687        0.7647356580427435
688        0.3908886389201346
689        0.37437007874015715
690        0.7643250843644529
691        0.7625309336332946
692        0.7630821147356568
693        0.7321203599550045
694        0.47932508436445387
695        0.36302024746906625
696        0.35944319460067475
697        0.7641001124859378
698        0.32843082114735644
699        0.43330146231720995
700        0.21078740157480294
701        0.32614173228346444
702        0.7641788526434184
703        0.37517435320584913
704        0.5605343082114728
705        0.732845894263216
706        0.6407536557930251
707        0.7640551181102347
708        0.5687682789651288
709        0.7635264341957244
710        0.763217097862766
711        0.32914510686164206
712        0.3411586051743531
713        0.1540888638920133
714        0.6734026996625413
715        0.6788582677165342
716        0.5395331833520803
717        0.7448368953880755
718        0.7034476940382443
719        0.43890888638920117
720        0.6725028121484806
721        0.32206411698537674
722        0.5537232845894258
723        0.6984308211473558
724        0.691124859392575
725        0.6851237345331822
726        0.35149606299212593
727        0.49716535433070796
728        0.15112485939257578
729        0.7043307086614163
730        0.6720359955005616
731        0.34861642294713135
732        0.32118110236220443
733        0.3026377952755904
734        0.5158773903262087
735        0.7478233970753644
736        0.7642969628796387
737        0.3894150731158603
738        0.7643194600674903
739        0.20855455568053974
740        0.6658042744656909
741        0.3138863892013497
742        0.7023397075365572
743        0.5887851518560175
744        0.3600787401574801
745        0.6697975253093353
746        0.5088582677165349
747        0.49011811023621993
748        0.3216029246344205
749        0.5628346456692905
750        0.7634083239595039
751        0.7491169853768267
752        0.3211248593925759
753        0.7525815523059605
754        0.36326209223846995
755        0.4972272215972998
756        0.38957817772778375
757        0.7466872890888626
758        0.6765748031496054
759        0.37062429696287935
760        0.24931383577052857
761        0.6099212598425191
762        0.7626377952755896
763        0.7624803149606285
764        0.6643250843644534
765        0.7240494938132724
766        0.38598987626546644
767        0.2732789651293587
768        0.6875028121484806
769        0.7627559055118099
770        0.7093082114735648
771        0.7588582677165345
772        0.6072047244094482
773        0.7612935883014608
774        0.5739820022497183
775        0.3024465691788526
776        0.735641169853767
777        0.7632508436445434
778        0.6147075365579295
779        0.5123678290213719
780        0.7342800899887503
781        0.7628177727784017
782        0.31300337457817745
783        0.4890494938132726
784        0.7365523059617536
785        0.7608661417322824
786        0.7592744656917871
787        0.5085826771653541
788        0.5344825646794144
789        0.5323397075365576
790        0.3450056242969627
791        0.7162542182227212
792        0.35955568053993225
793        0.31035433070866125
794        0.5078683914510677
795        0.6647131608548925
796        0.2829077615298087
797        0.15827896512935868
798        0.3299381327334083
799        0.6336276715410568
800        0.7032845894263205
801        0.7609392575927992
802        0.7645444319460053
803        0.76320584926884
804        0.758554555680539
805        0.6362317210348698
806        0.6165185601799767
807        0.7645500562429685
808        0.12731721034870624
809        0.3216816647919009
810        0.3683520809898761
811        0.3937626546681662
812        0.34807086614173216
813        0.49601237345331795
814        0.32492688413948245
815        0.505624296962879
816        0.7524690663667032
817        0.7029246344206964
818        0.7516704161979741
819        0.759718785151855
820        0.7452699662542169
821        0.34468503937007855
822        0.764285714285713
823        0.7460573678290201
824        0.326490438695163
825        0.6656692913385818
826        0.7243082114735653
827        0.5984645669291335
828        0.48465691788526377
829        0.7624071991001113
830        0.2533014623172102
831        0.4256524184476937
832        0.7638357705286832
833        0.5245331833520802
834        0.6809111361079853
835        0.3216535433070865
836        0.3482677165354328
837        0.7285658042744646
838        0.5612204724409441
839        0.7642688413948246
840        0.7604105736782888
841        0.764431946006748
842        0.6969010123734525
843        0.764718785151855
844        0.15814398200224955
845        0.7556242969628784
846        0.633560179977502
847        0.626591676040494
848        0.32903262092238456
849        0.35632170978627664
850        0.550168728908886
851        0.6541169853768274
852        0.6596231721034864
853        0.7657424071990989
854        0.6618503937007866
855        0.7212429696287954
856        0.7626940382452183
857        0.313543307086614
858        0.7366591676040486
859        0.7558830146231711
860        0.48928008998875094
861        0.5042688413948253
862        0.49728908886389156
863        0.5425140607424068
864        0.7447525309336323
865        0.573059617547806
866        0.5046287964004496
867        0.3639651293588301
868        0.320646794150731
869        0.6343869516310456
870        0.462086614173228
871        0.3260404949381327
872        0.6612992125984246
873        0.6191844769403816
874        0.7087682789651282
875        0.3320922384701911
876        0.3599550056242969
877        0.3364116985376826
878        0.41392575928008957
879        0.3562823397075364
880        0.32613610798650167
881        0.27195725534308185
882        0.5541788526434192
883        0.3404780652418447
884        0.1926434195725532
885        0.3145331833520808
886        0.3572553430821145
887        0.26494375703037104
888        0.19649043869516292
889        0.021282339707536554
