1        0.0015016872890888627
2        0.0016760404949381332
3        0.0017941507311586052
4        0.0012598425196850354
5        0.0024353205849268864
6        0.0013723284589426301
7        0.001507311586051743
8        0.0027615298087739055
9        0.002007874015748032
10        0.0012092238470191184
11        0.0014060742407199082
12        0.0012485939257592762
13        0.0028177727784027013
14        0.002170978627671545
15        0.0012373453318335168
16        0.0016422947131608553
17        0.001169853768278961
18        0.0014116985376827888
19        0.0013667041619797513
20        0.0020022497187851544
21        0.0021878515185601824
22        0.004572553430821149
23        0.0015860517435320573
24        0.0014454443194600675
25        0.002170978627671542
26        0.0013723284589426301
27        0.001327334083239592
28        0.0012767154105736748
29        0.0012935883014623143
30        0.0012710911136107953
31        0.0012092238470191184
32        0.0013892013498312695
33        0.0018447694038245242
34        0.001321709786276712
35        0.003014623172103485
36        0.0013554555680539903
37        0.0016872890888638952
38        0.0013273340832395933
39        0.0012317210348706373
40        0.0017941507311586109
41        0.001169853768278961
42        0.0013610798650168698
43        0.0015635545556805424
44        0.001237345331833517
45        0.00172665916760405
46        0.001299212598425194
47        0.0016535433070866135
48        0.0012092238470191186
49        0.0020472440944881943
50        0.0017885264341957255
51        0.003481439820022497
52        0.0011642294713160816
53        0.002182227221597303
54        0.0013329583802024717
55        0.0019516310461192377
56        0.001451068616422945
57        0.004212598425196854
58        0.0017097862767154126
59        0.0036557930258717653
60        0.001535433070866141
61        0.001597300337457819
62        0.0012092238470191182
63        0.0018672665916760415
64        0.0012654668166479151
65        0.002289088863892022
66        0.0012823397075365538
67        0.0014791901012373453
68        0.002024746906636674
69        0.001265466816647915
70        0.0019910011248593963
71        0.0014623172103487062
72        0.0016197975253093371
73        0.0033858267716535407
74        0.0019797525309336343
75        0.0013835770528683893
76        0.0013217097862767125
77        0.0012823397075365543
78        0.0020922384701912264
79        0.0012148481439819981
80        0.0012148481439819981
81        0.001248593925759276
82        0.0012429696287963963
83        0.0011754780652418406
84        0.0014510686164229466
85        0.0012598425196850354
86        0.0012373453318335168
87        0.001271091113610795
88        0.0025871766029246374
89        0.0014116985376827883
90        0.0019010123734533218
91        0.0015973003374578193
92        0.001332958380202472
93        0.0017604049493813308
94        0.0012542182227221557
95        0.0015691788526434203
96        0.0015410573678290226
97        0.0012317210348706368
98        0.0031214848143982037
99        0.001287964004499433
100        0.001332958380202472
101        0.001175478065241841
102        0.001338582677165352
103        0.001169853768278961
104        0.0033464566929133866
105        0.002092238470191229
106        0.0018953880764904431
107        0.0012654668166479151
108        0.002739032620922387
109        0.0028008998875140635
110        0.002277840269966257
111        0.0013273340832395922
112        0.0013329583802024726
113        0.004572553430821149
114        0.0021034870641169893
115        0.0015073115860517428
116        0.001231721034870637
117        0.001327334083239592
118        0.0038526434195725536
119        0.0012148481439819981
120        0.0021991001124859453
121        0.002660292463442071
122        0.0016254218222722177
123        0.0028515185601799787
124        0.0014679415073115846
125        0.002047244094488189
126        0.0014566929133858265
127        0.001231721034870637
128        0.0024859392575928042
129        0.001287964004499434
130        0.0033239595050618648
131        0.0012204724409448778
132        0.011006749156355446
133        0.0028852643419572613
134        0.002542182227221604
135        0.0013554555680539912
136        0.0018560179977502834
137        0.0014173228346456687
138        0.0012992125984251932
139        0.004865016872890883
140        0.0014454443194600664
141        0.0014566929133858248
142        0.0011698537682789608
143        0.0023340832395950515
144        0.001287964004499434
145        0.0012148481439819983
146        0.0013273340832395924
147        0.0014004499437570296
148        0.003188976377952761
149        0.0013723284589426301
150        0.001293588301462314
151        0.001366704161979751
152        0.0019966254218222743
153        0.0015691788526434203
154        0.001451068616422947
155        0.002817772778402706
156        0.002137232845894266
157        0.0012879640044994342
158        0.0032283464566929166
159        0.0012148481439819981
160        0.001895388076490444
161        0.0020922384701912303
162        0.0016197975253093363
163        0.002694038245219349
164        0.0034870641169853778
165        0.0017266591676040521
166        0.003560179977502811
167        0.0013835770528683904
168        0.0013104611923509526
169        0.0015241844769403828
170        0.010798650168728906
171        0.002114735658042746
172        0.0014510686164229466
173        0.0015691788526434195
174        0.0016816647919010133
175        0.0015973003374578176
176        0.0013554555680539914
177        0.00118110236220472
178        0.0016760404949381347
179        0.002283464566929141
180        0.0013217097862767127
181        0.0016591676040494969
182        0.0011754780652418408
183        0.0015185601799775033
184        0.0012092238470191186
185        0.0012992125984251932
186        0.0013104611923509533
187        0.0015016872890888633
188        0.0012204724409448774
189        0.0018616422947131616
190        0.0014229471316085476
191        0.0052530933633295794
192        0.0013723284589426308
193        0.003267716535433068
194        0.0013779527559055103
195        0.0018953880764904399
196        0.0020584926884139516
197        0.0038357705286839144
198        0.001203599550056239
199        0.0064848143982002135
200        0.0011923509561304797
201        0.001271091113610795
202        0.0028796400449943816
203        0.0016816647919010112
204        0.014955005624296958
205        0.003847019122609675
206        0.0023790776152980957
207        0.002204724409448823
208        0.0012373453318335165
209        0.002879640044994372
210        0.0019235095613048415
211        0.0020416197975253133
212        0.0053205849268841395
213        0.0016479190101237361
214        0.002716535433070869
215        0.0022272215973003417
216        0.0028065241844769427
217        0.001417322834645667
218        0.0029246344206974107
219        0.002064116985376833
220        0.0012935883014623135
221        0.0013498312710911104
222        0.001169853768278961
223        0.003487064116985374
224        0.004448818897637793
225        0.001923509561304837
226        0.0014623172103487058
227        0.001361079865016871
228        0.004004499437570302
229        0.0013610798650168705
230        0.006839145106861639
231        0.0048931383577052795
232        0.0014173228346456674
233        0.005742407199100107
234        0.0012317210348706366
235        0.0011979752530933592
236        0.0015860517435320575
237        0.007002249718785148
238        0.0015748031496062985
239        0.006839145106861634
240        0.0015635545556805391
241        0.0015241844769403818
242        0.0024746906636670517
243        0.0022159730033745792
244        0.001979752530933637
245        0.001642294713160855
246        0.002300337457817781
247        0.004881889763779525
248        0.0016535433070866156
249        0.0014848143982002225
250        0.001271091113610795
251        0.0011979752530933594
252        0.0011642294713160816
253        0.0013498312710911115
254        0.002199100112485941
255        0.0036164229471316056
256        0.0024578177727784065
257        0.004786276715410574
258        0.0028740157480314976
259        0.00566366704161979
260        0.00574240719910011
261        0.0014454443194600664
262        0.0020247469066366763
263        0.0026659167604049503
264        0.001715410573678294
265        0.0011529808773903221
266        0.00623172103487063
267        0.002221597300337461
268        0.0011811023622047203
269        0.0014791901012373464
270        0.002502812148481449
271        0.002317210348706417
272        0.0022159730033745866
273        0.019415073115860527
274        0.0012654668166479151
275        0.0020641169853768317
276        0.0016985376827896542
277        0.001934758155230601
278        0.0016366704161979754
279        0.0012598425196850354
280        0.0030539932508436445
281        0.003273340832395953
282        0.0014060742407199084
283        0.00176602924634421
284        0.003419572553430821
285        0.007992125984251957
286        0.0019291338582677184
287        0.001197975253093359
288        0.0015241844769403796
289        0.0047919010123734515
290        0.004066366704161978
291        0.0012598425196850354
292        0.0015973003374578198
293        0.0011979752530933592
294        0.0012485939257592762
295        0.001203599550056239
296        0.0012823397075365545
297        0.0031496062992126
298        0.0026152980877390377
299        0.0034308211473565806
300        0.0018053993250843666
301        0.0017716535433070885
302        0.0011811023622047203
303        0.0021709786276715493
304        0.0015916760404949427
305        0.0012542182227221553
306        0.0034420697412823366
307        0.0012542182227221557
308        0.003025871766029247
309        0.0012373453318335165
310        0.0020247469066366763
311        0.003301462317210344
312        0.0012485939257592758
313        0.001203599550056239
314        0.001968503937007876
315        0.0015916760404949372
316        0.002947131608548937
317        0.005061867266591675
318        0.0015129358830146206
319        0.003177727784027
320        0.0014398200224971882
321        0.0028627671541057408
322        0.006552305961754773
323        0.0014566929133858256
324        0.0033802024746906628
325        0.0014623172103487056
326        0.0016085489313835788
327        0.0018841394825646794
328        0.0028346456692913374
329        0.0013217097862767133
330        0.0025534308211473617
331        0.0013948256467941492
332        0.0012485939257592753
333        0.0017885264341957275
334        0.0021991001124859457
335        0.0017716535433070875
336        0.0031327334083239584
337        0.0039426321709786286
338        0.0011811023622047203
339        0.0016647919010123764
340        0.0012598425196850354
341        0.0017885264341957283
342        0.0016254218222722162
343        0.002019122609673797
344        0.0030258717660292477
345        0.0016704161979752546
346        0.0016985376827896512
347        0.0037795275590551164
348        0.0034476940382452198
349        0.00176040494938133
350        0.0023565804274465743
351        0.00361079865016873
352        0.0013329583802024717
353        0.0015579302587176613
354        0.0032283464566929053
355        0.00118110236220472
356        0.004724409448818895
357        0.0011923509561304795
358        0.0024071991001124917
359        0.0014285714285714266
360        0.00160854893138358
361        0.0056974128233970665
362        0.0016816647919010138
363        0.0020584926884139564
364        0.005989876265466805
365        0.0015804274465691817
366        0.0016591676040494969
367        0.0027502812148481504
368        0.004791901012373449
369        0.0025196850393700847
370        0.006934758155230588
371        0.001484814398200225
372        0.006355455568053983
373        0.0018953880764904386
374        0.0012767154105736748
375        0.0018278965129358848
376        0.001304836895388073
377        0.002958380202474693
378        0.0015523059617547838
379        0.0015466816647919015
380        0.008391451068616416
381        0.004589426321709785
382        0.001197975253093359
383        0.0015748031496062972
384        0.0017941507311586104
385        0.00462317210348706
386        0.007924634420697406
387        0.0025759280089988814
388        0.005607424071990994
389        0.003346456692913385
390        0.0016254218222722147
391        0.002654668166479194
392        0.007221597300337448
393        0.007514060742407189
394        0.001484814398200226
395        0.002395950506186734
396        0.005624296962879628
397        0.0014510686164229474
398        0.006017997750281204
399        0.014656917885264353
400        0.001169853768278961
401        0.0033633295838020262
402        0.0014229471316085463
403        0.0032227221597300325
404        0.005551181102362198
405        0.0025084364454443257
406        0.0046006749156355395
407        0.0031833520809898762
408        0.008284589426321695
409        0.0011586051743532018
410        0.007879640044994368
411        0.0017041619797525328
412        0.0019572553430821206
413        0.0029696287964004493
414        0.0013892013498312688
415        0.00395950506186727
416        0.014876265466816642
417        0.002778402699662543
418        0.0026771653543307145
419        0.001895388076490442
420        0.0018672665916760426
421        0.008143982002249705
422        0.0012092238470191184
423        0.00209786276715411
424        0.0012654668166479156
425        0.005500562429696286
426        0.0045500562429696256
427        0.003773903262092237
428        0.005691788526434186
429        0.002817772778402702
430        0.00548368953880764
431        0.019589426321709784
432        0.001524184476940384
433        0.007401574803149592
434        0.0075084364454443085
435        0.0015748031496062998
436        0.0022890888638920177
437        0.004454443194600673
438        0.005163104611923503
439        0.0025084364454443253
440        0.0024184476940382533
441        0.002277840269966261
442        0.005005624296962874
443        0.001687289088863895
444        0.0038301462317210343
445        0.0020303712035995543
446        0.0011642294713160813
447        0.010539932508436448
448        0.010933633295838017
449        0.008577052868391445
450        0.0027559055118110266
451        0.005348706411698532
452        0.005174353205849266
453        0.009167604049493799
454        0.0018222722159730049
455        0.008323959505061863
456        0.007109111361079853
457        0.00174353205849269
458        0.008734533183352069
459        0.005674915635545546
460        0.004696287964004492
461        0.004100112485939254
462        0.004977502812148474
463        0.006766029246344199
464        0.004454443194600673
465        0.003931383577052865
466        0.006844769403824523
467        0.0013892013498312697
468        0.002013498312710914
469        0.0025196850393700843
470        0.004077615298087733
471        0.007137232845894258
472        0.003149606299212599
473        0.001445444319460066
474        0.0022103487064117047
475        0.002131608548931391
476        0.0014791901012373469
477        0.0026377952755905513
478        0.001349831271091112
479        0.0013948256467941485
480        0.0012485939257592758
481        0.005973003374578171
482        0.010078740157480313
483        0.003998875140607417
484        0.005118110236220464
485        0.0023340832395950524
486        0.004083239595050612
487        0.00721597300337457
488        0.0040832395950506075
489        0.0016197975253093395
490        0.004870641169853763
491        0.003262092238470194
492        0.004336332958380198
493        0.0014229471316085465
494        0.0034589426321709744
495        0.0012935883014623137
496        0.0062373453318335095
497        0.0017379077615298096
498        0.002362204724409454
499        0.004859392575928005
500        0.002154105736782904
501        0.002778402699662544
502        0.0022665916760405014
503        0.005269966254218212
504        0.011861642294713154
505        0.002699662542182235
506        0.007626546681664785
507        0.001265466816647915
508        0.004128233970753656
509        0.0028852643419572566
510        0.002424071991001135
511        0.005984251968503929
512        0.001647919010123735
513        0.0048650168728908896
514        0.0012092238470191186
515        0.0030539932508436445
516        0.0015298087739032632
517        0.0036726659167603997
518        0.003593925759280093
519        0.003852643419572545
520        0.0014566929133858265
521        0.0014173228346456678
522        0.0015523059617547816
523        0.006912260967379065
524        0.0023565804274465756
525        0.0019235095613048406
526        0.006878515185601793
527        0.003048368953880769
528        0.004893138357705287
529        0.004713160854893134
530        0.0013160854893138323
531        0.003959505061867267
532        0.0031439820022497217
533        0.001231721034870637
534        0.002187851518560185
535        0.0019741282339707567
536        0.01576490438695163
537        0.002930258717660288
538        0.010016872890888626
539        0.0053768278965129306
540        0.00492125984251968
541        0.0011754780652418406
542        0.001580427446569179
543        0.005590551181102357
544        0.003200224971878514
545        0.006136107986501684
546        0.006231721034870634
547        0.005916760404949378
548        0.007885264341957248
549        0.0027671541057367847
550        0.010500562429696278
551        0.003577052868391448
552        0.00630483689538807
553        0.0015635545556805406
554        0.0013104611923509528
555        0.0033352080989876255
556        0.00208661417322835
557        0.0044375703037120365
558        0.0034701912260967365
559        0.0016929133858267723
560        0.006394825646794143
561        0.002716535433070871
562        0.008633295838020241
563        0.0014229471316085486
564        0.004083239595050615
565        0.001811023622047253
566        0.0029808773903262083
567        0.0019741282339707563
568        0.008256467941507303
569        0.001349831271091112
570        0.004308211473565805
571        0.0028233970753655823
572        0.00443194600674915
573        0.0023790776152980923
574        0.002300337457817779
575        0.0043644544431945985
576        0.002874015748031497
577        0.0021766029246344278
578        0.0017154105736782947
579        0.0029471316085489295
580        0.001512935883014624
581        0.0019122609673790853
582        0.003222722159730034
583        0.001479190101237346
584        0.0058717660292463385
585        0.002840269966254228
586        0.004898762654668161
587        0.002024746906636677
588        0.006771653543307079
589        0.001664791901012376
590        0.0012204724409448778
591        0.0024409448818897713
592        0.003650168728908881
593        0.004111361079865012
594        0.001141732283464563
595        0.0012710911136107944
596        0.002457817772778412
597        0.004538807649043865
598        0.002356580427446574
599        0.0012260967379077573
600        0.001439820022497186
601        0.002682789651293593
602        0.0024015748031496085
603        0.0013667041619797506
604        0.002924634420697411
605        0.0013498312710911124
606        0.004898762654668168
607        0.002069741282339716
608        0.002384701912260973
609        0.003104611923509561
610        0.0024521934758155316
611        0.0025140607424072032
612        0.0012148481439819981
613        0.003965129358830143
614        0.001659167604049494
615        0.0022103487064117073
616        0.0014510686164229466
617        0.00809336332958379
618        0.0011867266591675998
619        0.006591676040494928
620        0.001872890888638927
621        0.0018278965129358874
622        0.004122609673790768
623        0.0015185601799775031
624        0.0018503937007874067
625        0.0025534308211473595
626        0.0019460067491563612
627        0.0020022497187851557
628        0.0012879640044994342
629        0.0022947131608548974
630        0.002379077615298096
631        0.0012542182227221557
632        0.0014229471316085463
633        0.0012204724409448778
634        0.0015298087739032626
635        0.007013498312710909
636        0.002300337457817777
637        0.0029640044994375726
638        0.0014060742407199082
639        0.0035658042744656903
640        0.0012879640044994333
641        0.0012767154105736748
642        0.0012260967379077571
643        0.0014791901012373462
644        0.0015410573678290224
645        0.0021653543307086644
646        0.004820022497187851
647        0.0016085489313835788
648        0.0011754780652418406
649        0.0013160854893138321
650        0.002817772778402705
651        0.0016929133858267697
652        0.002632170978627674
653        0.0029133858267716534
654        0.0020134983127109143
655        0.0025703037120359973
656        0.0013329583802024728
657        0.0022778402699662574
658        0.0016029246344206993
659        0.003419572553430823
660        0.0037457817772778407
661        0.0014398200224971871
662        0.0013160854893138323
663        0.0017885264341957286
664        0.001197975253093359
665        0.0030989876265466857
666        0.004848143982002251
667        0.0013667041619797506
668        0.004190101237345331
669        0.0013442069741282318
670        0.002519685039370083
671        0.0017997750281214865
672        0.002778402699662548
673        0.0022778402699662604
674        0.0011923509561304795
675        0.0012992125984251932
676        0.0013329583802024726
677        0.003121484814398201
678        0.0036782902137232824
679        0.0015129358830146236
680        0.0012092238470191186
681        0.0038301462317210295
682        0.0013723284589426301
683        0.001580427446569178
684        0.001327334083239593
685        0.0012092238470191188
686        0.0015298087739032617
687        0.0025815523059617568
688        0.0014904386951631052
689        0.0014004499437570296
690        0.005815523059617545
691        0.004409448818897637
692        0.0036276715410573698
693        0.0023565804274465747
694        0.0014060742407199075
695        0.0013667041619797504
696        0.0012485939257592758
697        0.007519685039370076
698        0.0013217097862767133
699        0.0013385826771653514
700        0.0011586051743532016
701        0.001214848143981998
702        0.004640044994375705
703        0.0013385826771653527
704        0.0016254218222722164
705        0.0035376827896512887
706        0.001889763779527565
707        0.0050224971878515216
708        0.0016197975253093378
709        0.006006749156355453
710        0.004291338582677161
711        0.001231721034870637
712        0.0013385826771653523
713        0.0012260967379077573
714        0.0019291338582677197
715        0.0018447694038245255
716        0.0015635545556805391
717        0.0017885264341957277
718        0.0021653543307086683
719        0.0013723284589426286
720        0.0017660292463442084
721        0.00139482564679415
722        0.0014285714285714277
723        0.0020697412823397114
724        0.0016535433070866152
725        0.001676040494938133
726        0.001541057367829021
727        0.0016704161979752572
728        0.0012148481439819981
729        0.0017997750281214865
730        0.0024803149606299276
731        0.0014510686164229455
732        0.0018222722159730058
733        0.0011529808773903221
734        0.001231721034870637
735        0.0023847019122609715
736        0.010123734533183342
737        0.0013610798650168707
738        0.006068616422947128
739        0.0011586051743532016
740        0.0022497187851518606
741        0.001197975253093359
742        0.002249718785151859
743        0.0014623172103487045
744        0.0013160854893138328
745        0.0015579302587176605
746        0.0016029246344206995
747        0.0013948256467941494
748        0.0011867266591675998
749        0.0019066366704162021
750        0.0071034870641169786
751        0.0033577052868391456
752        0.0013329583802024721
753        0.0026884139482564683
754        0.0013723284589426312
755        0.0014679415073115861
756        0.0016535433070866143
757        0.003543307086614176
758        0.002148481439820031
759        0.001203599550056239
760        0.00118110236220472
761        0.001462317210348704
762        0.009291338582677161
763        0.006619797525309329
764        0.0015804274465691798
765        0.0036839145106861643
766        0.001231721034870637
767        0.001304836895388073
768        0.0019797525309336378
769        0.0055455568053993255
770        0.0038751406074240663
771        0.002564679415073117
772        0.001321709786276712
773        0.0030933633295838025
774        0.0019347581552306011
775        0.0012823397075365547
776        0.0019572553430821167
777        0.004690663667041615
778        0.0017491563554555725
779        0.0012767154105736748
780        0.0024071991001124943
781        0.005303712035995497
782        0.0012092238470191186
783        0.0013273340832395924
784        0.0028796400449943773
785        0.002272215973003378
786        0.0029133858267716578
787        0.0018110236220472478
788        0.0015973003374578183
789        0.002227221597300345
790        0.0012148481439819983
791        0.001754780652418452
792        0.0013498312710911115
793        0.0013554555680539919
794        0.0014510686164229463
795        0.00138357705286839
796        0.0015185601799775023
797        0.0011586051743532018
798        0.0020978627671541087
799        0.0018672665916760452
800        0.0018897637795275625
801        0.0034139482564679424
802        0.004274465691788524
803        0.004139482564679418
804        0.002874015748031498
805        0.0018278965129358846
806        0.0015973003374578202
807        0.004336332958380206
808        0.001141732283464563
809        0.0012598425196850352
810        0.0011811023622047203
811        0.0021822272215973114
812        0.0013273340832395922
813        0.0019741282339707615
814        0.001293588301462314
815        0.0014454443194600658
816        0.0029865016872890927
817        0.0022497187851518606
818        0.002570303712036002
819        0.0032227221597300316
820        0.0031946006749156357
821        0.0015129358830146245
822        0.005365579302587175
823        0.003104611923509562
824        0.0012260967379077573
825        0.0017491563554555725
826        0.0036276715410573646
827        0.0020191226096737958
828        0.0012992125984251943
829        0.003695163104611927
830        0.001203599550056239
831        0.001271091113610795
832        0.0031721034870641172
833        0.0015523059617547806
834        0.0025309336332958476
835        0.0012148481439819981
836        0.0012260967379077573
837        0.004055118110236213
838        0.0015016872890888638
839        0.0033014623172103468
840        0.0035939257592800876
841        0.003357705286839148
842        0.0015073115860517444
843        0.0035826771653543286
844        0.0011923509561304795
845        0.002862767154105738
846        0.0018166479190101284
847        0.0015523059617547801
848        0.0013160854893138332
849        0.0011923509561304795
850        0.0015748031496063011
851        0.0017266591676040513
852        0.001799775028121488
853        0.004966254218222722
854        0.0015016872890888646
855        0.0030314960629921265
856        0.0036107986501687324
857        0.001197975253093359
858        0.0018672665916760452
859        0.002120359955005625
860        0.0017547806524184503
861        0.0013723284589426308
862        0.001231721034870637
863        0.0014960629921259838
864        0.0027390326209223853
865        0.0014285714285714255
866        0.0016366704161979778
867        0.001377952755905511
868        0.0023059617547806555
869        0.0019347581552305972
870        0.0013160854893138332
871        0.0012092238470191182
872        0.002019122609673793
873        0.001574803149606299
874        0.0021203599550056297
875        0.0011979752530933592
876        0.001316085489313833
877        0.0013554555680539912
878        0.001293588301462314
879        0.0014848143982002255
880        0.001299212598425194
881        0.0011811023622047203
882        0.001754780652418452
883        0.0011811023622047203
884        0.0012823397075365543
885        0.0012598425196850352
886        0.001591676040494942
887        0.0011529808773903221
888        0.0011642294713160813
889        0.0011867266591676
