1        0.006704161979752516
2        0.015933633295838037
3        0.011091113610798642
4        0.005084364454443188
5        0.12071428571428555
6        0.013098987626546684
7        0.0068560179977502685
8        0.030343082114735655
9        0.046372328458942576
10        0.004488188976377953
11        0.007007874015748018
12        0.008937007874015739
13        0.09542182227221586
14        0.04122047244094487
15        0.004690663667041606
16        0.026985376827896507
17        0.0019516310461192398
18        0.005309336332958377
19        0.005607424071990988
20        0.02582114735658043
21        0.034280089988751435
22        0.16728908886389207
23        0.010348706411698527
24        0.012300337457817802
25        0.03430258717660292
26        0.004426321709786272
27        0.0051406074240719826
28        0.014893138357705307
29        0.007817772778402697
30        0.005995500562429681
31        0.0016760404949381327
32        0.009836895388076474
33        0.036647919010123736
34        0.017277840269966305
35        0.09996062992125969
36        0.018172103487064183
37        0.008413948256467924
38        0.04805961754780646
39        0.005
40        0.02215410573678291
41        0.011839145106861633
42        0.003577052868391451
43        0.008712035995500541
44        0.004943757030371188
45        0.006524184476940373
46        0.00213723284589427
47        0.013132733408323948
48        0.00310461192350955
49        0.052795275590551125
50        0.006417322834645659
51        0.15693475815523056
52        0.0013835770528683898
53        0.08610798650168723
54        0.004786276715410567
55        0.05939820022497186
56        0.01983127109111364
57        0.14505624296962877
58        0.050410573678290146
59        0.11309336332958368
60        0.013211473565804287
61        0.051636670416197905
62        0.017497187851518582
63        0.04246344206974126
64        0.011473565804274466
65        0.05948256467941495
66        0.013689538807649069
67        0.033020247469066344
68        0.07104611923509552
69        0.00312148481439819
70        0.06015185601799766
71        0.009797525309336322
72        0.0589032620922384
73        0.07636107986501676
74        0.034465691788526424
75        0.013965129358830184
76        0.0016647919010123757
77        0.02022497187851527
78        0.058239595050618626
79        0.008031496062992109
80        0.0012542182227221557
81        0.0013892013498312688
82        0.0017716535433070885
83        0.004476940382452182
84        0.02096175478065248
85        0.010236220472440946
86        0.0014735658042744663
87        0.0033577052868391404
88        0.11168166479190081
89        0.01267154105736782
90        0.07079865016872884
91        0.02697975253093369
92        0.019364454443194654
93        0.04915073115860511
94        0.02165916760404951
95        0.03826209223847014
96        0.06507311586051732
97        0.0014791901012373453
98        0.137750281214848
99        0.009600674915635514
100        0.01693475815523064
101        0.0028908886389201315
102        0.021979752530933684
103        0.019032620922384745
104        0.11035995500562429
105        0.07971878515185589
106        0.04477502812148474
107        0.016557930258717733
108        0.08316085489313828
109        0.12742407199100103
110        0.10786276715410566
111        0.020719910011248618
112        0.008678290213723261
113        0.19674915635545534
114        0.07207536557930251
115        0.04818335208098982
116        0.012924634420697422
117        0.022587176602924638
118        0.16134420697412813
119        0.027890888638920162
120        0.09746344206974122
121        0.07851518560179976
122        0.06172665916760397
123        0.14482564679415078
124        0.02249156355455571
125        0.05285714285714278
126        0.02793025871766029
127        0.01435883014623174
128        0.1070416197975252
129        0.014589426321709786
130        0.13314398200224964
131        0.02010686164229477
132        0.25674353205849254
133        0.1282339707536557
134        0.09763217097862759
135        0.02268841394825648
136        0.07689538807649031
137        0.03331271091113605
138        0.024926884139482602
139        0.17965129358830143
140        0.03995500562429689
141        0.026782902137232858
142        0.005691788526434189
143        0.10017435320584918
144        0.020095613048369022
145        0.008447694038245194
146        0.0075478065241844534
147        0.03308211473565799
148        0.14041057367829005
149        0.011023622047244087
150        0.014797525309336366
151        0.015832395950506225
152        0.07903262092238461
153        0.018363329583802074
154        0.029932508436445394
155        0.06731721034870634
156        0.08091113610798642
157        0.02215973003374581
158        0.14183352080989867
159        0.015298087739032691
160        0.06516872890888631
161        0.07905511811023616
162        0.047508436445444294
163        0.11406074240719903
164        0.15500562429696277
165        0.04869516310461191
166        0.12643982002249707
167        0.021602924634420755
168        0.007694038245219335
169        0.023340832395950497
170        0.2577446569178852
171        0.07492125984251959
172        0.023082114735658105
173        0.03961754780652415
174        0.0371428571428571
175        0.05415635545556798
176        0.030123734533183365
177        0.0084758155230596
178        0.07397637795275583
179        0.09542744656917869
180        0.030781777277840303
181        0.031029246344206937
182        0.025821147356580407
183        0.03492688413948257
184        0.00889763779527557
185        0.01565804274465695
186        0.013301462317210412
187        0.05197975253093353
188        0.011107986501687308
189        0.06260404949381322
190        0.02358830146231723
191        0.1323397075365578
192        0.03332395950506186
193        0.12921259842519678
194        0.017148481439820076
195        0.06848706411698526
196        0.06705849268841385
197        0.1088470191226095
198        0.0013779527559055088
199        0.2296400449943756
200        0.002581552305961753
201        0.025663667041619872
202        0.08263217097862759
203        0.03688413948256468
204        0.2767829021372329
205        0.17190101237345318
206        0.06272215973003366
207        0.09804836895388065
208        0.008498312710911114
209        0.11672665916760394
210        0.0760292463442069
211        0.05573115860517423
212        0.1859561304836895
213        0.035899887514060695
214        0.08406636670416189
215        0.054420697412823286
216        0.16264904386951615
217        0.0071203599550056194
218        0.08109111361079853
219        0.06460067491563545
220        0.014071991001124879
221        0.024319460067491607
222        0.0042744656917885334
223        0.16265466816647906
224        0.19827896512935872
225        0.06824521934758147
226        0.06077052868391436
227        0.02422384701912261
228        0.1519347581552305
229        0.03323959505061862
230        0.22300899887514053
231        0.14069178852643402
232        0.02154668166479196
233        0.19585489313835747
234        0.009116985376827867
235        0.003053993250843645
236        0.04259280089988749
237        0.2131777277840268
238        0.018087739032620977
239        0.21012935883014616
240        0.07543307086614165
241        0.025123734533183378
242        0.0659055118110235
243        0.08913948256467927
244        0.07677727784026982
245        0.05785714285714277
246        0.059988751406074126
247        0.18468503937007874
248        0.06220472440944873
249        0.020095613048368953
250        0.0068841394825646714
251        0.008104611923509543
252        0.0012992125984251934
253        0.020596175478065314
254        0.10287964004499427
255        0.10087739032620906
256        0.09031496062992116
257        0.1411136107986501
258        0.15824521934758143
259        0.22357705286839138
260        0.2186107986501686
261        0.03926884139482562
262        0.047317210348706305
263        0.08832958380202459
264        0.04482564679415063
265        0.0038413948256468024
266        0.21803149606299194
267        0.07428571428571419
268        0.009752530933633295
269        0.05663104611923501
270        0.09546119235095599
271        0.10847581552305954
272        0.07421259842519672
273        0.2761529808773902
274        0.018211473565804298
275        0.1386557930258717
276        0.042109111361079775
277        0.04302587176602918
278        0.08324521934758143
279        0.048965129358830045
280        0.14255343082114727
281        0.154808773903262
282        0.024195725534308207
283        0.03005061867266595
284        0.11227221597300327
285        0.23037120359954988
286        0.04667604049493807
287        0.0013498312710911106
288        0.04334083239595042
289        0.18625984251968486
290        0.18681102362204707
291        0.019746906636670468
292        0.02754218222722157
293        0.017902137232845988
294        0.021856017997750322
295        0.008509561304836887
296        0.017896512935883065
297        0.12449381327334069
298        0.07157480314960622
299        0.20048368953880774
300        0.058363329583801866
301        0.10005061867266582
302        0.008059617547806508
303        0.07307649043869505
304        0.02428008998875139
305        0.008577052868391444
306        0.12095613048368942
307        0.007941507311586032
308        0.09427446569178842
309        0.044116985376827886
310        0.050883014623172025
311        0.10365016872890873
312        0.004010123734533173
313        0.002817772778402699
314        0.1065129358830145
315        0.03232845894263212
316        0.1444263217097862
317        0.21937570303712026
318        0.02233970753655796
319        0.12804274465691776
320        0.033475815523059615
321        0.10370078740157469
322        0.22542182227221594
323        0.025764904386951688
324        0.1380089988751405
325        0.03947694038245217
326        0.06267154105736773
327        0.06001687289088856
328        0.09759842519685032
329        0.026591676040494932
330        0.08408886389201334
331        0.02318897637795279
332        0.016996625421822367
333        0.02274465691788527
334        0.08386951631046104
335        0.05748031496062984
336        0.11059055118110224
337        0.16874015748031482
338        0.004403824521934752
339        0.024752530933633343
340        0.013436445444319475
341        0.05384701912260961
342        0.03403262092238475
343        0.08785714285714274
344        0.1110629921259841
345        0.0631608548931383
346        0.036411698537682724
347        0.13181664791901002
348        0.12678852643419566
349        0.06320022497187844
350        0.09386389201349822
351        0.15792463442069724
352        0.04041057367829019
353        0.05745219347581545
354        0.10634983127109096
355        0.017986501687289127
356        0.17078177727784014
357        0.007604049493813261
358        0.09281777277840261
359        0.02872328458942632
360        0.03960629921259835
361        0.17124859392575925
362        0.06556805399325073
363        0.02844769403824518
364        0.21389763779527537
365        0.03839707536557922
366        0.03195163104611916
367        0.07924071991001115
368        0.18583802024746895
369        0.1284589426321709
370        0.2200168728908885
371        0.05670978627671534
372        0.1792294713160854
373        0.06860517435320579
374        0.06912260967379068
375        0.0474071991001124
376        0.0029358830146231645
377        0.12730033745781763
378        0.029386951631046057
379        0.04962317210348701
380        0.25200787401574803
381        0.1952362204724408
382        0.024156355455568098
383        0.03164791901012371
384        0.02359392575928012
385        0.1554780652418446
386        0.23796962879640055
387        0.07572553430821137
388        0.12881327334083228
389        0.08616422947131593
390        0.0487232845894263
391        0.09177727784026983
392        0.21424071991001134
393        0.2614904386951629
394        0.018869516310461215
395        0.06493250843644534
396        0.19455005624296956
397        0.008093363329583776
398        0.182660292463442
399        0.2779358830146231
400        0.016974128233970837
401        0.06069741282339694
402        0.0224128233970754
403        0.11575928008998854
404        0.2138301462317208
405        0.09790213723284574
406        0.13787964004499426
407        0.11105174353205839
408        0.21207536557930243
409        0.011383577052868394
410        0.2469685039370079
411        0.04713160854893137
412        0.09288526434195714
413        0.09412260967379067
414        0.03429133858267714
415        0.18606299212598426
416        0.27431383577052865
417        0.14789651293588293
418        0.09969628796400441
419        0.046496062992125956
420        0.0650618672665916
421        0.21032058492688407
422        0.019645669291338635
423        0.08015185601799764
424        0.02784026996625418
425        0.20724409448818878
426        0.1893644544431945
427        0.10857705286839132
428        0.16002812148481435
429        0.05382452193475807
430        0.16452193475815516
431        0.2746569178852643
432        0.017013498312710946
433        0.2446119235095611
434        0.24030371203599565
435        0.04796962879640041
436        0.0771541057367828
437        0.187007874015748
438        0.15652980877390316
439        0.10844206974128223
440        0.072750281214848
441        0.08378515185601787
442        0.18732845894263217
443        0.055658042744656806
444        0.04732283464566918
445        0.09551181102362188
446        0.0013048368953880731
447        0.27189538807649055
448        0.2766985376827896
449        0.2602362204724409
450        0.0759898762654667
451        0.21163667041619785
452        0.16988188976377944
453        0.2574465691788525
454        0.05083802024746898
455        0.23012373453318338
456        0.220838020247469
457        0.04589988751406069
458        0.24166479190101245
459        0.20005061867266588
460        0.1641226096737907
461        0.16997187851518547
462        0.16402137232845881
463        0.19164791901012357
464        0.2029133858267716
465        0.15889763779527555
466        0.23984251968503933
467        0.026721034870641182
468        0.0636670416197974
469        0.09062429696287957
470        0.17008436445444308
471        0.23986501687289072
472        0.0599775028121484
473        0.03374578177727781
474        0.05168166479190095
475        0.0843700787401574
476        0.01752530933633301
477        0.09842519685039358
478        0.01811023622047251
479        0.04065804274465691
480        0.012463442069741298
481        0.17020247469066357
482        0.2611586051743532
483        0.13548931383577037
484        0.18763779527559052
485        0.11571991001124847
486        0.13776715410573664
487        0.20395950506186714
488        0.11719347581552292
489        0.05917322834645662
490        0.2099100112485938
491        0.06431946006749144
492        0.13454443194600663
493        0.039808773903261985
494        0.10853205849268832
495        0.03398762654668163
496        0.21627109111361079
497        0.04116422947131597
498        0.12431383577052857
499        0.18538807649043865
500        0.11182789651293575
501        0.0480933633295837
502        0.12776152980877375
503        0.18358267716535429
504        0.26672665916760396
505        0.08375140607424061
506        0.22156355455568047
507        0.014150731158605165
508        0.1493082114735657
509        0.13027559055118104
510        0.05826209223847007
511        0.22577052868391445
512        0.032834645669291326
513        0.18525309336332949
514        0.020101237345331913
515        0.13912823397075352
516        0.0158942632170979
517        0.11884139482564665
518        0.17599550056242957
519        0.09853768278965118
520        0.026563554555680526
521        0.04124859392575921
522        0.042199100112485864
523        0.22122047244094492
524        0.07826209223847004
525        0.11435883014623155
526        0.19026434195725514
527        0.06895388076490429
528        0.14415635545556793
529        0.17585489313835762
530        0.02567491563554556
531        0.17057930258717646
532        0.09171541057367817
533        0.011957255343082136
534        0.08761529808773892
535        0.046614173228346406
536        0.2735376827896513
537        0.12029808773903251
538        0.2483295838020246
539        0.16212598425196845
540        0.16590551181102348
541        0.012547806524184498
542        0.017890888638920185
543        0.2063723284589426
544        0.14209786276715403
545        0.2160911136107985
546        0.2024409448818897
547        0.218267716535433
548        0.2268503937007873
549        0.10818335208098974
550        0.26487064116985365
551        0.1336164229471314
552        0.18227221597300325
553        0.021496062992126048
554        0.04298087739032615
555        0.10495500562429685
556        0.06868391451068608
557        0.17227221597300313
558        0.12248593925759269
559        0.08460629921259835
560        0.20808211473565807
561        0.09196850393700777
562        0.257013498312711
563        0.01491001124859398
564        0.18701349831271086
565        0.03911136107986499
566        0.11220472440944873
567        0.11311023622047225
568        0.2565579302587177
569        0.01760967379077621
570        0.15280652418447688
571        0.1197694038245218
572        0.13049493813273327
573        0.10587739032620914
574        0.11024746906636658
575        0.16691226096737896
576        0.08724409448818887
577        0.04407199100112476
578        0.03762654668166473
579        0.12501124859392562
580        0.026282339707536594
581        0.06556242969628784
582        0.08832958380202459
583        0.02112485939257598
584        0.18351518560179975
585        0.045416197975253036
586        0.15371203599550043
587        0.07595050618672651
588        0.20536557930258695
589        0.026676040494938172
590        0.012559055118110216
591        0.06967941507311574
592        0.09503937007874001
593        0.16580989876265456
594        0.00398762654668167
595        0.023537682789651303
596        0.09210911136107974
597        0.17249718785151835
598        0.03799212598425189
599        0.03723847019122608
600        0.03353205849268835
601        0.09473003374578162
602        0.08870641169853749
603        0.02161417322834645
604        0.08321147356580416
605        0.026186726659167582
606        0.20775028121484812
607        0.04957255343082104
608        0.0762204724409448
609        0.15163104611923495
610        0.09084364454443182
611        0.10484251968503921
612        0.012862767154105802
613        0.15480877390326206
614        0.07638357705286829
615        0.05330708661417315
616        0.030579302587176543
617        0.23483127109111357
618        0.0027840269966254265
619        0.19202474690663673
620        0.07800337457817763
621        0.03981439820022488
622        0.11300337457817758
623        0.012761529808773932
624        0.05874578177727773
625        0.08323959505061856
626        0.08529808773903247
627        0.08665354330708652
628        0.03859392575928001
629        0.071771653543307
630        0.056889763779527466
631        0.0171259842519686
632        0.0372328458942632
633        0.008616422947131604
634        0.055067491563554435
635        0.25380202474690655
636        0.05659730033745773
637        0.13595613048368946
638        0.03521934758155229
639        0.14192913385826764
640        0.027272215973003354
641        0.0015241844769403818
642        0.024910011248593943
643        0.05318897637795268
644        0.02079865016872896
645        0.09525309336332943
646        0.20873453318335197
647        0.07019122609673778
648        0.00826209223847017
649        0.00952755905511809
650        0.0761586051743531
651        0.07624859392575918
652        0.11221034870641161
653        0.113920134983127
654        0.09918447694038234
655        0.1178402699662541
656        0.009893138357705255
657        0.07558492688413941
658        0.02388076490438698
659        0.18685039370078727
660        0.20471878515185588
661        0.035511811023622004
662        0.03233970753655791
663        0.04204161979752528
664        0.012694038245219355
665        0.11241844769403811
666        0.2063498312710909
667        0.010573678290213712
668        0.16169853768278955
669        0.0160348706411699
670        0.10587176602924624
671        0.03313273340832398
672        0.06964004499437561
673        0.10056242969628786
674        0.009820022497187818
675        0.01598425196850397
676        0.016107986501687346
677        0.08803149606299204
678        0.15362204724409442
679        0.05362204724409439
680        0.024088863892013545
681        0.1398706411698536
682        0.05181664791901002
683        0.07940382452193466
684        0.03488751406074231
685        0.02002249718785157
686        0.02520247469066372
687        0.13959505061867258
688        0.0204780652418448
689        0.036467941507311565
690        0.23423509561304826
691        0.1855793025871765
692        0.13506186726659158
693        0.10290776152980863
694        0.020826771653543286
695        0.024420697412823458
696        0.010703037120359946
697        0.2543025871766028
698        0.028998875140607398
699        0.009786276715410557
700        0.002716535433070871
701        0.01692350956130488
702        0.18767716535433066
703        0.02646231721034867
704        0.04856580427446559
705        0.11551181102362193
706        0.0745500562429695
707        0.20915073115860516
708        0.04501124859392568
709        0.2235601799775027
710        0.15521372328458935
711        0.01580427446569183
712        0.01963442069741288
713        0.004156355455568055
714        0.08220472440944873
715        0.06004499437570294
716        0.03805961754780649
717        0.06609111361079854
718        0.09570303712035991
719        0.022632170978627703
720        0.062221597300337314
721        0.025658042744656932
722        0.034499437570303666
723        0.07688413948256458
724        0.06095050618672659
725        0.06469066366704151
726        0.04541619797525301
727        0.05206411698537673
728        0.002626546681664802
729        0.04230596175478064
730        0.06751406074240708
731        0.0321709786276715
732        0.02628796400449941
733        0.012497187851518604
734        0.011411698537682768
735        0.10934758155230584
736        0.2585545556805398
737        0.025607424071991004
738        0.20557930258717658
739        0.008346456692913371
740        0.0710573678290213
741        0.018200224971878586
742        0.08228908886389191
743        0.039173228346456666
744        0.031113610798650163
745        0.05491563554555673
746        0.031203599550056207
747        0.02362767154105738
748        0.027120359955005616
749        0.048200224971878446
750        0.2309448818897636
751        0.11064679415073103
752        0.03805961754780646
753        0.16269966254218218
754        0.03102924634420694
755        0.043453318335208005
756        0.025590551181102383
757        0.12253655793025856
758        0.05855455568053987
759        0.022643419572553464
760        0.009623172103487045
761        0.02775028121484814
762        0.26783464566929127
763        0.20872328458942613
764        0.06998875140607412
765        0.10284589426321698
766        0.03657480314960624
767        0.02231721034870645
768        0.08474128233970746
769        0.21929696287963998
770        0.12080989876265454
771        0.12701912260967366
772        0.04461192350956129
773        0.14312710911136106
774        0.0358211473565804
775        0.024893138357705298
776        0.10162542182227209
777        0.17201912260967356
778        0.041524184476940326
779        0.016782902137232894
780        0.09635545556805383
781        0.189763779527559
782        0.02025871766029257
783        0.01769966254218227
784        0.09548368953880755
785        0.12060179977502797
786        0.12548931383577036
787        0.055624296962879516
788        0.036287964004499386
789        0.047227221597300285
790        0.020888638920134997
791        0.09043307086614162
792        0.0268785151856018
793        0.025410573678290232
794        0.045826771653543215
795        0.06638920134983119
796        0.026951631046119185
797        0.0027165354330708756
798        0.017547806524184542
799        0.08070866141732273
800        0.07393700787401566
801        0.12572553430821135
802        0.16372328458942614
803        0.16447694038245214
804        0.15408886389201343
805        0.05419572553430812
806        0.04201912260967377
807        0.17280089988751396
808        0.0012542182227221555
809        0.015011248593925813
810        0.015151856017997815
811        0.03541057367829017
812        0.02546681664791899
813        0.023953880764904404
814        0.022424071991001195
815        0.031175478065241805
816        0.1410292463442068
817        0.10149606299212588
818        0.11668728908886374
819        0.12768278965129345
820        0.09743532058492672
821        0.02071428571428578
822        0.1473734533183351
823        0.11281214848143971
824        0.014178852643419655
825        0.05940944881889752
826        0.10138920134983115
827        0.07146231721034858
828        0.02719910011248592
829        0.12987626546681652
830        0.005776152980877375
831        0.015089988751406127
832        0.12253655793025858
833        0.06032058492688403
834        0.08146794150731149
835        0.00683352080989876
836        0.012446569178852649
837        0.11434758155230583
838        0.038987626546681614
839        0.16340832395950486
840        0.14232845894263207
841        0.136676040494938
842        0.08150168728908876
843        0.14920697412823386
844        0.0040326209223847
845        0.12588863892013488
846        0.056580427446569014
847        0.05816085489313826
848        0.015191226096737924
849        0.0189370078740158
850        0.02975253093363327
851        0.04690663667041614
852        0.06421822272215963
853        0.1685320584926883
854        0.05698537682789641
855        0.10459505061867254
856        0.17838020247469052
857        0.009701912260967355
858        0.08361642294713151
859        0.0749100112485938
860        0.048290213723284514
861        0.034960629921259805
862        0.03208098987626546
863        0.031614173228346434
864        0.08350956130483683
865        0.028869516310461165
866        0.04170416197975249
867        0.006861642294713148
868        0.042345331833520704
869        0.051754780652418376
870        0.023087739032620944
871        0.02098987626546683
872        0.058599550056242865
873        0.03194600674915633
874        0.07842519685039358
875        0.017255343082114835
876        0.025337457817772746
877        0.03481439820022487
878        0.01847581552305969
879        0.009662542182227195
880        0.027817772778402642
881        0.005534308211473562
882        0.04285151856017991
883        0.03466254218222711
884        0.011473565804274485
885        0.007137232845894244
886        0.018166479190101278
887        0.011220472440944899
888        0.005748031496062976
889        0.0012598425196850352
