1        0.0888526434195724
2        0.17232283464566917
3        0.17898200224971866
4        0.07100674915635534
5        0.40302024746906634
6        0.09780089988751398
7        0.13431946006749143
8        0.24982564679415076
9        0.3473115860517433
10        0.05068053993250831
11        0.09986501687289082
12        0.05298087739032611
13        0.37988751406074217
14        0.3133858267716534
15        0.04964566929133847
16        0.20835770528683892
17        0.054859392575927826
18        0.09166479190101225
19        0.05621484814398188
20        0.25205849268841385
21        0.18548931383577044
22        0.4385714285714281
23        0.10552868391451059
24        0.11538245219347566
25        0.2864229471316084
26        0.07179415073115848
27        0.05758717660292453
28        0.10137795275590536
29        0.04509561304836894
30        0.0525253093363328
31        0.024842519685039397
32        0.16424071991001107
33        0.17106861642294707
34        0.12298087739032613
35        0.3614848143982001
36        0.12033183352080977
37        0.09814960629921249
38        0.08702474690663652
39        0.06038807649043863
40        0.13029808773903245
41        0.09890888638920126
42        0.06425759280089985
43        0.09248593925759263
44        0.043498312710911
45        0.10573678290213709
46        0.04269403824521925
47        0.12365579302587161
48        0.03796962879640033
49        0.3032620922384702
50        0.0941113610798649
51        0.43251406074240717
52        0.016676040494938166
53        0.3826546681664789
54        0.053132733408323904
55        0.39510123734533154
56        0.15256467941507296
57        0.46779527559055106
58        0.30780652418447696
59        0.42875140607424095
60        0.12988751406074223
61        0.2763667041619795
62        0.0702305961754779
63        0.294150731158605
64        0.09413948256467931
65        0.16066366704161963
66        0.11260404949381307
67        0.14087739032620908
68        0.2323622047244092
69        0.042047244094488116
70        0.2937064116985375
71        0.0981664791901011
72        0.2408492688413947
73        0.20739032620922365
74        0.29579302587176576
75        0.13861642294713136
76        0.027795275590551175
77        0.1446512935883013
78        0.26939820022497174
79        0.06059617547806513
80        0.0015185601799775023
81        0.004426321709786269
82        0.055286839145106785
83        0.026467941507311608
84        0.16315523059617537
85        0.06830146231721025
86        0.015433070866141745
87        0.017457817772778484
88        0.395697412823397
89        0.08583239595050601
90        0.3318391451068616
91        0.13421822272215958
92        0.07847019122609657
93        0.24976940382452179
94        0.1255230596175477
95        0.24135545556805382
96        0.23132170978627656
97        0.02471878515185599
98        0.4424128233970752
99        0.08998875140607408
100        0.09655793025871748
101        0.02661417322834645
102        0.13596737907761508
103        0.058571428571428476
104        0.42204161979752525
105        0.36260967379077597
106        0.20260404949381303
107        0.09507311586051725
108        0.42498312710911135
109        0.43512935883014586
110        0.3932902137232846
111        0.14402699662542168
112        0.06924634420697406
113        0.4615354330708661
114        0.3635714285714284
115        0.2450731158605172
116        0.13045556805399317
117        0.1106074240719909
118        0.4645613048368954
119        0.0961979752530932
120        0.33933633295838006
121        0.39001124859392555
122        0.309431946006749
123        0.470416197975253
124        0.21877390326209206
125        0.343447694038245
126        0.10832395950506166
127        0.07561304836895376
128        0.3939370078740157
129        0.15652418447694022
130        0.41331271091113586
131        0.10435320584926867
132        0.493498312710911
133        0.40997750281214856
134        0.3117210348706412
135        0.16214848143981983
136        0.32320584926884116
137        0.20831833520809886
138        0.19895950506186708
139        0.44089426321709807
140        0.17803149606299193
141        0.22179977502812143
142        0.05565241844769393
143        0.3909055118110234
144        0.12118672665916744
145        0.09096175478065231
146        0.09926884139482552
147        0.17941507311586044
148        0.4159505061867265
149        0.11449943757030356
150        0.07909448818897623
151        0.17467941507311566
152        0.3762654668166478
153        0.12829021372328442
154        0.1808773903262091
155        0.3183070866141731
156        0.3660179977502811
157        0.1475703037120358
158        0.42046119235095597
159        0.08185039370078727
160        0.25254780652418435
161        0.27821147356580417
162        0.2436164229471314
163        0.41976377952755906
164        0.4105511811023623
165        0.22911698537682773
166        0.4088357705286838
167        0.17163667041619785
168        0.06097300337457806
169        0.16814398200224961
170        0.49622047244094525
171        0.34244656917885247
172        0.1270922384701911
173        0.25785714285714273
174        0.16920134983127094
175        0.1973003374578176
176        0.17589988751406047
177        0.05850956130483673
178        0.2814341957255342
179        0.29136670416197946
180        0.13716535433070845
181        0.1805230596175477
182        0.08374578177727772
183        0.15754218222722144
184        0.10791901012373435
185        0.09628233970753647
186        0.10898762654668148
187        0.26640607424071994
188        0.07849268841394806
189        0.33509561304836877
190        0.24653543307086603
191        0.38845331833520796
192        0.10168728908886374
193        0.4234364454443194
194        0.09489876265466803
195        0.2850562429696286
196        0.29947694038245215
197        0.3557986501687288
198        0.033526434195725534
199        0.49273903262092233
200        0.0487907761529808
201        0.09221597300337443
202        0.27628233970753646
203        0.11132170978627656
204        0.4931946006749161
205        0.4773003374578177
206        0.25375703037120334
207        0.3623003374578176
208        0.08128233970753639
209        0.2879077615298086
210        0.34492688413948236
211        0.22186164229471306
212        0.4798762654668164
213        0.19214848143981977
214        0.3684420697412822
215        0.3082789651293587
216        0.43973565804274484
217        0.10564679415073094
218        0.3002868391451067
219        0.24925196850393685
220        0.09671541057367809
221        0.1530989876265465
222        0.028340832395950533
223        0.4344375703037119
224        0.47343082114735663
225        0.26323959505061845
226        0.20786276715410554
227        0.16025871766029223
228        0.4221653543307089
229        0.13910011248593906
230        0.48673790776152975
231        0.411957255343082
232        0.12755343082114717
233        0.48560742407199065
234        0.10889763779527546
235        0.028082114735658078
236        0.29039370078740157
237        0.4862373453318334
238        0.08511248593925744
239        0.4611811023622047
240        0.31291901012373424
241        0.14813835770528658
242        0.2021991001124858
243        0.3308661417322834
244        0.16774465691788518
245        0.25347581552305953
246        0.1815973003374577
247        0.4819010123734532
248        0.2063217097862765
249        0.15150731158605152
250        0.02917885264341951
251        0.03579865016872893
252        0.02924071991001124
253        0.0875815523059616
254        0.3584420697412824
255        0.35385264341957245
256        0.3378740157480314
257        0.4026096737907762
258        0.4341113610798646
259        0.49021934758155244
260        0.4855568053993251
261        0.17534870641169836
262        0.1683239595050618
263        0.3034758155230594
264        0.14939257592800886
265        0.05101799775028105
266        0.48996062992126005
267        0.30187851518560155
268        0.07381327334083228
269        0.19610798650168715
270        0.2838413948256467
271        0.39457255343082104
272        0.25601237345331823
273        0.49309898762654675
274        0.09728908886389181
275        0.40816085489313836
276        0.1845894263217096
277        0.2382058492688412
278        0.27188976377952745
279        0.11290213723284577
280        0.43065804274465663
281        0.44520809898762637
282        0.12989876265466804
283        0.09764904386951612
284        0.30173228346456676
285        0.49438132733408324
286        0.21294150731158587
287        0.003925759280089987
288        0.1960404949381326
289        0.44970191226096745
290        0.46579302587176613
291        0.15878515185601783
292        0.18386951631046095
293        0.12345894263217083
294        0.12091676040494927
295        0.05305961754780642
296        0.08449943757030352
297        0.28020247469066356
298        0.26097300337457807
299        0.45554555680539915
300        0.14362204724409433
301        0.3212035995500561
302        0.04906074240719903
303        0.27242407199100105
304        0.10069178852643404
305        0.0963779527559054
306        0.358689538807649
307        0.08065241844769391
308        0.32369516310461177
309        0.19015748031496046
310        0.17104611923509538
311        0.3940607424071991
312        0.016231721034870687
313        0.008931383577052848
314        0.3550843644544431
315        0.13906636670416186
316        0.3533633295838019
317        0.4599606299212598
318        0.1417041619797523
319        0.3776096737907762
320        0.1027727784026995
321        0.3277896512935882
322        0.486827896512936
323        0.1093194600674914
324        0.40268841394825644
325        0.17232845894263205
326        0.2541338582677165
327        0.23379077615298072
328        0.3665241844769404
329        0.11762654668166463
330        0.2919347581552306
331        0.1496287964004498
332        0.11799775028121466
333        0.15731721034870622
334        0.25467941507311576
335        0.21886951631046092
336        0.33115860517435314
337        0.45036557930258747
338        0.02838582677165347
339        0.1194938132733407
340        0.07293025871766012
341        0.19610236220472418
342        0.2219291338582675
343        0.28649043869516305
344        0.37412260967379096
345        0.25681102362204705
346        0.11582114735658028
347        0.3731552305961756
348        0.3300281214848143
349        0.169617547806524
350        0.332800899887514
351        0.45161417322834646
352        0.16557930258717643
353        0.2247919010123733
354        0.3302643419572554
355        0.069105736782902
356        0.4598987626546686
357        0.038880764904386876
358        0.3325759280089989
359        0.18564116985376813
360        0.10281777277840255
361        0.4573790776152981
362        0.26135545556805373
363        0.12293025871766013
364        0.46258717660292503
365        0.20258717660292455
366        0.0925534308211472
367        0.23712598425196835
368        0.44610236220472443
369        0.31514060742407185
370        0.48342519685039387
371        0.25186726659167596
372        0.4653093363329583
373        0.25638357705286824
374        0.20838020247469058
375        0.22371766029246337
376        0.01714848143982004
377        0.34933633295838007
378        0.09800337457817754
379        0.18242407199100102
380        0.4941001124859394
381        0.4279246344206974
382        0.0951293588301461
383        0.14717660292463428
384        0.16564679415073102
385        0.38543869516310436
386        0.48851518560179985
387        0.26502812148481425
388        0.34414510686164235
389        0.26168166479190097
390        0.197744656917885
391        0.31584364454443176
392        0.47724971878515193
393        0.48972440944881895
394        0.0957761529808772
395        0.28428008998875126
396        0.44394263217097857
397        0.052879640044994305
398        0.4608830146231721
399        0.49583802024746887
400        0.07255343082114721
401        0.1892294713160854
402        0.0896456692913384
403        0.35595050618672663
404        0.46348706411698537
405        0.28791901012373455
406        0.42390326209223844
407        0.3120416197975253
408        0.49291901012373457
409        0.03618110236220469
410        0.4882114735658045
411        0.19836332958380187
412        0.26936445444319446
413        0.3288582677165354
414        0.17019685039370064
415        0.4562204724409448
416        0.4942350956130481
417        0.41203037120359953
418        0.3687907761529809
419        0.18846456692913363
420        0.27519685039370057
421        0.4876040494938132
422        0.08088301462317192
423        0.33354893138357694
424        0.1151181102362203
425        0.47318897637795265
426        0.4273847019122607
427        0.31809898762654665
428        0.41767716535433075
429        0.19973003374578158
430        0.4415185601799773
431        0.4942350956130486
432        0.08912823397075348
433        0.49385826771653546
434        0.4869797525309336
435        0.21670978627671522
436        0.29179415073115855
437        0.4620134983127108
438        0.40322834645669275
439        0.34137232845894255
440        0.18425196850393685
441        0.3146962879640045
442        0.4355343082114738
443        0.19033183352080976
444        0.1391057367829019
445        0.34844769403824516
446        0.04820022497187846
447        0.49128796400449914
448        0.49404386951631074
449        0.4926602924634422
450        0.2536276715410573
451        0.468897637795276
452        0.4623565804274466
453        0.4954274465691788
454        0.15102362204724393
455        0.4854893138357707
456        0.4718503937007874
457        0.14529808773903244
458        0.4949325084364455
459        0.46939257592800876
460        0.41913385826771654
461        0.4475590551181103
462        0.4188357705286837
463        0.4609223847019121
464        0.4484195725534309
465        0.4384364454443195
466        0.4848875140607424
467        0.11542744656917872
468        0.18976940382452173
469        0.36262092238470195
470        0.40786839145106873
471        0.48444881889763786
472        0.1938470191226095
473        0.08269403824521922
474        0.26147356580427433
475        0.2376659167604048
476        0.07733408323959498
477        0.3161923509561304
478        0.10334083239595035
479        0.13513498312710895
480        0.05308211473565788
481        0.41877390326209246
482        0.4935433070866142
483        0.34480314960629926
484        0.4573115860517437
485        0.38877952755905476
486        0.3613329583802023
487        0.4563667041619795
488        0.3459786276715409
489        0.1904893138357703
490        0.4790326209223846
491        0.2366310461192349
492        0.3672722159730034
493        0.1335883014623171
494        0.2957199100112485
495        0.10712035995500542
496        0.47130483689538843
497        0.20917322834645652
498        0.34457817772778393
499        0.4639201349831273
500        0.32907199100112483
501        0.08966816647918996
502        0.3340382452193475
503        0.4361023622047244
504        0.49261529808773935
505        0.250179977502812
506        0.47597862767154125
507        0.06922947131608537
508        0.427530933633296
509        0.37920134983127113
510        0.16474690663667022
511        0.4575928008998877
512        0.11306524184476925
513        0.46803712035995515
514        0.10414510686164209
515        0.3858155230596174
516        0.08374578177727772
517        0.34363892013498315
518        0.421962879640045
519        0.33355455568054
520        0.11180539932508424
521        0.17461192350956112
522        0.12800337457817756
523        0.47458380202474726
524        0.20961754780652403
525        0.31152980877390307
526        0.4524915635545556
527        0.1971484814398199
528        0.38196287964004483
529        0.42752530933633304
530        0.11250281214848128
531        0.42460067491563563
532        0.2821653543307087
533        0.07759280089988736
534        0.21138920134983102
535        0.16729471316085473
536        0.49512373453318326
537        0.3467772778402697
538        0.4905399325084367
539        0.4393532058492688
540        0.4292294713160856
541        0.07082677165354313
542        0.08104049493813256
543        0.46468503937007877
544        0.32421822272215983
545        0.4817210348706412
546        0.4730877390326208
547        0.47786839145106846
548        0.49000000000000016
549        0.30998312710911125
550        0.49208661417322824
551        0.39105174353205874
552        0.4775590551181103
553        0.12286839145106843
554        0.2124746906636668
555        0.3949662542182228
556        0.2719066366704159
557        0.4470022497187851
558        0.3615973003374578
559        0.23969628796400436
560        0.4598481439820021
561        0.2542125984251968
562        0.49389201349831313
563        0.07794150731158585
564        0.47629921259842534
565        0.110787401574803
566        0.2798762654668165
567        0.3501124859392574
568        0.48786839145106853
569        0.0679077615298087
570        0.42128796400449964
571        0.3496962879640042
572        0.3912317210348707
573        0.35281214848143966
574        0.32628796400449933
575        0.446079865016873
576        0.27569178852643406
577        0.1304274465691787
578        0.1260911136107985
579        0.36823959505061876
580        0.12197975253093343
581        0.19930821147356562
582        0.33194600674915636
583        0.06998312710911121
584        0.4479415073115861
585        0.1754386951631045
586        0.412238470191226
587        0.23618110236220452
588        0.4740719910011248
589        0.1099606299212597
590        0.09297525309336314
591        0.19608548931383565
592        0.3059223847019122
593        0.4016872890888638
594        0.02843082114735658
595        0.08772778402699652
596        0.259527559055118
597        0.44710348706411684
598        0.18571991001124846
599        0.09929696287963986
600        0.10805399325084347
601        0.3165916760404947
602        0.3044375703037118
603        0.136490438695163
604        0.23116422947131585
605        0.10002249718785139
606        0.46683352080989876
607        0.14597300337457803
608        0.2950674915635545
609        0.40862204724409423
610        0.34553993250843645
611        0.3610123734533183
612        0.08077615298087723
613        0.4022890888638919
614        0.22043307086614167
615        0.16294150731158588
616        0.12903262092238452
617        0.49178290213723286
618        0.020686164229471372
619        0.4392632170978629
620        0.2830314960629921
621        0.0885770528683913
622        0.26541619797525295
623        0.11520247469066353
624        0.23048931383577037
625        0.2909673790776153
626        0.2801518560179976
627        0.3591732283464566
628        0.09668728908886375
629        0.23638357705286822
630        0.24775590551181081
631        0.07821709786276702
632        0.12301462317210334
633        0.044206974128233906
634        0.21407199100112473
635        0.4915129358830145
636        0.21584926884139466
637        0.40713723284589415
638        0.2069347581552304
639        0.3722497187851518
640        0.15958942632170967
641        0.00429696287964004
642        0.12325646794150712
643        0.1988638920134983
644        0.1414960629921258
645        0.37552868391451033
646        0.48119235095613033
647        0.2454893138357703
648        0.038059617547806485
649        0.09926884139482547
650        0.23820584926884122
651        0.26692913385826755
652        0.37670416197975226
653        0.319808773903262
654        0.27889763779527543
655        0.36374578177727784
656        0.03277840269966252
657        0.21822272215972982
658        0.08281214848143965
659        0.4669516310461195
660        0.4730089988751405
661        0.13781777277840251
662        0.11995500562429681
663        0.17243532058492672
664        0.06267154105736772
665        0.33556242969628775
666        0.4629190101237346
667        0.05057367829021366
668        0.46226659167604045
669        0.07296400449943741
670        0.3385376827896512
671        0.2381608548931383
672        0.2975084364454441
673        0.34318897637795265
674        0.050731158605174256
675        0.07740157480314944
676        0.12505061867266573
677        0.3073847019122608
678        0.43478627671541065
679        0.2121709786276714
680        0.07228908886389189
681        0.4211023622047243
682        0.18502249718785144
683        0.23797525309336318
684        0.09761529808773886
685        0.06349831271091097
686        0.10977502812148467
687        0.4171709786276714
688        0.10200224971878498
689        0.12151293588301451
690        0.4874746906636673
691        0.4484251968503939
692        0.4164229471316084
693        0.3249606299212598
694        0.11439257592800885
695        0.09778965129358815
696        0.09018560179977488
697        0.4943532058492689
698        0.13748593925759267
699        0.09180539932508422
700        0.02201912260967377
701        0.04586051743532044
702        0.4427952755905512
703        0.1169741282339706
704        0.19608548931383563
705        0.32691788526434173
706        0.22266029246344196
707        0.4854443194600676
708        0.2002980877390324
709        0.48010123734533194
710        0.43906636670416177
711        0.07362767154105722
712        0.10013498312710895
713        0.038683914510686195
714        0.2787570303712034
715        0.2704443194600673
716        0.18799212598425186
717        0.3346906636670415
718        0.2924128233970751
719        0.07075365579302577
720        0.24434195725534283
721        0.07503374578177714
722        0.1463385826771652
723        0.26773903262092236
724        0.28701912260967377
725        0.26730033745781756
726        0.10971878515185583
727        0.1749381327334082
728        0.02871203599550053
729        0.2011811023622045
730        0.20402137232845882
731        0.1354218222722158
732        0.1228065241844768
733        0.04358267716535421
734        0.10337457817772763
735        0.38190663667041613
736        0.4960011248593928
737        0.09691788526434181
738        0.479392575928009
739        0.022030371203599613
740        0.2501293588301461
741        0.06754780652418434
742        0.2705905511811021
743        0.16534870641169833
744        0.12147919010123723
745        0.2612992125984251
746        0.1624409448818896
747        0.11026996625421806
748        0.09028121484814383
749        0.20334083239595027
750        0.49429696287964014
751        0.35393138357705295
752        0.09237345331833507
753        0.42194038245219373
754        0.10955005624296948
755        0.23195725534308204
756        0.08381327334083222
757        0.36750281214848146
758        0.28064116985376814
759        0.10049493813273322
760        0.04061304836895381
761        0.13726096737907745
762        0.49465129358830146
763        0.48212598425196845
764        0.24344769403824507
765        0.3486501687289087
766        0.0852305961754779
767        0.09642857142857128
768        0.2992238470191225
769        0.4921372328458944
770        0.3383408323959505
771        0.3709561304836892
772        0.23592800899887492
773        0.3992519685039372
774        0.13827334083239579
775        0.1007930258717659
776        0.32556242969628796
777        0.4286164229471316
778        0.22673790776152977
779        0.07874578177727769
780        0.32649043869516303
781        0.4718053993250845
782        0.10490438695163089
783        0.11742969628796382
784        0.37125984251968475
785        0.3458998875140606
786        0.37357705286839127
787        0.2153712035995499
788        0.18896512935883
789        0.18618672665916758
790        0.10033745781777262
791        0.27778965129358807
792        0.09525309336332942
793        0.0976321709786275
794        0.20119797525309324
795        0.26938132733408315
796        0.0998875140607423
797        0.01111923509561308
798        0.06591113610798642
799        0.21716535433070852
800        0.30214848143981987
801        0.4063160854893139
802        0.4520134983127111
803        0.46429133858267696
804        0.4393757030371202
805        0.2083183352080988
806        0.23154105736782885
807        0.45786839145106867
808        0.021006749156355475
809        0.09598425196850378
810        0.07852080989876249
811        0.12058492688413937
812        0.12331833520809882
813        0.12053993250843631
814        0.07980877390326196
815        0.16158605174353188
816        0.39890888638920124
817        0.3365860517435321
818        0.3989707536557931
819        0.4049100112485939
820        0.3533352080989875
821        0.07769966254218211
822        0.4439370078740156
823        0.35987626546681634
824        0.08762654668166464
825        0.25179977502812134
826        0.29862204724409447
827        0.1858380202474689
828        0.12933633295838004
829        0.4187120359955005
830        0.03868953880764894
831        0.10717660292463424
832        0.42039932508436406
833        0.20401574803149597
834        0.28569178852643407
835        0.07237907761529792
836        0.05858267716535423
837        0.306299212598425
838        0.17199662542182195
839        0.4475084364454441
840        0.4206805399325084
841        0.42829583802024757
842        0.28143982002249707
843        0.4384251968503937
844        0.013475815523059674
845        0.33600674915635537
846        0.2555230596175477
847        0.22887514060742387
848        0.07523059617547792
849        0.10432508436445427
850        0.19214848143981986
851        0.2346400449943755
852        0.2561361079865016
853        0.45888076490438706
854        0.19787964004499428
855        0.31195725534308205
856        0.48332395950506174
857        0.056057367829021265
858        0.3270359955005622
859        0.3483914510686165
860        0.19440944881889752
861        0.1333239595050617
862        0.12366141732283452
863        0.21024184476940355
864        0.38006749156355446
865        0.1977784026996624
866        0.19782339707536545
867        0.08055680539932496
868        0.10348706411698526
869        0.2086332958380201
870        0.1085208098987625
871        0.09566929133858251
872        0.26918447694038233
873        0.16969066366704147
874        0.2752980877390325
875        0.07563554555680527
876        0.13274465691788512
877        0.1025928008998874
878        0.1097975253093362
879        0.09219910011248579
880        0.07016872890888622
881        0.026479190101237317
882        0.18823397075365558
883        0.08365579302587164
884        0.024071991001124858
885        0.04172665916760401
886        0.12174915635545544
887        0.028442069741282286
888        0.013914510686164299
889        0.001439820022497186
