1        0.10383014623172093
2        0.20149606299212589
3        0.20019122609673784
4        0.09956692913385813
5        0.40519685039370046
6        0.11170416197975241
7        0.1614173228346455
8        0.2933689538807649
9        0.39479752530933593
10        0.03316085489313837
11        0.11005061867266576
12        0.08122047244094474
13        0.417086614173228
14        0.33288526434195714
15        0.06166479190101228
16        0.20562992125984234
17        0.07331833520809887
18        0.10527559055118099
19        0.09339145106861631
20        0.30649606299212595
21        0.20839707536557914
22        0.47251968503936986
23        0.17082677165354318
24        0.13077052868391434
25        0.32922947131608526
26        0.08654668166479176
27        0.04650168728908879
28        0.15131608548931372
29        0.03376827896512932
30        0.059291338582676996
31        0.0286951631046119
32        0.15807086614173213
33        0.17450506186726641
34        0.19960629921259831
35        0.38215410573678277
36        0.11620922384701898
37        0.14806524184476932
38        0.11525871766029235
39        0.08404386951631036
40        0.1640382452193474
41        0.08136670416197961
42        0.07396512935883004
43        0.08811586051743521
44        0.08251968503936996
45        0.11911136107986482
46        0.07840832395950494
47        0.1559448818897636
48        0.022305961754780775
49        0.3274971878515183
50        0.11610236220472431
51        0.4784533183352081
52        0.025084364454443207
53        0.3987682789651291
54        0.07724971878515173
55        0.37744656917885244
56        0.16453880764904372
57        0.5074465691788529
58        0.32058492688413937
59        0.45329583802024737
60        0.1608042744656917
61        0.29647919010123713
62        0.09874015748031477
63        0.29880202474690665
64        0.11482002249718766
65        0.1995894263217096
66        0.11685601799775011
67        0.15656355455568036
68        0.26711473565804245
69        0.051434195725534204
70        0.3137907761529807
71        0.09858267716535417
72        0.24899887514060723
73        0.2559448818897636
74        0.28508998875140595
75        0.1333014623172102
76        0.02128796400449941
77        0.11467379077615282
78        0.3237232845894262
79        0.07667604049493802
80        0.0014510686164229453
81        0.009724409448818886
82        0.07572553430821136
83        0.027829021372328466
84        0.1542744656917884
85        0.08945444319460051
86        0.031017997750281162
87        0.012761529808773904
88        0.4387514060742405
89        0.0887401574803148
90        0.35526434195725526
91        0.2084645669291338
92        0.11975815523059596
93        0.247328458942632
94        0.12884701912260946
95        0.26677165354330706
96        0.25300899887514033
97        0.05925196850393692
98        0.4847919010123731
99        0.0634308211473565
100        0.11007874015748013
101        0.03003937007874015
102        0.14928008998875122
103        0.0908380202474689
104        0.4478740157480315
105        0.424521934758155
106        0.22797525309336308
107        0.10324521934758138
108        0.4591113610798648
109        0.4798593925759275
110        0.4218053993250839
111        0.14750843644544417
112        0.0848256467941506
113        0.4864004499437566
114        0.39756467941507295
115        0.2778908886389199
116        0.12425759280089974
117        0.159201349831271
118        0.4727165354330707
119        0.11686726659167589
120        0.3930821147356579
121        0.42670978627671535
122        0.32991001124859387
123        0.46932508436445425
124        0.22678852643419542
125        0.35487064116985345
126        0.16401012373453303
127        0.09422384701912247
128        0.408172103487064
129        0.14636670416197958
130        0.4504499437570302
131        0.11980314960629905
132        0.5130146231721033
133        0.4375253093363327
134        0.30456130483689514
135        0.16667041619797504
136        0.315230596175478
137        0.20788526434195706
138        0.1963104611923508
139        0.45467941507311566
140        0.24926884139482552
141        0.1888751406074239
142        0.04514623172103477
143        0.42428571428571393
144        0.12908323959505044
145        0.1092069741282338
146        0.10974690663667022
147        0.18052305961754767
148        0.4367266591676038
149        0.09902699662542162
150        0.0642575928008998
151        0.1479977502812147
152        0.39438695163104603
153        0.15039370078740139
154        0.1704161979752529
155        0.3190269966254215
156        0.417317210348706
157        0.1606299212598423
158        0.4271147356580424
159        0.08347019122609664
160        0.2856917885264341
161        0.37673790776152954
162        0.29019685039370074
163        0.46876265466816636
164        0.4408886389201348
165        0.2752418447694037
166        0.4413498312710905
167        0.21254218222722138
168        0.08158042744656906
169        0.18529808773903253
170        0.514431946006749
171        0.34428008998875126
172        0.15040494938132717
173        0.24458942632170963
174        0.16809898762654651
175        0.246906636670416
176        0.160691788526434
177        0.05758717660292446
178        0.28561867266591656
179        0.2747581552305961
180        0.10394825646794131
181        0.19363892013498302
182        0.09064116985376809
183        0.19131046119235073
184        0.09975253093363312
185        0.10506186726659149
186        0.12570866141732262
187        0.26913948256467923
188        0.09657480314960618
189        0.389510686164229
190        0.2432508436445443
191        0.401872890888639
192        0.1493025871766028
193        0.4473172103487062
194        0.10353205849268829
195        0.29869516310461175
196        0.33270528683914496
197        0.3823509561304834
198        0.048312710911135995
199        0.5016591676040495
200        0.058222722159729914
201        0.10386389201349817
202        0.334617547806524
203        0.13340269966254203
204        0.5118053993250838
205        0.49049493813273337
206        0.2537232845894263
207        0.35448256467941486
208        0.07411698537682777
209        0.3343757030371202
210        0.3668053993250842
211        0.21216535433070846
212        0.49556805399325066
213        0.19152418447694022
214        0.3883802024746903
215        0.32756467941507295
216        0.45591113610798617
217        0.08179977502812133
218        0.2833127109111361
219        0.25360517435320556
220        0.08407199100112467
221        0.1897244094488187
222        0.023706411698537665
223        0.45860517435320597
224        0.5032733408323958
225        0.2865410573678288
226        0.2455343082114734
227        0.18909448818897612
228        0.4488695163104612
229        0.14201349831271076
230        0.512007874015748
231        0.4196850393700784
232        0.12645669291338563
233        0.5119347581552304
234        0.10233970753655783
235        0.027069741282339698
236        0.302137232845894
237        0.5099887514060741
238        0.08831833520809884
239        0.4860742407199102
240        0.30114735658042735
241        0.18722722159730007
242        0.21046681664791891
243        0.3686951631046118
244        0.22430821147356578
245        0.2420809898762653
246        0.21750281214848133
247        0.4948931383577051
248        0.2942632170978626
249        0.18277840269966228
250        0.042334083239595054
251        0.06192350956130474
252        0.02719347581552307
253        0.10421259842519671
254        0.3797019122609672
255        0.3782845894263218
256        0.34360517435320576
257        0.4414848143982
258        0.47180539932508425
259        0.5111754780652418
260        0.5066929133858268
261        0.19476940382452176
262        0.19789651293588295
263        0.3227221597300337
264        0.12742407199100092
265        0.0395500562429696
266        0.5005455568053992
267        0.3196850393700784
268        0.07855455568053979
269        0.2272159730033744
270        0.3077840269966254
271        0.34922384701912246
272        0.25174915635545536
273        0.5134758155230594
274        0.09607424071990989
275        0.43435883014623144
276        0.19094488188976372
277        0.286344206974128
278        0.28332958380202455
279        0.11208661417322817
280        0.44304836895388083
281        0.461389201349831
282        0.15032620922384685
283        0.10209223847019114
284        0.3361192350956129
285        0.5087570303712029
286        0.18873453318335195
287        0.004122609673790764
288        0.19854893138357696
289        0.4737795275590548
290        0.45978065241844746
291        0.15075365579302574
292        0.11403262092238457
293        0.0944656917885263
294        0.12121484814398185
295        0.05711473565804263
296        0.07710348706411686
297        0.35277277840269966
298        0.28061867266591667
299        0.48046119235095597
300        0.19126546681664774
301        0.35272778402699634
302        0.06550618672665907
303        0.26496062992125974
304        0.11454443194600655
305        0.08746906636670398
306        0.40178290213723256
307        0.09518560179977482
308        0.3749943757030372
309        0.21239595050618645
310        0.17691226096737891
311        0.4100281214848143
312        0.016676040494938153
313        0.0014116985376827881
314        0.4188976377952754
315        0.13160854893138343
316        0.4011023622047243
317        0.5082170978627668
318        0.17258717660292447
319        0.41684476940382437
320        0.10449381327334066
321        0.31436445444319455
322        0.4990607424071989
323        0.10923509561304819
324        0.4306411698537682
325        0.19947131608548918
326        0.30270528683914494
327        0.2604443194600673
328        0.4084251968503937
329        0.11916760404949364
330        0.2613385826771653
331        0.16750281214848128
332        0.10957817772778382
333        0.11860517435320565
334        0.30982564679415064
335        0.21303149606299202
336        0.3737007874015747
337        0.4762092238470188
338        0.0404274465691788
339        0.10951631046119223
340        0.08266029246344189
341        0.257283464566929
342        0.24508998875140595
343        0.29906636670416176
344        0.3857536557930257
345        0.3114735658042745
346        0.13032058492688398
347        0.3980821147356579
348        0.3743082114735659
349        0.22785151856017982
350        0.353397075365579
351        0.468728908886389
352        0.19362767154105712
353        0.2706805399325083
354        0.3252474690663668
355        0.05285151856017993
356        0.4816985376827894
357        0.0403430821147356
358        0.32482002249718767
359        0.2046400449943755
360        0.1535489313835769
361        0.46297525309336285
362        0.2992125984251967
363        0.12241282339707522
364        0.5039426321709786
365        0.1493757030371202
366        0.1085376827896511
367        0.25070303712035985
368        0.4516929133858263
369        0.3798256467941505
370        0.5034476940382452
371        0.25301462317210344
372        0.4951237345331827
373        0.2604893138357704
374        0.20624296962879626
375        0.2384083239595049
376        0.012204724409448798
377        0.41812710911136103
378        0.12892013498312693
379        0.2142519685039368
380        0.512755905511811
381        0.4743925759280089
382        0.10284026996625407
383        0.14654668166479173
384        0.1452868391451067
385        0.40836895388076483
386        0.5058773903262092
387        0.26025309336332936
388        0.3545331833520809
389        0.2621484814398199
390        0.25772215973003354
391        0.346490438695163
392        0.4974859392575927
393        0.5144206974128234
394        0.12057930258717642
395        0.30613610798650165
396        0.4635320584926884
397        0.08441507311586037
398        0.49015185601799743
399        0.5133239595050617
400        0.08055118110236206
401        0.19971316085489302
402        0.09935883014623158
403        0.3464229471316083
404        0.49575928008998815
405        0.2932395950506185
406        0.4542632170978625
407        0.3351349831271089
408        0.513773903262092
409        0.04453880764904377
410        0.5114679415073112
411        0.21381889763779507
412        0.27503937007873996
413        0.3534870641169852
414        0.18638357705286818
415        0.499291338582677
416        0.5126996625421818
417        0.4243025871766025
418        0.3691619797525307
419        0.2239763779527557
420        0.2772665916760405
421        0.49305399325084315
422        0.07559055118110226
423        0.36255905511811
424        0.1249268841394824
425        0.49746344206974125
426        0.4491113610798647
427        0.3280764904386953
428        0.45388638920134944
429        0.22514623172103465
430        0.476158605174353
431        0.5135658042744654
432        0.08345331833520796
433        0.5023959505061868
434        0.5120528683914511
435        0.25107986501687285
436        0.3301631046119234
437        0.4594994375703036
438        0.42235095613048323
439        0.389983127109111
440        0.23940382452193476
441        0.36303712035995483
442        0.4633183352080988
443        0.2065748031496061
444        0.15267154105736763
445        0.3539707536557928
446        0.06323397075365567
447        0.5157649043869512
448        0.5123228346456693
449        0.5150731158605175
450        0.21878515185601777
451        0.4725871766029244
452        0.4939538807649043
453        0.5113779527559054
454        0.21735658042744646
455        0.5020753655793024
456        0.49518560179977483
457        0.1484645669291337
458        0.50888638920135
459        0.460922384701912
460        0.42363329583802006
461        0.47448256467941485
462        0.43206974128233955
463        0.46637232845894205
464        0.4923228346456691
465        0.4669572553430822
466        0.5030764904386946
467        0.14166479190101228
468        0.19188976377952738
469        0.3709336332958379
470        0.4335601799775024
471        0.5101687289088863
472        0.2437570303712035
473        0.13959505061867256
474        0.22720472440944872
475        0.2806805399325083
476        0.09296962879640029
477        0.37381889763779513
478        0.06633858267716519
479        0.21410011248593908
480        0.05454443194600666
481        0.4628796400449946
482        0.5115523059617544
483        0.3475309336332959
484        0.4652418447694038
485        0.3928683914510684
486        0.41753093363329585
487        0.4654555680539931
488        0.3446231721034869
489        0.1803262092238469
490        0.4919685039370077
491        0.3078627671541057
492        0.41702474690663655
493        0.13515748031496047
494        0.35550056242969624
495        0.10132733408323948
496        0.4855005624296961
497        0.18299212598425185
498        0.3443250843644543
499        0.47864454443194554
500        0.3406017997750279
501        0.10532620922384686
502        0.35272215973003357
503        0.46393700787401554
504        0.5120697412823393
505        0.2786220472440944
506        0.5034645669291336
507        0.05261529808773893
508        0.4735714285714284
509        0.38616985376827906
510        0.19556805399325067
511        0.4840944881889764
512        0.14655230596175461
513        0.46207536557930257
514        0.10489313835770514
515        0.40487626546681676
516        0.07767154105736768
517        0.3521653543307084
518        0.44784589426321686
519        0.3737345331833521
520        0.08647919010123722
521        0.179994375703037
522        0.15823397075365567
523        0.4976602924634421
524        0.2232677165354329
525        0.33122047244094477
526        0.47924071991001105
527        0.21809336332958368
528        0.4132058492688412
529        0.4518897637795274
530        0.1316929133858266
531        0.4505455568053993
532        0.3373790776152979
533        0.0778683914510685
534        0.2840382452193475
535        0.16036557930258696
536        0.513127109111361
537        0.384285714285714
538        0.5136051743532059
539        0.4539426321709786
540        0.4334139482564676
541        0.057671541057367756
542        0.0680877390326208
543        0.4902193475815521
544        0.37147919010123714
545        0.5067154105736784
546        0.49782902137232826
547        0.49727221597300314
548        0.5082508436445444
549        0.37118672665916763
550        0.5106411698537683
551        0.42161979752530937
552        0.5066816647919008
553        0.14423509561304815
554        0.24416197975253065
555        0.39689538807649016
556        0.27880764904386945
557        0.47096175478065194
558        0.35695163104611916
559        0.2585939257592799
560        0.48398200224971893
561        0.3052418447694037
562        0.5131721034870639
563        0.08620359955005612
564        0.4781102362204722
565        0.11426321709786265
566        0.3223284589426321
567        0.338976377952756
568        0.5128683914510682
569        0.1065410573678289
570        0.4421822272215973
571        0.38371203599550036
572        0.38172665916760384
573        0.39997187851518556
574        0.3722722159730033
575        0.46982002249718774
576        0.2912710911136107
577        0.08298087739032604
578        0.1022047244094486
579        0.362615298087739
580        0.09209786276715395
581        0.21834083239595042
582        0.3547356580427445
583        0.09368953880764894
584        0.48141732283464533
585        0.20946569178852623
586        0.44506186726659136
587        0.289994375703037
588        0.5122947131608546
589        0.11155230596175462
590        0.10167041619797507
591        0.18564116985376822
592        0.3144488188976377
593        0.4403037120359955
594        0.016822272215973
595        0.08159730033745766
596        0.3267941507311585
597        0.4764004499437569
598        0.15991563554555668
599        0.10979752530933619
600        0.14293025871766016
601        0.3350224971878514
602        0.3132958380202476
603        0.1327784026996624
604        0.24862204724409442
605        0.1130146231721033
606        0.50338020247469
607        0.1557424071990999
608        0.32474128233970717
609        0.4416310461192351
610        0.3586276715410572
611        0.37873453318335193
612        0.07272215973003361
613        0.4270416197975251
614        0.29213723284589405
615        0.14420697412823377
616        0.12166479190101223
617        0.5087964004499436
618        0.0169516310461193
619        0.4754949381327336
620        0.270365579302587
621        0.11078177727784012
622        0.3162823397075365
623        0.12147356580427429
624        0.23255343082114716
625        0.27851518560179966
626        0.28523059617547797
627        0.3934645669291339
628        0.12005624296962861
629        0.24296400449943736
630        0.2972440944881888
631        0.10339145106861623
632        0.1226715410573677
633        0.06857705286839129
634        0.24320584926884123
635        0.5131383577052868
636        0.24109673790776154
637        0.4215804274465691
638        0.2099212598425196
639        0.39641732283464554
640        0.1602587176602923
641        0.007030371203599544
642        0.13248031496062984
643        0.23197412823397048
644        0.17141169853768268
645        0.36636107986501687
646        0.4925478065241842
647        0.24214285714285697
648        0.06809336332958366
649        0.10638920134983117
650        0.24899325084364446
651        0.2846737907761528
652        0.40649043869516255
653        0.33242407199100105
654        0.3155624296962879
655        0.4064229471316084
656        0.03485939257592798
657        0.28616422947131603
658        0.09151293588301446
659        0.47886389201349794
660        0.5053712035995498
661        0.16725534308211457
662        0.14897637795275573
663        0.18528683914510666
664        0.07118110236220461
665        0.3897919010123734
666        0.49098425196850376
667        0.06760404949381314
668        0.48514060742407183
669        0.0707424071991
670        0.36789651293588294
671        0.26643982002249694
672        0.27472440944881865
673        0.336304836895388
674        0.04248031496062987
675        0.07165916760404936
676        0.09655793025871752
677        0.34751406074240715
678        0.4551799775028118
679        0.24112485939257577
680        0.14224971878515175
681        0.43359392575927996
682        0.18381889763779521
683        0.24613610798650165
684        0.11531496062992112
685        0.07892575928008994
686        0.09564679415073098
687        0.4351293588301462
688        0.11385826771653526
689        0.1201462317210347
690        0.5121372328458942
691        0.4761529808773905
692        0.4445613048368953
693        0.32275028121484794
694        0.10419010123734514
695        0.12089988751406057
696        0.11133858267716519
697        0.512564679415073
698        0.12313835770528665
699        0.07523059617547795
700        0.016760404949381396
701        0.08469628796400432
702        0.49326209223847
703        0.10623172103487041
704        0.21955005624296947
705        0.3527502812148481
706        0.2581102362204725
707        0.5060854893138357
708        0.22150168728908873
709        0.4922384701912257
710        0.4823003374578176
711        0.11116422947131596
712        0.0859842519685038
713        0.028903262092238466
714        0.32560179977502807
715        0.3389651293588301
716        0.16489313835770514
717        0.3151912260967378
718        0.3356917885264339
719        0.09098987626546672
720        0.22940944881889752
721        0.09071991001124843
722        0.18195163104611903
723        0.2633633295838019
724        0.2880989876265464
725        0.2848818897637793
726        0.1214341957255341
727        0.19656355455568036
728        0.03427446569178849
729        0.26141169853768265
730        0.2338301462317208
731        0.10875703037120348
732        0.11114173228346441
733        0.04757030371203595
734        0.08682227221597284
735        0.4043588301462319
736        0.5125421822272213
737        0.15785714285714267
738        0.4978683914510688
739        0.016929133858267723
740        0.2965635545556804
741        0.08092800899887498
742        0.30725534308211466
743        0.1567829021372326
744        0.13622047244094473
745        0.23982564679415058
746        0.16134983127109087
747        0.13002812148481427
748        0.07826209223847001
749        0.214386951631046
750        0.5105961754780651
751        0.39580427446569155
752        0.11311586051743516
753        0.4380989876265463
754        0.09892575928008983
755        0.24019685039370064
756        0.08310461192350939
757        0.4208042744656918
758        0.2753937007874015
759        0.13478065241844758
760        0.05267154105736774
761        0.18463442069741262
762        0.5135376827896512
763        0.495691788526434
764        0.24426321709786272
765        0.3509336332958377
766        0.09065804274465677
767        0.0831046119235094
768        0.28523059617547786
769        0.5093475815523056
770        0.33111923509561286
771        0.3843082114735654
772        0.2278796400449941
773        0.4182002249718783
774        0.156490438695163
775        0.10475253093363315
776        0.3736220472440943
777        0.47051743532058465
778        0.22835208098987617
779        0.09345894263217082
780        0.3751631046119233
781        0.49604611923509556
782        0.10171541057367817
783        0.12212035995500542
784        0.3600506186726659
785        0.42701912260967356
786        0.39453318335208065
787        0.20309336332958375
788        0.20575365579302574
789        0.22838582677165342
790        0.11358830146231705
791        0.3288470191226095
792        0.13124296962879622
793        0.09370641169853754
794        0.16834645669291323
795        0.26370641169853754
796        0.12248031496062982
797        0.01924071991001131
798        0.11906074240719891
799        0.23562992125984233
800        0.3175478065241845
801        0.4156524184476938
802        0.45398762654668134
803        0.47476940382452165
804        0.46027559055118095
805        0.2175478065241843
806        0.18520809898762636
807        0.48817210348706397
808        0.00652980877390325
809        0.0790326209223846
810        0.09186164229471303
811        0.12680539932508422
812        0.10825084364454426
813        0.18512935883014603
814        0.12473003374578157
815        0.14853768278965107
816        0.43762092238470196
817        0.30552305961754767
818        0.4076996625421823
819        0.4401012373453316
820        0.38073115860517426
821        0.11320584926884124
822        0.4795106861642294
823        0.3814566929133858
824        0.0703599550056242
825        0.2649381327334081
826        0.3384758155230596
827        0.22177727784026977
828        0.15190663667041604
829        0.4667772778402695
830        0.06070303712035982
831        0.14305961754780636
832        0.43613610798650165
833        0.2191957255343082
834        0.2819460067491563
835        0.07843082114735637
836        0.03965691788526423
837        0.3533014623172101
838        0.15797525309336313
839        0.4797356580427442
840        0.4589988751406068
841        0.46282339707536535
842        0.33102362204724395
843        0.4524690663667041
844        0.01157480314960631
845        0.3714848143981999
846        0.251766029246344
847        0.2734195725534307
848        0.09541057367829005
849        0.11195163104611909
850        0.16818335208098964
851        0.27357142857142835
852        0.29539370078740157
853        0.4845331833520809
854        0.2503149606299211
855        0.35695725534308187
856        0.49259842519685004
857        0.06561867266591659
858        0.3593307086614173
859        0.3871203599550055
860        0.19553993250843635
861        0.14546119235095592
862        0.1329583802024745
863        0.20421822272215961
864        0.37287964004499424
865        0.20410573678290203
866        0.21724409448818885
867        0.09614735658042729
868        0.08115860517435305
869        0.2620247469066364
870        0.1530371203599548
871        0.07372328458942619
872        0.24835770528683898
873        0.25537120359954985
874        0.29231158605174345
875        0.10575928008998861
876        0.12170416197975235
877        0.12101237345331814
878        0.10357705286839126
879        0.09160854893138341
880        0.08124859392575912
881        0.034926884139482535
882        0.21214848143981985
883        0.10710911136107967
884        0.027733408323959572
885        0.04323959505061867
886        0.10579865016872876
887        0.04214848143981999
888        0.027019122609673794
889        0.003987626546681657
