1        0.005607424071990992
2        0.013087739032620933
3        0.01147356580427446
4        0.002030371203599555
5        0.05651856017997745
6        0.008037120359954995
7        0.003391451068616424
8        0.018340832395950503
9        0.017373453318335216
10        0.0014341957255343076
11        0.004634420697412814
12        0.0016760404949381336
13        0.04730033745781775
14        0.029476940382452188
15        0.001496062992125985
16        0.010883014623172088
17        0.0042407199100112395
18        0.003740157480314955
19        0.002868391451068617
20        0.013087739032620931
21        0.027739032620922355
22        0.09151856017997746
23        0.0053543307086614126
24        0.0050674915635545515
25        0.020410573678290227
26        0.0031664791901012336
27        0.0024971878515185637
28        0.0048481439820022496
29        0.0015579302587176587
30        0.004111361079865023
31        0.0015916760404949383
32        0.002919010123734535
33        0.012547806524184477
34        0.004881889763779525
35        0.053627671541057326
36        0.014595050618672712
37        0.004476940382452188
38        0.023627671541057393
39        0.0016647919010123755
40        0.009505061867266568
41        0.007058492688413942
42        0.0017997750281214875
43        0.004561304836895371
44        0.0036839145106861643
45        0.006242969628796383
46        0.0015298087739032632
47        0.006029246344206953
48        0.001383577052868389
49        0.03578177727784027
50        0.005461192350956128
51        0.08704724409448811
52        0.001400449943757029
53        0.030343082114735673
54        0.0015748031496062975
55        0.03291901012373453
56        0.007890888638920117
57        0.07078740157480314
58        0.029251968503937017
59        0.054212598425196816
60        0.0037232845894263223
61        0.013644544431946022
62        0.005179977502812127
63        0.015764904386951672
64        0.004904386951631043
65        0.0418897637795275
66        0.00467941507311585
67        0.009229471316085484
68        0.039960629921259774
69        0.001608548931383577
70        0.03632733408323958
71        0.010292463442069742
72        0.04094488188976373
73        0.0416704161979752
74        0.01949381327334085
75        0.004741282339707526
76        0.001608548931383579
77        0.012069741282339772
78        0.03111361079865018
79        0.0030539932508436445
80        0.0012992125984251932
81        0.0013723284589426297
82        0.0015748031496063
83        0.0014510686164229466
84        0.006771653543307058
85        0.0030539932508436424
86        0.0015579302587176622
87        0.0016085489313835766
88        0.047289088863892
89        0.002806524184476942
90        0.02675478065241846
91        0.020905511811023653
92        0.008481439820022472
93        0.01941507311586056
94        0.01295275590551182
95        0.017812148481439846
96        0.03141169853768277
97        0.0015016872890888638
98        0.07677165354330705
99        0.004308211473565797
100        0.0016479190101237355
101        0.0026884139482564757
102        0.008678290213723258
103        0.0024746906636670513
104        0.05260404949381321
105        0.04414510686164226
106        0.013622047244094526
107        0.004735658042744637
108        0.05390888638920132
109        0.056861642294713105
110        0.06937570303712028
111        0.0021034870641169876
112        0.0031833520809898715
113        0.12656355455568044
114        0.022469066366704163
115        0.014640044994375734
116        0.0035770528683914497
117        0.00789088863892011
118        0.09069741282339706
119        0.012688413948256493
120        0.044038245219347544
121        0.04826209223847016
122        0.02498875140607424
123        0.05704724409448818
124        0.01136107986501689
125        0.034330708661417304
126        0.00384701912260967
127        0.007159730033745757
128        0.06271653543307082
129        0.013464566929133887
130        0.06475253093363324
131        0.007868391451068598
132        0.18061867266591666
133        0.06296400449943751
134        0.058273340832395853
135        0.005793025871766003
136        0.048323959505061805
137        0.01311586051743533
138        0.015916760404949423
139        0.09984251968503925
140        0.021856017997750346
141        0.010506186726659164
142        0.005196850393700794
143        0.04683352080989873
144        0.011484814398200231
145        0.007896512935883006
146        0.001974128233970755
147        0.0210404949381328
148        0.07581552305961747
149        0.01120922384701911
150        0.007187851518560158
151        0.005359955005624286
152        0.038323959505061886
153        0.01173228346456693
154        0.0074296962879639794
155        0.05164791901012366
156        0.04935320584926881
157        0.008155230596175463
158        0.09113048368953873
159        0.006237345331833522
160        0.03401012373453314
161        0.03998312710911136
162        0.022682789651293608
163        0.06609111361079857
164        0.0914116985376827
165        0.03595613048368953
166        0.07030933633295833
167        0.01091113610798653
168        0.0029246344206974146
169        0.007418447694038233
170        0.1802868391451068
171        0.027418447694038246
172        0.011186726659167598
173        0.019105736782902165
174        0.014274465691788528
175        0.0211417322834646
176        0.010123734533183335
177        0.0068672665916760245
178        0.032339707536557925
179        0.052800899887514
180        0.012727784026996614
181        0.015354330708661448
182        0.009628796400449922
183        0.01109673790776153
184        0.0052699662542182
185        0.004426321709786271
186        0.007187851518560167
187        0.028059617547806483
188        0.010258717660292469
189        0.03289088863892013
190        0.017418447694038303
191        0.08161417322834637
192        0.021124859392576013
193        0.07641169853768273
194        0.006794150731158581
195        0.02767154105736786
196        0.04595613048368951
197        0.05322834645669285
198        0.0025759280089988745
199        0.151771653543307
200        0.003520809898762657
201        0.016434195725534406
202        0.04875140607424067
203        0.02276715410573682
204        0.2056355455568056
205        0.10185039370078737
206        0.048768278965129266
207        0.04126546681664787
208        0.0036445444319459903
209        0.057902137232845804
210        0.04664229471316081
211        0.025500562429696297
212        0.11376265466816637
213        0.01299775028121486
214        0.04442069741282336
215        0.03146794150731155
216        0.07901574803149597
217        0.005230596175478049
218        0.04890326209223843
219        0.03349831271091109
220        0.0044600674915635545
221        0.011946006749156352
222        0.0031552305961754746
223        0.095978627671541
224        0.1051237345331833
225        0.03146231721034871
226        0.03557930258717656
227        0.014938132733408356
228        0.0913385826771653
229        0.013982002249718834
230        0.15257592800899886
231        0.07189538807649033
232        0.008301462317210328
233        0.12526434195725533
234        0.005809898762654655
235        0.0024128233970753697
236        0.03224971878515185
237        0.11393700787401567
238        0.017131608548931417
239        0.12634983127109106
240        0.041001124859392536
241        0.008638920134983108
242        0.0388020247469066
243        0.0429358830146231
244        0.025911136107986513
245        0.028892013498312705
246        0.03570303712035989
247        0.11731158605174347
248        0.024544431946006792
249        0.015905511811023655
250        0.0016085489313835766
251        0.002632170978627677
252        0.0013273340832395924
253        0.009662542182227203
254        0.05003374578177724
255        0.07055118110236208
256        0.05362204724409441
257        0.07991563554555671
258        0.08197412823397071
259        0.1363160854893137
260        0.13032620922384688
261        0.017019122609673795
262        0.029763779527559025
263        0.04809336332958375
264        0.02150731158605176
265        0.0024465691788526436
266        0.14127671541057352
267        0.02707536557930259
268        0.003835770528683928
269        0.030354330708661396
270        0.04099550056242963
271        0.0651181102362204
272        0.041332958380202435
273        0.21044431946006764
274        0.011929133858267715
275        0.066349831271091
276        0.02447694038245223
277        0.025562429696287997
278        0.039881889763779516
279        0.016794150731158676
280        0.0910854893138357
281        0.08664229471316069
282        0.009533183352080974
283        0.013807649043869543
284        0.05489313835770522
285        0.15440944881889757
286        0.02196287964004503
287        0.00224409448818899
288        0.015883014623172164
289        0.10738470191226089
290        0.08742969628796392
291        0.013593925759280132
292        0.012964004499437581
293        0.017170978627671574
294        0.011203599550056257
295        0.0031102362204724395
296        0.0055793025871765925
297        0.08031496062992113
298        0.03376827896512932
299        0.10484814398200216
300        0.03656917885264334
301        0.053487064116985256
302        0.0051124859392575875
303        0.039184476940382386
304        0.018132733408324
305        0.008498312710911114
306        0.0707817772778402
307        0.010016872890888616
308        0.05753655793025863
309        0.026541057367829066
310        0.026366704161979712
311        0.0770247469066366
312        0.0036389201349831296
313        0.0012767154105736743
314        0.0528233970753655
315        0.013278965129358864
316        0.06563554555680531
317        0.1285264341957255
318        0.008773903262092226
319        0.0604105736782901
320        0.011794150731158606
321        0.06489876265466807
322        0.14570303712035987
323        0.012137232845894259
324        0.08456130483689525
325        0.027418447694038228
326        0.03605174353205849
327        0.027654668166479192
328        0.05604611923509556
329        0.021625421822272308
330        0.043267716535433
331        0.02299212598425199
332        0.011242969628796406
333        0.010337457817772764
334        0.03035433070866139
335        0.0324240719910011
336        0.06369516310461182
337        0.1063385826771653
338        0.0036895388076490353
339        0.01890326209223852
340        0.006501687289088857
341        0.02363892013498317
342        0.01702474690663667
343        0.046113610798650055
344        0.07291901012373449
345        0.03399325084364448
346        0.021619797525309417
347        0.07089426321709776
348        0.06673228346456685
349        0.025371203599550033
350        0.06745781777277832
351        0.09245219347581546
352        0.019825646794150786
353        0.036552305961754704
354        0.0748031496062991
355        0.005494938132733385
356        0.10650168728908879
357        0.002384701912260971
358        0.05181664791901003
359        0.013908886389201397
360        0.01985376827896518
361        0.11424071991001114
362        0.03917322834645669
363        0.016732283464566938
364        0.13552305961754768
365        0.02325084364454446
366        0.010978627671541057
367        0.04464004499437564
368        0.11142294713160845
369        0.07975253093363321
370        0.1508886389201348
371        0.034555680539932465
372        0.12592238470191222
373        0.023616422947131576
374        0.02919010123734533
375        0.028959505061867258
376        0.001591676040494937
377        0.07874578177727776
378        0.009904386951631016
379        0.025663667041619806
380        0.17006186726659167
381        0.13209786276715405
382        0.006563554555680529
383        0.01352080989876269
384        0.01745219347581555
385        0.09661417322834634
386        0.15669853768278957
387        0.03924071991001121
388        0.07174353205849263
389        0.061192350956130376
390        0.023318335208099023
391        0.06782902137232841
392        0.16297525309336325
393        0.16898762654668156
394        0.013880764904386979
395        0.036023622047244096
396        0.10375140607424062
397        0.00928571428571426
398        0.11632170978627661
399        0.2078908886389201
400        0.011175478065241842
401        0.03415073115860512
402        0.009077615298087715
403        0.06392575928008988
404        0.14647356580427437
405        0.06635545556805393
406        0.11376827896512927
407        0.07455005624296952
408        0.15048931383577055
409        0.0020641169853768274
410        0.1665298087739032
411        0.02530371203599551
412        0.03875140607424063
413        0.05313273340832394
414        0.017570303712036054
415        0.10485376827896502
416        0.20554555680539932
417        0.0985658042744656
418        0.049887514060742336
419        0.014752530933633302
420        0.038177727784026956
421        0.14179977502812144
422        0.007199100112485915
423        0.06314960629921253
424        0.013391451068616429
425        0.12369516310461177
426        0.09438132733408314
427        0.08145669291338571
428        0.1046906636670415
429        0.043166479190101234
430        0.1090776152980877
431        0.20782339707536565
432        0.005815523059617559
433        0.15393700787401568
434        0.16143419572553427
435        0.03179977502812145
436        0.06295838020247459
437        0.12093363329583794
438        0.09187851518560168
439        0.0636501687289088
440        0.04091113610798645
441        0.05588863892013492
442        0.10125421822272208
443        0.027395950506186727
444        0.022328458942632218
445        0.04915635545556798
446        0.0034364454443194543
447        0.1857086614173228
448        0.1995613048368953
449        0.17458942632170973
450        0.03895388076490436
451        0.12331271091113599
452        0.10893138357705272
453        0.17653543307086605
454        0.028892013498312684
455        0.1528008998875139
456        0.13706974128233965
457        0.021192350956130538
458        0.16151856017997746
459        0.11813835770528679
460        0.09666479190101224
461        0.1193588301462316
462        0.10658605174353195
463        0.12275028121484809
464        0.1105905511811023
465        0.11140607424071979
466        0.1596287964004499
467        0.01816085489313839
468        0.027013498312710927
469        0.06314960629921251
470        0.09871203599550048
471        0.1664285714285713
472        0.030871766029246288
473        0.02392013498312714
474        0.0416479190101237
475        0.0567885264341956
476        0.016794150731158666
477        0.06877390326209216
478        0.004859392575928003
479        0.015331833520809947
480        0.011636670416197988
481        0.12012935883014608
482        0.18574803149606303
483        0.07168166479190095
484        0.11774465691788513
485        0.06002812148481431
486        0.09270528683914503
487        0.1435995500562429
488        0.08168166479190092
489        0.0343700787401574
490        0.13807086614173217
491        0.03780089988751409
492        0.09641732283464557
493        0.028706411698537663
494        0.08243532058492674
495        0.02696287964004499
496        0.1262598425196849
497        0.03325646794150729
498        0.09241844769403813
499        0.12082114735658035
500        0.05244656917885262
501        0.02769403824521933
502        0.0652868391451068
503        0.12442069741282329
504        0.18532058492688408
505        0.06174353205849261
506        0.16208098987626546
507        0.01128796400449944
508        0.11246906636670406
509        0.08323959505061854
510        0.032553430821147325
511        0.14222722159730028
512        0.0189426321709787
513        0.11582677165354323
514        0.0076377952755905445
515        0.08158042744656906
516        0.010905511811023618
517        0.06989876265466806
518        0.09662542182227205
519        0.06209786276715404
520        0.01915635545556809
521        0.024454443194600675
522        0.018104611923509623
523        0.14062992125984247
524        0.038571428571428486
525        0.0557817772778402
526        0.13144544431945998
527        0.050275590551181006
528        0.0792744656917884
529        0.09983127109111352
530        0.0224184476940383
531        0.12092238470191219
532        0.05106299212598417
533        0.009713160854893134
534        0.06140607424071983
535        0.02518560179977506
536        0.2076321709786278
537        0.06046119235095606
538        0.17667041619797513
539        0.1045725534308211
540        0.0933689538807648
541        0.006827896512935865
542        0.008278965129358818
543        0.12516872890888628
544        0.07100112485939249
545        0.141304836895388
546        0.13943757030371187
547        0.14090551181102356
548        0.13896512935883001
549        0.05625421822272207
550        0.19000000000000003
551        0.07456130483689528
552        0.1342350956130483
553        0.018931383577052943
554        0.019386951631046145
555        0.0765635545556804
556        0.036422947131608506
557        0.10762092238470178
558        0.07270528683914501
559        0.04744094488188967
560        0.13076490438695154
561        0.0503318335208098
562        0.18053430821147348
563        0.01033183352080989
564        0.1012035995500562
565        0.02320584926884144
566        0.07104611923509549
567        0.055883014623172064
568        0.17504499437570295
569        0.017570303712036085
570        0.11136670416197962
571        0.07233408323959496
572        0.09791338582677149
573        0.052660292463442025
574        0.06791901012373444
575        0.12233408323959497
576        0.06408323959505055
577        0.02799775028121487
578        0.019842519685039445
579        0.07841957255343077
580        0.01646794150731161
581        0.042390326209223755
582        0.058301462317210284
583        0.009533183352080966
584        0.13035995500562422
585        0.03226096737907757
586        0.10875140607424055
587        0.032857142857142814
588        0.1581439820022497
589        0.016563554555680603
590        0.008965129358830128
591        0.047575928008998784
592        0.05526434195725526
593        0.09686164229471306
594        0.0012092238470191184
595        0.006811023622047235
596        0.0609448818897637
597        0.11225534308211468
598        0.03186164229471316
599        0.016237345331833564
600        0.02625984251968497
601        0.06388076490438682
602        0.046428571428571395
603        0.02438695163104611
604        0.046827896512935785
605        0.013323959505061878
606        0.12755905511811008
607        0.033200224971878474
608        0.041974128233970724
609        0.08447694038245211
610        0.06007311586051736
611        0.08205849268841385
612        0.009195725534308192
613        0.10350393700787391
614        0.03138357705286835
615        0.03318897637795274
616        0.016541057367829067
617        0.16335208098987622
618        0.001316085489313833
619        0.13023059617547791
620        0.046557930258717566
621        0.01889201349831277
622        0.06556242969628785
623        0.016130483689538837
624        0.028239595050618696
625        0.04241282339707534
626        0.05328458942632162
627        0.05485939257592796
628        0.014746906636670434
629        0.0479640044994375
630        0.05105174353205841
631        0.009375703037120337
632        0.01735658042744664
633        0.004493813273340836
634        0.015905511811023666
635        0.16595050618672658
636        0.026394825646794143
637        0.07461754780652413
638        0.02075365579302594
639        0.06681664791901003
640        0.015950506186726686
641        0.002559055118110248
642        0.012193475815523068
643        0.016799775028121515
644        0.019010123734533254
645        0.06156917885264334
646        0.11115860517435308
647        0.04337457817772772
648        0.002294713160854907
649        0.004437570303712038
650        0.04642294713160843
651        0.046743532058492604
652        0.05367829021372327
653        0.04284589426321708
654        0.037373453318335186
655        0.06872890888638909
656        0.0033745781777277974
657        0.04269403824521933
658        0.01943194600674922
659        0.08989876265466813
660        0.12804274465691778
661        0.028121484814398193
662        0.023588301462317246
663        0.019116985376827968
664        0.00660292463442068
665        0.06454443194600669
666        0.10937007874015732
667        0.0025140607424071985
668        0.10259280089988745
669        0.010314960629921259
670        0.05087739032620916
671        0.028802024746906633
672        0.047334083239594975
673        0.048610798650168686
674        0.004398200224971865
675        0.012199100112485952
676        0.009240719910011219
677        0.043953880764904335
678        0.09661979752530925
679        0.033262092238470216
680        0.010427446569178845
681        0.07612485939257586
682        0.018284589426321753
683        0.035922384701912245
684        0.01946006749156358
685        0.010939257592800882
686        0.016282339707536616
687        0.07769966254218223
688        0.009955005624296938
689        0.018408323959505105
690        0.13458942632170978
691        0.09927446569178842
692        0.08778965129358822
693        0.04623172103487061
694        0.009088863892013473
695        0.009083239595050606
696        0.007767154105736759
697        0.14698537682789647
698        0.02195725534308216
699        0.010365579302587169
700        0.0024690663667041603
701        0.009476940382452167
702        0.11387514060742401
703        0.019510686164229553
704        0.028447694038245205
705        0.06538245219347572
706        0.03929133858267712
707        0.11865579302587168
708        0.033110236220472426
709        0.12700224971878507
710        0.09870078740157476
711        0.007896512935883003
712        0.007975253093363313
713        0.0022665916760404954
714        0.04082677165354329
715        0.02479752530933637
716        0.020568053993250936
717        0.027986501687289108
718        0.054296962879639976
719        0.005472440944881877
720        0.03647356580427444
721        0.010236220472440945
722        0.016856017997750317
723        0.031079865016872904
724        0.03787401574803149
725        0.0371259842519685
726        0.02811586051743528
727        0.03183914510686159
728        0.0026546681664791887
729        0.022525309336332976
730        0.04114735658042743
731        0.011152980877390308
732        0.019386951631046173
733        0.005928008998875129
734        0.011484814398200231
735        0.0776040494938132
736        0.18134983127109103
737        0.00884701912260966
738        0.1304049493813272
739        0.0015804274465691804
740        0.03814960629921261
741        0.0043869516310461095
742        0.04708661417322829
743        0.008847019122609667
744        0.014133858267716603
745        0.022604049493813307
746        0.018278965129358924
747        0.018211473565804336
748        0.012035995500562476
749        0.04285714285714284
750        0.14452193475815517
751        0.06262092238470184
752        0.011670416197975243
753        0.09412260967379066
754        0.01760967379077619
755        0.02168728908886396
756        0.016647919010123788
757        0.07131046119235088
758        0.036355455568053974
759        0.011023622047244087
760        0.005995500562429678
761        0.017440944881889825
762        0.17225534308211488
763        0.1167885264341956
764        0.033408323959505
765        0.06138920134983126
766        0.014094488188976457
767        0.007789651293588289
768        0.04943757030371198
769        0.13429696287964002
770        0.06239032620922376
771        0.05705849268841393
772        0.024302587176602955
773        0.07962317210348696
774        0.010708661417322827
775        0.01874015748031501
776        0.051158605174353146
777        0.11071428571428568
778        0.022260967379077644
779        0.008751406074240685
780        0.05218785151856015
781        0.0994150731158605
782        0.015264341957255402
783        0.01656355455568055
784        0.05384139482564673
785        0.06779527559055108
786        0.08224971878515173
787        0.025213723284589488
788        0.015680539932508487
789        0.03574803149606297
790        0.015371203599550083
791        0.05061304836895381
792        0.01722722159730041
793        0.016299212598425265
794        0.018886389201349905
795        0.025579302587176583
796        0.013481439820022536
797        0.0021653543307086744
798        0.00809336332958379
799        0.04740157480314952
800        0.03973003374578175
801        0.07832395950506174
802        0.09099550056242961
803        0.11133858267716529
804        0.08967941507311578
805        0.018537682789651334
806        0.034926884139482584
807        0.10553430821147344
808        0.004572553430821135
809        0.00834645669291336
810        0.006614173228346443
811        0.03077615298087734
812        0.015472440944881918
813        0.014842519685039387
814        0.016158605174353243
815        0.024184476940382504
816        0.0819685039370078
817        0.04925759280089977
818        0.05276152980877384
819        0.0770753655793026
820        0.052739032620922284
821        0.00810461192350954
822        0.11021934758155215
823        0.07553993250843634
824        0.005449943757030375
825        0.03490438695163105
826        0.05025309336332949
827        0.035208098987626515
828        0.01402699662542183
829        0.07538807649043858
830        0.001231721034870637
831        0.011136107986501678
832        0.0804555680539932
833        0.025455568053993297
834        0.042626546681664726
835        0.008667041619797498
836        0.00768841394825644
837        0.06624296962879633
838        0.019302587176602957
839        0.09048368953880757
840        0.07568053993250835
841        0.0837289088863891
842        0.030140607424071944
843        0.08973003374578173
844        0.0016029246344206993
845        0.0640551181102361
846        0.04237345331833517
847        0.02038245219347583
848        0.007418447694038231
849        0.00810461192350954
850        0.013076490438695179
851        0.024274465691788528
852        0.050191226096737866
853        0.09647919010123726
854        0.03230033745781774
855        0.07482002249718775
856        0.1090888638920134
857        0.004302587176602907
858        0.05023059617547801
859        0.034150731158605195
860        0.025264341957255382
861        0.009071991001124838
862        0.011794150731158606
863        0.032064116985376805
864        0.046844769403824496
865        0.018273340832395995
866        0.02046681664791903
867        0.007890888638920113
868        0.027789651293588218
869        0.03190101237345326
870        0.005224971878515169
871        0.008346456692913362
872        0.031535433070866085
873        0.018481439820022542
874        0.05401574803149596
875        0.004859392575927994
876        0.014983127109111403
877        0.012784026996625432
878        0.0025590551181102483
879        0.0064173228346456525
880        0.00379640044994376
881        0.004713160854893117
882        0.02019685039370084
883        0.011062992125984248
884        0.0037232845894263223
885        0.0015523059617547797
886        0.010708661417322829
887        0.0037457817772778342
888        0.0012598425196850354
889        0.001231721034870637
