1        0.028616422947131608
2        0.07857142857142853
3        0.043267716535433036
4        0.01833520809898767
5        0.2227559055118109
6        0.03557930258717662
7        0.04490438695163098
8        0.09488188976377952
9        0.14844206974128224
10        0.009910011248593899
11        0.026957255343082145
12        0.010584926884139503
13        0.20241844769403808
14        0.18036557930258706
15        0.022514060742407204
16        0.08390888638920126
17        0.024713160854893185
18        0.029201349831271078
19        0.024460067491563577
20        0.07770528683914507
21        0.09568053993250832
22        0.29541057367829016
23        0.03659167604049494
24        0.04392013498312706
25        0.14551743532058473
26        0.03770528683914512
27        0.023233970753655832
28        0.02606299212598422
29        0.015866141732283484
30        0.025860517435320564
31        0.005922384701912251
32        0.048104611923509545
33        0.07868953880764895
34        0.04721034870641163
35        0.2245388076490437
36        0.06469628796400437
37        0.0428571428571428
38        0.06607424071990986
39        0.02933633295838021
40        0.06779527559055104
41        0.0336051743532058
42        0.008976377952755897
43        0.061001124859392464
44        0.019741282339707598
45        0.03588863892013496
46        0.012165354330708653
47        0.06676602924634416
48        0.005731158605174329
49        0.15426884139482547
50        0.04019122609673793
51        0.28060179977502797
52        0.0016197975253093389
53        0.19181102362204705
54        0.025894263217097854
55        0.1891338582677163
56        0.06930258717660286
57        0.29451068616422943
58        0.11535995500562407
59        0.26744094488188974
60        0.04141169853768277
61        0.11890888638920122
62        0.04924634420697407
63        0.14323959505061856
64        0.03982564679415066
65        0.10930821147356562
66        0.029966254218222684
67        0.051209223847019064
68        0.13933633295838005
69        0.010466816647919
70        0.1783070866141731
71        0.032626546681664786
72        0.1607986501687288
73        0.11066929133858253
74        0.1309448818897636
75        0.034392575928008984
76        0.0045556805399324975
77        0.05370641169853755
78        0.17111361079865003
79        0.028008998875140637
80        0.001389201349831269
81        0.001614173228346455
82        0.022024746906636694
83        0.017125984251968568
84        0.06757592800899875
85        0.040489313835770445
86        0.006203599550056226
87        0.00377952755905511
88        0.22344206974128206
89        0.027384701912260948
90        0.17100112485939245
91        0.0790438695163104
92        0.04438132733408314
93        0.11321147356580412
94        0.06158042744656902
95        0.09379077615298076
96        0.14410573678290203
97        0.007598425196850373
98        0.2763217097862767
99        0.03276715410573676
100        0.03074240719910006
101        0.0054443194600674715
102        0.05299212598425184
103        0.026631046119235106
104        0.2520584926884138
105        0.22949381327334067
106        0.13078177727784013
107        0.052559055118110126
108        0.21960629921259833
109        0.2589032620922385
110        0.2142069741282338
111        0.07182789651293575
112        0.03183352080989874
113        0.3306917885264341
114        0.19111923509561293
115        0.11134983127109098
116        0.03561304836895389
117        0.04656355455568049
118        0.29892575928009
119        0.043700787401574716
120        0.21079865016872873
121        0.22423509561304825
122        0.16039370078740145
123        0.2948368953880765
124        0.08647356580427434
125        0.1677446569178851
126        0.07030933633295831
127        0.04126546681664785
128        0.2645838020247468
129        0.06511248593925748
130        0.2533858267716534
131        0.05234533183352068
132        0.3858211473565806
133        0.24424071991001128
134        0.16746906636670403
135        0.06672665916760394
136        0.16580427446569165
137        0.08165916760404944
138        0.09916760404949368
139        0.28924071991001105
140        0.1126996625421821
141        0.1172215973003373
142        0.015416197975253147
143        0.22540494938132713
144        0.07378515185601789
145        0.03666479190101238
146        0.03423509561304833
147        0.07422947131608532
148        0.25513498312710897
149        0.040511811023622
150        0.02190663667041618
151        0.06114735658042734
152        0.21084926884139457
153        0.0746006749156354
154        0.0498706411698537
155        0.15784026996625403
156        0.21221597300337447
157        0.06170978627671533
158        0.25438695163104613
159        0.03302024746906637
160        0.13943757030371187
161        0.2100168728908884
162        0.11706974128233959
163        0.2518953880764904
164        0.260320584926884
165        0.15003937007874002
166        0.2687570303712035
167        0.0620472440944881
168        0.025118110236220428
169        0.06314398200224962
170        0.3879246344206973
171        0.18161417322834633
172        0.07044994375703023
173        0.13982564679415052
174        0.06471878515185589
175        0.1275703037120359
176        0.09944319460067481
177        0.026968503937007858
178        0.16034308211473555
179        0.1672272215973002
180        0.07087739032620913
181        0.08627671541057351
182        0.05816085489313825
183        0.07499437570303699
184        0.033526434195725534
185        0.06420697412823384
186        0.055061867266591596
187        0.12097862767154088
188        0.02707536557930257
189        0.18513498312710897
190        0.0932227221597299
191        0.24876265466816647
192        0.0698256467941506
193        0.23203599550056225
194        0.049555680539932395
195        0.156068616422947
196        0.14730596175478047
197        0.252615298087739
198        0.007446569178852626
199        0.3657142857142858
200        0.007035995500562419
201        0.032485939257592834
202        0.19169853768278947
203        0.07170416197975238
204        0.38676602924634396
205        0.31743532058492663
206        0.14313273340832383
207        0.23486501687289071
208        0.03691226096737904
209        0.20791901012373443
210        0.20732845894263202
211        0.12259842519685023
212        0.34547244094488183
213        0.09497750281214833
214        0.18753093363329565
215        0.17087176602924622
216        0.2808380202474688
217        0.05886389201349823
218        0.17439257592800883
219        0.1365016872890887
220        0.03274465691788522
221        0.0710123734533182
222        0.011119235095613049
223        0.2768222722159729
224        0.3435939257592801
225        0.13160854893138343
226        0.11062429696287943
227        0.069341957255343
228        0.29018560179977504
229        0.07204161979752521
230        0.3791563554555678
231        0.2500562429696288
232        0.07576490438695149
233        0.3635545556805399
234        0.023267716535433077
235        0.007249718785151829
236        0.14280652418447676
237        0.3691394825646794
238        0.038155230596175406
239        0.34258717660292454
240        0.19226659167604032
241        0.07407761529808762
242        0.12637232845894247
243        0.19566366704161964
244        0.10732845894263203
245        0.12416760404949366
246        0.13241282339707525
247        0.3340326209223845
248        0.13164791901012363
249        0.08133858267716525
250        0.0128796400449944
251        0.01709786276715418
252        0.009561304836895367
253        0.07072553430821138
254        0.21056805399325068
255        0.2216479190101235
256        0.22296962879640023
257        0.24003937007874002
258        0.27704161979752506
259        0.36279527559055097
260        0.367705286839145
261        0.09117547806524172
262        0.11901574803149594
263        0.18828458942632154
264        0.07131608548931369
265        0.009161979752530917
266        0.3590101237345331
267        0.15384701912260945
268        0.03608548931383571
269        0.12987626546681655
270        0.18255905511811008
271        0.21480877390326203
272        0.1415129358830144
273        0.3915748031496061
274        0.044803149606299136
275        0.27652980877390315
276        0.08164229471316073
277        0.12455568053993236
278        0.1429021372328457
279        0.04681102362204715
280        0.29050056242969624
281        0.2730089988751406
282        0.07240719910011237
283        0.052367829021372235
284        0.1854330708661416
285        0.3668785151856018
286        0.08092238470191215
287        0.005253093363329567
288        0.08872890888638908
289        0.3274296962879639
290        0.3102024746906634
291        0.06073678290213715
292        0.04923509561304828
293        0.07289651293588287
294        0.051749156355455427
295        0.023025871766029264
296        0.014302587176602934
297        0.1821259842519684
298        0.16847581552305946
299        0.3421203599550056
300        0.1031664791901011
301        0.1714398200224971
302        0.042283464566929066
303        0.14820584926884117
304        0.07444319460067478
305        0.03455005624296954
306        0.23511248593925735
307        0.028987626546681713
308        0.2087289088863891
309        0.10089426321709782
310        0.06677165354330702
311        0.26559055118110214
312        0.009566929133858246
313        0.0013948256467941475
314        0.21007874015748013
315        0.05175478065241835
316        0.24714848143982
317        0.35489313835770503
318        0.05201912260967376
319        0.2586501687289086
320        0.05743532058492676
321        0.20920134983127098
322        0.36835770528683925
323        0.0483239595050618
324        0.2855511811023621
325        0.11607986501687277
326        0.13110236220472427
327        0.11788526434195706
328        0.21146231721034853
329        0.05208661417322828
330        0.17082677165354324
331        0.080461192350956
332        0.06482002249718771
333        0.07309336332958367
334        0.17494938132733395
335        0.10769403824521916
336        0.2016872890888638
337        0.3266535433070865
338        0.007193475815523043
339        0.06976377952755895
340        0.03457817772778397
341        0.1263835770528681
342        0.11928008998875125
343        0.17192913385826752
344        0.2214735658042743
345        0.136861642294713
346        0.06798650168728901
347        0.23537120359955005
348        0.23802024746906633
349        0.12786276715410558
350        0.21102362204724412
351        0.29967941507311574
352        0.08492688413948243
353        0.17549493813273334
354        0.18769966254218218
355        0.04968503937007867
356        0.29636670416197963
357        0.009240719910011226
358        0.18505624296962864
359        0.07790213723284574
360        0.0774803149606298
361        0.31681102362204727
362        0.1666141732283462
363        0.07507874015748019
364        0.31120922384701905
365        0.0933520809898761
366        0.058532058492688305
367        0.14327334083239576
368        0.29257592800899873
369        0.22083802024746885
370        0.3296344206974126
371        0.13844206974128215
372        0.31902699662542183
373        0.13259280089988734
374        0.10573678290213712
375        0.10796962879640024
376        0.009825646794150716
377        0.23546681664791877
378        0.04281777277840267
379        0.09556805399325075
380        0.3772440944881889
381        0.3224746906636669
382        0.054713160854893056
383        0.07541057367829002
384        0.09160292463442053
385        0.2875196850393699
386        0.37390888638920133
387        0.15203599550056224
388        0.23132733408323955
389        0.1716366704161978
390        0.1030877390326208
391        0.17753655793025852
392        0.33230033745781773
393        0.38710911136107967
394        0.0448593925759279
395        0.18932508436445444
396        0.29230596175478046
397        0.04298650168728902
398        0.32751406074240735
399        0.39020247469066355
400        0.04595050618672654
401        0.1085826771653542
402        0.04740157480314957
403        0.21812148481439791
404        0.3306411698537681
405        0.1506355455568052
406        0.2951574803149605
407        0.22720472440944864
408        0.3550843644544431
409        0.02495500562429691
410        0.37392575928008986
411        0.08352080989876255
412        0.17137232845894246
413        0.1987907761529807
414        0.0753262092238469
415        0.32674915635545543
416        0.38842519685039356
417        0.27233970753655784
418        0.20086051743532038
419        0.10519122609673776
420        0.15276715410573666
421        0.3423397075365579
422        0.03448256467941503
423        0.1981102362204723
424        0.07695725534308201
425        0.3322834645669291
426        0.2931777277840269
427        0.1910967379077614
428        0.3211923509561303
429        0.11349831271091099
430        0.3046287964004498
431        0.38869516310461205
432        0.029758155230596217
433        0.3858380202474688
434        0.36721597300337466
435        0.11504499437570287
436        0.17727221597300333
437        0.34246906636670416
438        0.27820584926884123
439        0.24433633295838017
440        0.11204724409448806
441        0.18148481439820002
442        0.29951068616422943
443        0.11668728908886378
444        0.061574803149606165
445        0.19371766029246337
446        0.037840269966254156
447        0.38021372328458936
448        0.3875928008998876
449        0.38356580427446557
450        0.15058492688413938
451        0.33254218222722154
452        0.3271597300337454
453        0.37916760404949373
454        0.10983689538807638
455        0.34797525309336313
456        0.35474128233970736
457        0.0818447694038244
458        0.37138357705286834
459        0.3219066366704159
460        0.2967604049493813
461        0.3135770528683912
462        0.2668728908886386
463        0.31576490438695154
464        0.32297525309336306
465        0.3132170978627671
466        0.36347019122609664
467        0.08299775028121471
468        0.09476377952755888
469        0.21489876265466812
470        0.2653599550056242
471        0.37188976377952754
472        0.13648481439820012
473        0.0791844769403823
474        0.1287120359955004
475        0.16139482564679408
476        0.049921259842519605
477        0.19093363329583787
478        0.040708661417322725
479        0.10711473565804257
480        0.04165916760404948
481        0.30094488188976376
482        0.38726659167604033
483        0.2413554555680539
484        0.31484251968503935
485        0.21804274465691761
486        0.25354330708661404
487        0.323678290213723
488        0.20940382452193457
489        0.12620359955005608
490        0.33139482564679396
491        0.1350506186726657
492        0.2774353205849269
493        0.0703430821147355
494        0.1935264341957255
495        0.07215973003374564
496        0.34289088863892
497        0.12425759280089979
498        0.2241057367829021
499        0.3230596175478064
500        0.18519685039370062
501        0.0663160854893137
502        0.1975478065241843
503        0.304943757030371
504        0.38373453318335216
505        0.1856186726659166
506        0.37227784026996624
507        0.03689538807649039
508        0.28205849268841404
509        0.26557367829021356
510        0.09477502812148465
511        0.3235883014623171
512        0.07186164229471304
513        0.31658042744656895
514        0.045804274465691686
515        0.24634420697412818
516        0.033667041619797465
517        0.20715973003374574
518        0.2586276715410572
519        0.1779077615298086
520        0.05353768278965115
521        0.0853993250843644
522        0.0781383577052867
523        0.3470472440944883
524        0.12008436445444311
525        0.1861586051743531
526        0.3458942632170979
527        0.11480877390326194
528        0.27183352080989853
529        0.31162542182227215
530        0.06926321709786262
531        0.28163667041619794
532        0.17925759280089967
533        0.03470753655793016
534        0.14447694038245207
535        0.07860517435320573
536        0.3879640044994375
537        0.21612485939257586
538        0.37515185601799766
539        0.28430258717660295
540        0.2924578177727783
541        0.02889201349831269
542        0.03468503937007871
543        0.35200224971878513
544        0.23906636670416184
545        0.36154668166479204
546        0.34240157480314953
547        0.34951068616422964
548        0.3829583802024745
549        0.1961698537682789
550        0.387671541057368
551        0.2758717660292463
552        0.33801462317210346
553        0.06606861642294701
554        0.09642857142857132
555        0.2269066366704161
556        0.16115860517435304
557        0.3237289088863893
558        0.2259617547806524
559        0.15140044994375684
560        0.3368785151856016
561        0.17462317210348688
562        0.38688413948256467
563        0.03224409448818895
564        0.3360179977502811
565        0.06305399325084349
566        0.16851518560179965
567        0.2141788526434195
568        0.3814566929133859
569        0.04660292463442065
570        0.29862204724409447
571        0.21972440944881869
572        0.2631214848143983
573        0.24245781777277814
574        0.19309898762654643
575        0.3038020247469064
576        0.15752530933633285
577        0.08281777277840252
578        0.07082114735658032
579        0.22603487064116984
580        0.04803149606299199
581        0.0974803149606298
582        0.20531496062992108
583        0.03978065241844765
584        0.32201912260967375
585        0.09505061867266582
586        0.2674353205849269
587        0.1467097862767153
588        0.35615860517435294
589        0.0673115860517434
590        0.04496062992125974
591        0.11701349831271074
592        0.20705849268841386
593        0.2958380202474691
594        0.007159730033745764
595        0.04280089988751401
596        0.16838582677165337
597        0.2860348706411698
598        0.08768841394825627
599        0.07179415073115847
600        0.07322834645669278
601        0.18996062992125967
602        0.1851068616422945
603        0.06219910011248587
604        0.16024184476940367
605        0.06404949381327328
606        0.34642294713160865
607        0.10096175478065225
608        0.18294150731158595
609        0.2611811023622046
610        0.1894881889763778
611        0.21856580427446556
612        0.035483689538807574
613        0.2932958380202475
614        0.15317772778402688
615        0.08935883014623158
616        0.07488188976377941
617        0.38713723284589435
618        0.008993250843644527
619        0.3103599550056242
620        0.15883577052868378
621        0.08684476940382437
622        0.18821709786276702
623        0.060416197975253064
624        0.13004499437570285
625        0.17754218222722146
626        0.19449943757030358
627        0.23081552305961747
628        0.06960629921259831
629        0.11780652418447676
630        0.13883014623172088
631        0.03241282339707533
632        0.07931946006749141
633        0.015281214848144018
634        0.1238020247469065
635        0.38478065241844767
636        0.12053430821147341
637        0.2351687289088863
638        0.1349043869516309
639        0.22332958380202456
640        0.05947694038245211
641        0.0015804274465691772
642        0.06614735658042732
643        0.12289088863891993
644        0.08281214848143968
645        0.2437626546681663
646        0.3598200224971877
647        0.1405905511811022
648        0.026327334083239607
649        0.04828458942632166
650        0.12935883014623162
651        0.12732283464566915
652        0.2252530933633295
653        0.18706974128233964
654        0.17710348706411674
655        0.23099550056242946
656        0.02707536557930262
657        0.14848143982002235
658        0.059156355455567924
659        0.3289145106861643
660        0.3412710911136108
661        0.07498312710911124
662        0.06762654668166468
663        0.09483689538807638
664        0.027238470191226032
665        0.1905793025871764
666        0.3234420697412824
667        0.019071991001124902
668        0.3090157480314959
669        0.019308211473565835
670        0.24901012373453302
671        0.12489313835770507
672        0.13302024746906624
673        0.23049493813273322
674        0.025163104611923507
675        0.04496625421822272
676        0.040607424071990944
677        0.1655118110236219
678        0.2772890888638919
679        0.11629358830146218
680        0.04609111361079852
681        0.25945444319460054
682        0.09002249718785134
683        0.1287570303712034
684        0.06714848143981991
685        0.04755905511811015
686        0.046557930258717566
687        0.2715579302587175
688        0.05079865016872884
689        0.05787964004499426
690        0.3654836895388074
691        0.2864285714285714
692        0.27762654668166464
693        0.17227221597300324
694        0.05206974128233961
695        0.042812148481439743
696        0.05194038245219343
697        0.3865635545556804
698        0.08380764904386936
699        0.033503937007874025
700        0.0031721034870641086
701        0.03141169853768282
702        0.3357930258717657
703        0.0700224971878514
704        0.10701349831271077
705        0.2228627671541057
706        0.1732114735658041
707        0.3441619797525307
708        0.12917885264341947
709        0.35690663667041617
710        0.31523622047244093
711        0.038577052868391325
712        0.04637232845894256
713        0.011512935883014606
714        0.18017997750281212
715        0.13074803149606282
716        0.09712598425196832
717        0.15479752530933616
718        0.19234533183352068
719        0.04114173228346454
720        0.15590551181102355
721        0.06520247469066354
722        0.059943757030371095
723        0.18074240719909998
724        0.1664735658042743
725        0.15739595050618663
726        0.06769966254218213
727        0.1157986501687288
728        0.005596175478065223
729        0.15179415073115843
730        0.10257030371203583
731        0.051833520809898684
732        0.06005061867266579
733        0.01889201349831278
734        0.04628796400449936
735        0.2269178852643418
736        0.3779865016872892
737        0.06196850393700777
738        0.3553205849268841
739        0.0066310461192350765
740        0.17005061867266572
741        0.02881327334083235
742        0.16390888638920123
743        0.0710123734533182
744        0.049443194600674784
745        0.11214848143981981
746        0.08472440944881879
747        0.06469628796400438
748        0.0571597300337457
749        0.10970753655793006
750        0.36870641169853763
751        0.21936445444319438
752        0.05871766029246331
753        0.30434758155230585
754        0.05103487064116975
755        0.11524184476940373
756        0.051271091113610716
757        0.25931946006749135
758        0.14339707536557922
759        0.05354893138357693
760        0.01093925759280095
761        0.05075365579302577
762        0.38559055118110225
763        0.3359898762654668
764        0.14251968503937001
765        0.20839145106861626
766        0.046079865016872834
767        0.04877952755905505
768        0.17461192350956123
769        0.34536557930258704
770        0.18651856017997726
771        0.2428177727784024
772        0.10440944881889758
773        0.2569403824521933
774        0.10141732283464554
775        0.06365579302587167
776        0.2065354330708659
777        0.2901912260967378
778        0.134060742407199
779        0.031197975253093365
780        0.18829583802024732
781        0.339161979752531
782        0.033920134983127105
783        0.04646794150731154
784        0.20718785151856006
785        0.23013498312710903
786        0.26201912260967364
787        0.08878515185601783
788        0.09097300337457806
789        0.1184926884139481
790        0.0625028121484813
791        0.20183914510686146
792        0.06741844769403811
793        0.06582114735658033
794        0.08588863892013483
795        0.11017997750281201
796        0.06657480314960615
797        0.007379077615298066
798        0.04071991001124851
799        0.1302587176602923
800        0.15310461192350944
801        0.24812710911136093
802        0.2996681664791901
803        0.3191394825646794
804        0.29068616422947136
805        0.12202474690663648
806        0.11057930258717638
807        0.3412710911136109
808        0.002980877390326203
809        0.02925759280089988
810        0.048554555680539825
811        0.06054555680539917
812        0.06324521934758139
813        0.08077052868391434
814        0.048453318335208044
815        0.06579302587176589
816        0.2563610798650166
817        0.16153543307086604
818        0.21549493813273332
819        0.2721991001124857
820        0.19844206974128212
821        0.04328458942632173
822        0.28179415073115854
823        0.23884701912260942
824        0.048003374578177646
825        0.15939257592800884
826        0.1999550056242968
827        0.10444319460067476
828        0.08588301462317198
829        0.2939707536557929
830        0.015134983127109118
831        0.05197412823397071
832        0.2758155230596174
833        0.1411023622047243
834        0.16349268841394815
835        0.03896512935883005
836        0.03249156355455564
837        0.2312035995500562
838        0.07972440944881876
839        0.30057367829021336
840        0.2553205849268841
841        0.26028121484814387
842        0.13552868391451056
843        0.27777840269966236
844        0.009201349831271074
845        0.20583239595050606
846        0.12918447694038235
847        0.10897075365579288
848        0.05451068616422933
849        0.04786839145106856
850        0.09372890888638903
851        0.12571991001124838
852        0.17181102362204703
853        0.318920134983127
854        0.1463835770528682
855        0.20339145106861628
856        0.33149606299212586
857        0.018683914510686225
858        0.20764904386951624
859        0.2003430821147354
860        0.08727784026996607
861        0.07970191226096728
862        0.05629921259842509
863        0.08758717660292449
864        0.20312710911136084
865        0.0971203599550055
866        0.09843082114735646
867        0.02634420697412827
868        0.081254218222722
869        0.12240719910011234
870        0.06201349831271084
871        0.048571428571428606
872        0.13710911136107973
873        0.1169910011248592
874        0.14999999999999983
875        0.04801462317210336
876        0.07413948256467927
877        0.05990438695163091
878        0.036737907761529735
879        0.03901012373453308
880        0.04740719910011235
881        0.024454443194600665
882        0.1100731158605173
883        0.04073115860517421
884        0.009398200224971856
885        0.02937570303712036
886        0.06897637795275577
887        0.021361079865016938
888        0.009488188976377933
889        0.0013610798650168705
