1        0.02647356580427447
2        0.052744656917885206
3        0.03743532058492689
4        0.010118110236220461
5        0.1768391451068615
6        0.03303149606299216
7        0.029353205849268867
8        0.0856355455568054
9        0.11141169853768262
10        0.0018503937007874071
11        0.015973003374578243
12        0.0060179977502812084
13        0.17361642294713142
14        0.13158605174353202
15        0.016664791901012478
16        0.061124859392575864
17        0.013633295838020264
18        0.031484814398200237
19        0.01601237345331841
20        0.11765466816647913
21        0.0573284589426321
22        0.2512373453318334
23        0.029313835770528703
24        0.03496625421822269
25        0.13317210348706404
26        0.012744656917885266
27        0.015224971878515283
28        0.028143982002249684
29        0.007474690663667029
30        0.009623172103487052
31        0.00616422947131607
32        0.034116985376827884
33        0.06769966254218214
34        0.03762654668166471
35        0.1972047244094487
36        0.042671541057367764
37        0.02731158605174352
38        0.06760967379077602
39        0.02300899887514064
40        0.056861642294713084
41        0.0420472440944881
42        0.014122609673790825
43        0.023464566929133852
44        0.006237345331833514
45        0.024960629921259844
46        0.013717660292463504
47        0.042193475815523074
48        0.0052474690663666945
49        0.14044431946006736
50        0.01606861642294714
51        0.25316647919010105
52        0.001670416197975256
53        0.16399325084364447
54        0.009887514060742392
55        0.13865579302587164
56        0.04179977502812146
57        0.2747862767154104
58        0.13336332958380193
59        0.21678852643419574
60        0.032401574803149605
61        0.14991563554555676
62        0.02542182227221592
63        0.09455005624296955
64        0.042390326209223804
65        0.10726096737907749
66        0.038070866141732204
67        0.03446006749156352
68        0.12413948256467926
69        0.013689538807649086
70        0.16768278965129343
71        0.03960067491563545
72        0.12074803149606293
73        0.12287401574803139
74        0.1167772778402698
75        0.0304049493813273
76        0.0020416197975253133
77        0.04850393700787389
78        0.12831271091113597
79        0.027469066366704147
80        0.0013160854893138321
81        0.0016254218222722149
82        0.012069741282339737
83        0.0050899887514060625
84        0.0540663667041619
85        0.017395950506186756
86        0.007137232845894247
87        0.002069741282339713
88        0.19163104611923484
89        0.027834645669291325
90        0.12399887514060733
91        0.046799775028121465
92        0.03314398200224962
93        0.10579302587176595
94        0.05234533183352071
95        0.09953318335208089
96        0.10703599550056238
97        0.0015973003374578185
98        0.25948818897637776
99        0.02492688413948254
100        0.030168728908886347
101        0.005123734533183342
102        0.04420697412823391
103        0.028520809898762583
104        0.20023622047244086
105        0.19043307086614158
106        0.0997187851518558
107        0.03421822272215968
108        0.19818897637795266
109        0.23417885264341953
110        0.1988920134983125
111        0.04526434195725528
112        0.03082114735658039
113        0.3079133858267716
114        0.12791901012373433
115        0.09580427446569172
116        0.026704161979752547
117        0.040247469066366656
118        0.25679977502812135
119        0.05424071991001116
120        0.1730033745781775
121        0.1664735658042744
122        0.1335095613048368
123        0.2658436445444317
124        0.08166479190101229
125        0.13399887514060727
126        0.02773903262092235
127        0.03560179977502806
128        0.19899887514060718
129        0.050843644544431896
130        0.22921822272215958
131        0.05471316085489299
132        0.3570866141732285
133        0.22156355455568044
134        0.1370753655793024
135        0.04012373453318333
136        0.14954443194600656
137        0.06506749156355449
138        0.07093925759280079
139        0.2566535433070867
140        0.08991001124859382
141        0.10704161979752515
142        0.020444319460067518
143        0.18162542182227212
144        0.04303712035995492
145        0.032868391451068596
146        0.030832395950506193
147        0.05924634420697398
148        0.207283464566929
149        0.04077052868391442
150        0.011529808773903291
151        0.03836895388076491
152        0.1488188976377951
153        0.04951068616422936
154        0.053672665916760315
155        0.15580989876265455
156        0.17321709786276682
157        0.057193475815522934
158        0.24721034870641173
159        0.03072553430821149
160        0.1042519685039369
161        0.1419235095613047
162        0.09753093363329564
163        0.20679977502812139
164        0.2426377952755905
165        0.13019122609673775
166        0.22975815523059606
167        0.046400449943756986
168        0.011136107986501664
169        0.0795838020247468
170        0.3611361079865015
171        0.15017435320584918
172        0.049145106861642196
173        0.10542182227221585
174        0.04595050618672659
175        0.10118672665916748
176        0.06589988751406059
177        0.028948256467941476
178        0.11412260967379063
179        0.1274071991001124
180        0.06017435320584921
181        0.06274465691788515
182        0.04068053993250834
183        0.054915635545556715
184        0.022255343082114788
185        0.034859392575928
186        0.027508436445444328
187        0.11946569178852631
188        0.014420697412823463
189        0.16745219347581541
190        0.08919572553430813
191        0.22064679415073107
192        0.04325084364454439
193        0.2204836895388074
194        0.029668166479190093
195        0.1504668166479189
196        0.15069178852643406
197        0.19517997750281196
198        0.011934758155230613
199        0.3492407199100114
200        0.014673790776153033
201        0.05599550056242962
202        0.16910573678290197
203        0.046254218222722125
204        0.36061867266591696
205        0.2909561304836896
206        0.13162542182227205
207        0.15706411698537673
208        0.024015748031496024
209        0.19659730033745781
210        0.1942238470191224
211        0.09449381327334072
212        0.30874578177727785
213        0.08050618672665903
214        0.15250281214848133
215        0.109291338582677
216        0.2626602924634418
217        0.027317210348706374
218        0.13215410573678268
219        0.1023734533183351
220        0.0194094488188977
221        0.051051743532058415
222        0.010506186726659216
223        0.27362204724409456
224        0.29377952755905506
225        0.11813835770528676
226        0.12139482564679398
227        0.0534589426321709
228        0.22676602924634395
229        0.0661023622047243
230        0.3461923509561305
231        0.21534308211473546
232        0.038734533183352085
233        0.3111923509561304
234        0.03880202474690658
235        0.005157480314960618
236        0.15750843644544404
237        0.33856580427446575
238        0.04375140607424064
239        0.32212598425196853
240        0.16697412823397056
241        0.07740157480314946
242        0.10517435320584913
243        0.16032620922384688
244        0.10412823397075353
245        0.11426321709786258
246        0.09629358830146213
247        0.287238470191226
248        0.1292125984251967
249        0.062058492688413826
250        0.010590551181102413
251        0.005028121484814394
252        0.0034308211473565685
253        0.03577615298087737
254        0.17393700787401564
255        0.1798931383577051
256        0.17074240719910003
257        0.22598425196850372
258        0.2633014623172103
259        0.3298706411698536
260        0.3273115860517435
261        0.05358267716535426
262        0.09827896512935873
263        0.155134983127109
264        0.053470191226096635
265        0.014235095613048374
266        0.34204161979752534
267        0.14300337457817766
268        0.017890888638920213
269        0.10604611923509548
270        0.15980314960629913
271        0.18250281214848144
272        0.11640044994375692
273        0.3671372328458942
274        0.05347019122609665
275        0.23550056242969614
276        0.10497750281214838
277        0.12311023622047229
278        0.10606299212598407
279        0.04733408323959499
280        0.22279527559055107
281        0.2548143982002249
282        0.0619347581552305
283        0.032103487064116885
284        0.1543813273340831
285        0.3526096737907763
286        0.07629358830146223
287        0.0014229471316085465
288        0.07091676040494925
289        0.27862204724409434
290        0.2572609673790774
291        0.04515185601799769
292        0.059088863892013385
293        0.05677727784026984
294        0.038852643419572536
295        0.010511811023622045
296        0.030854893138357663
297        0.1697581552305961
298        0.11134983127109095
299        0.292896512935883
300        0.1130877390326208
301        0.17589988751406058
302        0.03242969628796396
303        0.1467997750281214
304        0.038498312710911094
305        0.04131046119235087
306        0.19269966254218207
307        0.028470191226096783
308        0.1792688413948255
309        0.07651856017997744
310        0.09069178852643409
311        0.21213723284589406
312        0.007019122609673781
313        0.0013667041619797502
314        0.1989876265466815
315        0.053610798650168656
316        0.2048256467941506
317        0.3217379077615296
318        0.043847019122609646
319        0.22274465691788525
320        0.035056242969628684
321        0.18828458942632165
322        0.33047244094488165
323        0.03548368953880765
324        0.2225421822272214
325        0.0828683914510685
326        0.15158042744656902
327        0.11633295838020226
328        0.19667041619797515
329        0.052986501687288995
330        0.15032058492688397
331        0.061721034870641046
332        0.07299212598425182
333        0.06053993250843633
334        0.15221034870641156
335        0.09159167604049481
336        0.20384701912260966
337        0.2928683914510683
338        0.008655793025871746
339        0.0503262092238469
340        0.021917885264342008
341        0.11730596175478046
342        0.09962317210348692
343        0.1289088863892012
344        0.2041563554555679
345        0.12523622047244076
346        0.06924071991001111
347        0.19800899887514048
348        0.17100674915635528
349        0.10682789651293573
350        0.1967322834645668
351        0.2718953880764902
352        0.08852080989876253
353        0.14348143982002232
354        0.15938132733408322
355        0.022930258717660332
356        0.2743757030371203
357        0.012210348706411705
358        0.16826209223847005
359        0.0636726659167603
360        0.07227784026996611
361        0.29904386951631046
362        0.13448818897637782
363        0.0616479190101236
364        0.3005399325084363
365        0.07628796400449933
366        0.04260404949381314
367        0.12178852643419553
368        0.25984814398200207
369        0.1950956130483689
370        0.31694600674915646
371        0.14421822272215964
372        0.2804161979752529
373        0.10533745781777264
374        0.08317772778402689
375        0.10670978627671523
376        0.0075365579302587
377        0.21524746906636658
378        0.05913385826771642
379        0.0938301462317209
380        0.35537120359955005
381        0.28431383577052866
382        0.03615860517435311
383        0.05984251968503926
384        0.07784589426321699
385        0.2525984251968504
386        0.33871203599550065
387        0.13409448818897618
388        0.20996062992125983
389        0.15568616422947112
390        0.10002812148481427
391        0.2057817772778402
392        0.33503937007874024
393        0.33494375703037116
394        0.03728346456692908
395        0.13976940382452172
396        0.2805455568053991
397        0.02064679415073123
398        0.29240719910011237
399        0.3594206974128234
400        0.04380764904386943
401        0.10529246344206963
402        0.0320584926884139
403        0.20610798650168707
404        0.30639482564679393
405        0.1500899887514059
406        0.24852080989876252
407        0.18392013498312693
408        0.3335095613048369
409        0.019527559055118195
410        0.33109111361079857
411        0.0778796400449942
412        0.14294713160854883
413        0.1707086614173226
414        0.06444319460067482
415        0.3127952755905512
416        0.36285151856017994
417        0.2516029246344206
418        0.19195163104611912
419        0.07865016872890876
420        0.09987064116985359
421        0.31835770528683893
422        0.02470753655793031
423        0.1663048368953879
424        0.06927446569178843
425        0.29112485939257576
426        0.2701181102362204
427        0.16520809898762645
428        0.2660236220472438
429        0.14617547806524167
430        0.2533239595050615
431        0.36425759280090003
432        0.04798087739032609
433        0.3478740157480313
434        0.3149775028121484
435        0.09707536557930246
436        0.15735095613048355
437        0.31085489313835757
438        0.2509955005624295
439        0.16494938132733392
440        0.13143982002249704
441        0.18285151856017987
442        0.26585489313835764
443        0.08528683914510671
444        0.052637795275590406
445        0.16207536557930244
446        0.013397075365579342
447        0.3551012373453319
448        0.36214848143982
449        0.3600168728908885
450        0.1304724409448817
451        0.3120022497187851
452        0.2789707536557929
453        0.3480258717660293
454        0.08745781777277827
455        0.3285320584926884
456        0.3110461192350955
457        0.0676434195725533
458        0.3448481439820023
459        0.2998762654668166
460        0.2669347581552306
461        0.2918503937007874
462        0.22570866141732282
463        0.2907255343082114
464        0.2913104611923508
465        0.2773622047244092
466        0.34271091113610785
467        0.0537907761529808
468        0.10386389201349813
469        0.18817772778402692
470        0.2322272215973003
471        0.33429696287964006
472        0.11118110236220455
473        0.057660292463441946
474        0.11625421822272199
475        0.1506524184476939
476        0.048143982002249654
477        0.1951799775028121
478        0.03385826771653545
479        0.0955568053993249
480        0.020753655793025936
481        0.26496625421822273
482        0.35564679415073114
483        0.21284589426321698
484        0.29346456692913375
485        0.21771653543307073
486        0.23533745781777257
487        0.30021934758155205
488        0.18387514060742394
489        0.10321147356580412
490        0.2941676040494936
491        0.13032058492688395
492        0.21330146231721028
493        0.05611361079865004
494        0.17676602924634413
495        0.05615860517435311
496        0.3032733408323958
497        0.0921484814398199
498        0.18804274465691775
499        0.2768391451068616
500        0.17868953880764893
501        0.04468503937007867
502        0.19236782902137226
503        0.26773340832395953
504        0.35450506186726677
505        0.15962879640044977
506        0.33070303712035987
507        0.013616422947131621
508        0.25190101237345325
509        0.2199718785151854
510        0.07100112485939246
511        0.2892238470191225
512        0.0656749156355454
513        0.29156917885264344
514        0.04314960629921255
515        0.20371766029246313
516        0.015770528683914563
517        0.17152980877390317
518        0.2409842519685039
519        0.16641169853768276
520        0.04801462317210336
521        0.08326771653543291
522        0.07275590551181092
523        0.3206467941507311
524        0.10693475815523046
525        0.17038245219347567
526        0.2881327334083239
527        0.12516310461192337
528        0.22569741282339698
529        0.2681271091113612
530        0.042784026996625375
531        0.2730089988751407
532        0.15339145106861626
533        0.02888638920134985
534        0.1261529808773902
535        0.06349268841394816
536        0.36344206974128246
537        0.18349831271091108
538        0.3507817772778404
539        0.29345331833520805
540        0.26850393700787395
541        0.02983127109111361
542        0.03294150731158599
543        0.29169291338582687
544        0.22696850393700796
545        0.33872328458942624
546        0.30608548931383556
547        0.3203093363329583
548        0.3277896512935882
549        0.16461754780652413
550        0.36554555680539946
551        0.2371372328458941
552        0.30676602924634405
553        0.05285714285714275
554        0.10800337457817757
555        0.19165916760404936
556        0.12134420697412805
557        0.2772103487064114
558        0.19550618672665906
559        0.12012373453318316
560        0.29278402699662537
561        0.13282902137232833
562        0.3524578177727784
563        0.04904386951631033
564        0.2776827896512934
565        0.06435320584926868
566        0.18783464566929114
567        0.18453880764904365
568        0.34738470191226106
569        0.046541057367828896
570        0.24908323959505058
571        0.17579865016872884
572        0.2512204724409447
573        0.17567491563554538
574        0.15994375703037098
575        0.2809673790776152
576        0.15695725534308202
577        0.04118672665916751
578        0.05649043869516298
579        0.20443757030371199
580        0.04973565804274457
581        0.10152418447694023
582        0.20911698537682777
583        0.03403262092238466
584        0.28593925759280076
585        0.09343644544431934
586        0.24946006749156355
587        0.12009561304836879
588        0.3307086614173227
589        0.06308773903262076
590        0.03750281214848136
591        0.11800899887514048
592        0.17287401574803138
593        0.2658717660292462
594        0.01011248593925758
595        0.030545556805399245
596        0.1642350956130482
597        0.2620134983127109
598        0.09281214848143966
599        0.04608548931383569
600        0.05680539932508423
601        0.18056242969628783
602        0.1558717660292463
603        0.08005061867266582
604        0.10401012373453301
605        0.03952755905511801
606        0.3175590551181101
607        0.07933070866141714
608        0.13937570303712024
609        0.24308773903262076
610        0.1805793025871766
611        0.2026602924634419
612        0.032677165354330635
613        0.2701406074240717
614        0.12767716535433057
615        0.07174353205849256
616        0.061659167604049346
617        0.35266591676040493
618        0.001389201349831269
619        0.2871709786276714
620        0.1373847019122608
621        0.05465691788526424
622        0.16561867266591662
623        0.046608548931383546
624        0.12952755905511798
625        0.13607424071990984
626        0.13845331833520788
627        0.18249156355455542
628        0.06486501687289073
629        0.14115860517435308
630        0.1370584926884138
631        0.0421653543307086
632        0.07151856017997738
633        0.012649043869516364
634        0.10012935883014606
635        0.36275028121484815
636        0.11690101237345316
637        0.19674353205849252
638        0.10134420697412809
639        0.21621484814398198
640        0.05237345331833515
641        0.003616422947131598
642        0.0447075365579302
643        0.09430821147356565
644        0.061580427446569115
645        0.19463442069741274
646        0.32512935883014615
647        0.11763217097862749
648        0.012868391451068622
649        0.033132733408323976
650        0.12533183352080982
651        0.14291901012373437
652        0.19290213723284577
653        0.19365579302587158
654        0.15498312710911122
655        0.2318672665916759
656        0.016372328458942702
657        0.13872328458942612
658        0.05464566929133845
659        0.2848706411698535
660        0.29376827896512936
661        0.07588863892013487
662        0.059904386951630945
663        0.08007311586051728
664        0.02580989876265468
665        0.19461754780652388
666        0.2844375703037119
667        0.01785714285714292
668        0.3014960629921257
669        0.030314960629921263
670        0.1867210348706411
671        0.10569741282339691
672        0.17410573678290198
673        0.21737907761529812
674        0.021203599550056268
675        0.025911136107986524
676        0.0581158605174352
677        0.15668728908886373
678        0.2624409448818897
679        0.11090551181102346
680        0.03741282339707534
681        0.23185039370078722
682        0.06880202474690654
683        0.11826209223847002
684        0.05730033745781766
685        0.02948818897637788
686        0.04618672665916748
687        0.2394656917885263
688        0.0461979752530933
689        0.0631833520809897
690        0.3485039370078739
691        0.27754780652418426
692        0.25663104611923504
693        0.15673228346456677
694        0.04449381327334072
695        0.05257030371203589
696        0.040888638920134876
697        0.3540494938132733
698        0.05336895388076475
699        0.03102362204724407
700        0.010781777277840273
701        0.01592800899887516
702        0.29148481439820006
703        0.056794150731158524
704        0.10793588301462302
705        0.18935320584926876
706        0.14379640044994366
707        0.33583239595050607
708        0.09905511811023604
709        0.32526996625421817
710        0.2900731158605174
711        0.04309898762654659
712        0.0439651293588301
713        0.00847581552305961
714        0.14968503937007854
715        0.1289820022497187
716        0.06724971878515174
717        0.13258155230596158
718        0.1693982002249718
719        0.021574803149606348
720        0.1275028121484813
721        0.03192913385826763
722        0.054645669291338475
723        0.1228796400449942
724        0.14336332958380182
725        0.13341394825646774
726        0.05470753655793009
727        0.11079302587176589
728        0.011237345331833525
729        0.12400449943757019
730        0.0952980877390325
731        0.03539932508436434
732        0.06491001124859382
733        0.027947131608548954
734        0.03582677165354328
735        0.23038807649043858
736        0.3550168728908883
737        0.04999999999999989
738        0.3216760404949379
739        0.0108830146231721
740        0.12174353205849255
741        0.019994375703037217
742        0.15044431946006737
743        0.06776152980877376
744        0.04109111361079856
745        0.10037682789651281
746        0.08384701912260953
747        0.06431946006749148
748        0.029381327334083177
749        0.10018560179977488
750        0.34066929133858265
751        0.19602362204724386
752        0.039988751406074094
753        0.2508661417322833
754        0.053374578177727755
755        0.09799212598425179
756        0.03964566929133859
757        0.21938695163104602
758        0.12176040494938116
759        0.05359392575927997
760        0.017002249718785226
761        0.06840832395950498
762        0.36191226096737894
763        0.30452193475815514
764        0.12295275590551169
765        0.17402137232845877
766        0.055489313835770465
767        0.03091676040494936
768        0.1602362204724409
769        0.324808773903262
770        0.17066366704161973
771        0.20232845894263196
772        0.09949943757030351
773        0.23167041619797513
774        0.07043307086614158
775        0.03821709786276705
776        0.16738470191226087
777        0.2713329583802024
778        0.11733408323959486
779        0.034651293588301435
780        0.18065804274465683
781        0.3047019122609672
782        0.03786276715410566
783        0.04184476940382451
784        0.1811023622047242
785        0.20367266591676014
786        0.21289651293588288
787        0.09068053993250831
788        0.09504499437570292
789        0.08925196850393685
790        0.022997750281214938
791        0.1488582677165353
792        0.05330708661417312
793        0.05125984251968491
794        0.06901012373453304
795        0.10910011248593916
796        0.03930821147356581
797        0.00506186726659167
798        0.03677165354330706
799        0.12451068616422938
800        0.1959223847019121
801        0.2188132733408322
802        0.2347244094488187
803        0.2786670416197975
804        0.25673228346456684
805        0.1112148481439819
806        0.10505624296962862
807        0.27744094488188964
808        0.008700787401574784
809        0.036383577052868404
810        0.03817210348706402
811        0.06128233970753642
812        0.0647187851518559
813        0.05051743532058483
814        0.04194038245219337
815        0.06972440944881877
816        0.2561079865016872
817        0.1699381327334082
818        0.16724971878515174
819        0.23334083239595052
820        0.1933858267716534
821        0.030849268841394814
822        0.27100674915635536
823        0.1996287964004498
824        0.028734533183352083
825        0.1179977502812147
826        0.15452755905511792
827        0.10057367829021356
828        0.07058492688413937
829        0.24263217097862758
830        0.01948818897637801
831        0.05484251968503928
832        0.22254218222722139
833        0.11230033745781767
834        0.14679415073115848
835        0.027080989876265504
836        0.030573678290213704
837        0.1931158605174353
838        0.050686164229471205
839        0.2697356580427444
840        0.2465860517435322
841        0.22457817772778388
842        0.11938132733408308
843        0.2297862767154104
844        0.010202474690663653
845        0.2024915635545555
846        0.12214285714285705
847        0.10431946006749142
848        0.045084364454443054
849        0.03964004499437561
850        0.0662879640044993
851        0.12004499437570289
852        0.1408548931383575
853        0.2629190101237345
854        0.12830146231721018
855        0.20829583802024745
856        0.3048537682789651
857        0.028194600674915655
858        0.18865016872890877
859        0.15423509561304818
860        0.10173790776152965
861        0.0680483689538806
862        0.05775590551181094
863        0.08466816647919001
864        0.20822834645669278
865        0.08087739032620908
866        0.08298650168728898
867        0.03695163104611912
868        0.045680539932508354
869        0.09854330708661398
870        0.056574803149606216
871        0.03718222722159728
872        0.10976377952755893
873        0.07262654668166471
874        0.12248593925759275
875        0.03946569178852639
876        0.05467379077615287
877        0.03993250843644538
878        0.030500562429696315
879        0.03710348706411692
880        0.02103487064116989
881        0.010663667041619857
882        0.1010629921259841
883        0.04622047244094478
884        0.013993250843644545
885        0.01235095613048373
886        0.054386951631045975
887        0.01975815523059622
888        0.0066535433070866006
889        0.0013385826771653516
