1        0.41179977502812143
2        0.6832283464566941
3        0.669735658042745
4        0.4302137232845897
5        0.71191226096738
6        0.5158042744656918
7        0.5278346456692915
8        0.7081777277840277
9        0.7046850393700796
10        0.23687851518560166
11        0.4175084364454441
12        0.3749043869516309
13        0.7085714285714297
14        0.7053318335208114
15        0.3348425196850392
16        0.6645388076490442
17        0.264808773903262
18        0.5195838020247472
19        0.3807142857142856
20        0.6877502812148485
21        0.6251462317210347
22        0.7239313835770544
23        0.5779358830146237
24        0.579566929133859
25        0.705309336332959
26        0.3920416197975251
27        0.2539538807649042
28        0.39209786276715414
29        0.2959730033745779
30        0.29814960629921244
31        0.21516872890888614
32        0.5688582677165354
33        0.6618447694038252
34        0.45597300337457825
35        0.6954443194600681
36        0.3843307086614171
37        0.5348537682789651
38        0.2825871766029245
39        0.4280596175478067
40        0.49300337457817767
41        0.3239426321709785
42        0.40792463442069704
43        0.2829808773903261
44        0.28813273340832385
45        0.5685433070866143
46        0.30051181102362184
47        0.5737007874015748
48        0.18963442069741265
49        0.6886782902137238
50        0.548273340832396
51        0.721929133858269
52        0.1643925759280088
53        0.7013385826771666
54        0.3683464566929133
55        0.718352080989877
56        0.5550618672665919
57        0.7225365579302596
58        0.6801912260967384
59        0.72236220472441
60        0.5763160854893139
61        0.6549437570303717
62        0.2762260967379076
63        0.6651237345331836
64        0.2937851518560179
65        0.4401237345331835
66        0.4528177727784027
67        0.4177671541057365
68        0.585044994375703
69        0.2734533183352078
70        0.6534083239595057
71        0.3204724409448818
72        0.5570978627671542
73        0.5703205849268846
74        0.6980089988751412
75        0.45082114735658024
76        0.21546119235095587
77        0.30528683914510685
78        0.6802418447694045
79        0.2717660292463441
80        0.03084926884139486
81        0.09261529808773891
82        0.40080427446569183
83        0.16789088863891993
84        0.4826940382452192
85        0.29070303712035983
86        0.20476940382452175
87        0.2855568053993248
88        0.717564679415074
89        0.27241844769403806
90        0.6803543307086619
91        0.5499268841394832
92        0.28745781777277835
93        0.5830933633295841
94        0.26787401574803144
95        0.5935770528683917
96        0.6266647919010124
97        0.22665916760404936
98        0.7240438695163117
99        0.25408886389201335
100        0.4354611923509561
101        0.2255399325084363
102        0.4313667041619796
103        0.2633070866141731
104        0.7251124859392586
105        0.7194488188976388
106        0.6220134983127116
107        0.2349775028121483
108        0.7127277840269977
109        0.7145556805399335
110        0.721406074240721
111        0.4963160854893139
112        0.34806524184476934
113        0.7236107986501702
114        0.6948031496063003
115        0.592581552305962
116        0.27231158605174344
117        0.48586051743532077
118        0.7208830146231732
119        0.3772328458942631
120        0.651271091113611
121        0.7215635545556819
122        0.620022497187852
123        0.7225871766029254
124        0.5762373453318336
125        0.641332958380203
126        0.4066535433070865
127        0.2945388076490437
128        0.7106411698537695
129        0.3908380202474689
130        0.7164341957255351
131        0.2645725534308209
132        0.7231383577052881
133        0.7050787401574812
134        0.6477952755905514
135        0.5167041619797526
136        0.6331046119235096
137        0.5646681664791899
138        0.510472440944882
139        0.7221541057367838
140        0.5759448818897639
141        0.5837739032620924
142        0.16693475815523043
143        0.7115354330708668
144        0.2693307086614172
145        0.2771934758155229
146        0.3872497187851516
147        0.4719460067491565
148        0.7229527559055129
149        0.3227896512935881
150        0.2620078740157479
151        0.5520022497187854
152        0.6910348706411704
153        0.4310348706411699
154        0.48021372328458944
155        0.6175365579302589
156        0.7097862767154113
157        0.4530202474690668
158        0.7227277840269977
159        0.27659730033745755
160        0.5613892013498314
161        0.6760742407199101
162        0.6771822272215983
163        0.71236220472441
164        0.6998818897637803
165        0.5719178852643422
166        0.7225759280089998
167        0.4677390326209224
168        0.3602868391451067
169        0.44521934758155224
170        0.7218897637795287
171        0.6990213723284601
172        0.45670978627671555
173        0.632907761529809
174        0.4302305961754783
175        0.5368166479190104
176        0.49237345331833515
177        0.21116985376827876
178        0.6445781777277846
179        0.5908886389201351
180        0.3042744656917884
181        0.4208380202474688
182        0.2725928008998874
183        0.46065804274465694
184        0.2864229471316085
185        0.3128402699662541
186        0.336164229471316
187        0.6419910011248597
188        0.29429133858267703
189        0.7126827896512944
190        0.651839145106862
191        0.6900562429696295
192        0.28726096737907747
193        0.7202418447694049
194        0.288970753655793
195        0.6554443194600679
196        0.6437514060742413
197        0.6857874015748036
198        0.1644544431946005
199        0.7217604049493823
200        0.23579302587176587
201        0.2863160854893136
202        0.5970078740157482
203        0.29239032620922367
204        0.7229640044994388
205        0.7238920134983136
206        0.5910236220472442
207        0.6867210348706422
208        0.2615241844769402
209        0.6426602924634425
210        0.6709730033745788
211        0.5689932508436448
212        0.722705286839146
213        0.5221203599550054
214        0.6991113610798659
215        0.6263723284589426
216        0.722913385826773
217        0.3263329583802023
218        0.6173115860517436
219        0.5857761529808777
220        0.31978065241844744
221        0.5408661417322839
222        0.11017997750281192
223        0.7157086614173237
224        0.7214623172103495
225        0.6405455568053996
226        0.5934420697412823
227        0.550202474690664
228        0.7057255343082125
229        0.49272778402699663
230        0.7247469066366716
231        0.7123565804274472
232        0.4098087739032621
233        0.724398200224973
234        0.4110123734533183
235        0.09872328458942618
236        0.6744431946006751
237        0.7237232845894275
238        0.355832395950506
239        0.7246512935883024
240        0.6769403824521941
241        0.4630821147356579
242        0.5474578177727785
243        0.6907311586051751
244        0.4698706411698539
245        0.5936670416197977
246        0.49971316085489376
247        0.7248200224971888
248        0.5966197975253099
249        0.4067379077615298
250        0.2112767154105735
251        0.2041957255343079
252        0.15007874015748007
253        0.2797187851518559
254        0.6727671541057373
255        0.7082677165354336
256        0.6777052868391454
257        0.7079415073115871
258        0.717542182227223
259        0.7239145106861649
260        0.7235151856018005
261        0.5321766029246344
262        0.4532564679415072
263        0.6611698537682793
264        0.37038245219347565
265        0.11379640044994357
266        0.7236726659167613
267        0.6552755905511816
268        0.25853205849268834
269        0.4717604049493815
270        0.6408998875140611
271        0.7013442069741289
272        0.5752305961754786
273        0.7237289088863901
274        0.4142294713160854
275        0.7093307086614183
276        0.4672665916760407
277        0.5650956130483692
278        0.6187232845894266
279        0.26381889763779526
280        0.7081946006749156
281        0.7192913385826786
282        0.40628796400449935
283        0.29428008998875116
284        0.6370922384701915
285        0.7245219347581565
286        0.46020247469066367
287        0.05269966254218215
288        0.47903262092238486
289        0.718790776152982
290        0.7216479190101245
291        0.4416985376827897
292        0.43837457817772774
293        0.3007311586051742
294        0.2872328458942632
295        0.2181271091113609
296        0.28006749156355437
297        0.672817772778403
298        0.5618391451068618
299        0.7224184476940394
300        0.48485939257592814
301        0.6693869516310464
302        0.2548706411698536
303        0.6187232845894266
304        0.3021484814398199
305        0.30096175478065224
306        0.7029021372328469
307        0.2980427446569177
308        0.666400449943758
309        0.5464004499437575
310        0.4585658042744658
311        0.7027334083239605
312        0.0738188976377952
313        0.05236220472440934
314        0.7121709786276726
315        0.30984814398200217
316        0.6932677165354337
317        0.7242238470191237
318        0.4594094488188976
319        0.7096400449943769
320        0.2980933633295836
321        0.6745050618672672
322        0.7253487064116999
323        0.2576377952755904
324        0.7210629921259852
325        0.483728908886389
326        0.5754780652418447
327        0.6395219347581552
328        0.7120584926884148
329        0.2973734533183351
330        0.6038920134983132
331        0.430230596175478
332        0.27203599550056246
333        0.3920922384701912
334        0.5849550056242968
335        0.5478683914510689
336        0.6704330708661422
337        0.7224634420697423
338        0.18501687289088842
339        0.25688413948256444
340        0.21089426321709767
341        0.5837064116985381
342        0.5846344206974132
343        0.6009898762654671
344        0.7114848143982012
345        0.6175084364454445
346        0.2982564679415072
347        0.7010236220472451
348        0.6546231721034877
349        0.4674578177727782
350        0.6898762654668177
351        0.7230033745781784
352        0.4200618672665917
353        0.5794431946006752
354        0.6335601799775036
355        0.23925196850393682
356        0.7221203599550062
357        0.23029808773903246
358        0.6818672665916772
359        0.4154499437570302
360        0.3001687289088863
361        0.7155511811023635
362        0.6256805399325085
363        0.34029808773903253
364        0.7185545556805407
365        0.4757424071991002
366        0.30541057367829016
367        0.5222665916760404
368        0.7154893138357714
369        0.6523565804274467
370        0.7229583802024756
371        0.5967435320584928
372        0.7228740157480325
373        0.5317716535433071
374        0.4198200224971876
375        0.6026827896512937
376        0.0963498312710909
377        0.6834308211473573
378        0.27480877390326186
379        0.5129077615298087
380        0.723779527559056
381        0.7174746906636676
382        0.2543532058492688
383        0.4399775028121485
384        0.4531214848143983
385        0.7044488188976382
386        0.7219685039370083
387        0.5445950506186731
388        0.6665635545556811
389        0.5548143982002253
390        0.536647919010124
391        0.6084814398200229
392        0.7222890888638928
393        0.7230146231721047
394        0.3357142857142856
395        0.6139145106861649
396        0.7197694038245226
397        0.2764229471316084
398        0.723993250843646
399        0.7240832395950515
400        0.2756580427446567
401        0.4487570303712035
402        0.27194038245219343
403        0.6616422947131614
404        0.7240494938132744
405        0.6051799775028127
406        0.7137795275590562
407        0.6511079865016873
408        0.7234420697412834
409        0.18989313835770505
410        0.7257367829021386
411        0.48042182227221597
412        0.6003543307086612
413        0.6841282339707544
414        0.4266141732283466
415        0.7224690663667053
416        0.7234083239595062
417        0.7165298087739042
418        0.6896456692913394
419        0.5650506186726658
420        0.6144319460067493
421        0.7211642294713166
422        0.2762204724409447
423        0.6659673790776159
424        0.35957255343082084
425        0.7233802024746911
426        0.7220697412823405
427        0.6438470191226099
428        0.7238470191226104
429        0.4698706411698537
430        0.7153824521934766
431        0.7225590551181112
432        0.2612260967379076
433        0.7229246344206984
434        0.7237795275590563
435        0.5075759280089991
436        0.6125815523059623
437        0.7219966254218235
438        0.7052980877390334
439        0.6869628796400457
440        0.5429358830146233
441        0.6404780652418448
442        0.7171653543307102
443        0.4414679415073114
444        0.3341563554555679
445        0.6731158605174359
446        0.1354949381327332
447        0.7221203599550066
448        0.7224634420697419
449        0.7230708661417333
450        0.5536951631046118
451        0.7203880764904399
452        0.7218728908886398
453        0.7230596175478072
454        0.432581552305962
455        0.7232452193475823
456        0.7231327334083251
457        0.40177727784027
458        0.7225871766029255
459        0.7216985376827906
460        0.71546681664792
461        0.7235039370078752
462        0.7237682789651305
463        0.7207874015748044
464        0.7233858267716541
465        0.7210292463442084
466        0.7219628796400462
467        0.42204161979752547
468        0.5066985376827898
469        0.6942294713160865
470        0.6942182227221607
471        0.7227334083239606
472        0.47346456692913397
473        0.2538751406074238
474        0.5830314960629924
475        0.5804836895388077
476        0.27895388076490424
477        0.6869122609673798
478        0.28660292463442055
479        0.5622553430821151
480        0.2624859392575926
481        0.7184589426321721
482        0.7242519685039377
483        0.665989876265467
484        0.7188301462317221
485        0.7063442069741286
486        0.7170191226096747
487        0.7210404949381334
488        0.644038245219348
489        0.48174353205849274
490        0.7189201349831282
491        0.5854780652418446
492        0.705866141732285
493        0.3201631046119235
494        0.6189426321709788
495        0.3040326209223847
496        0.720961754780653
497        0.49436445444319477
498        0.6425646794150731
499        0.7247637795275601
500        0.6725590551181106
501        0.29733408323959487
502        0.7027109111361086
503        0.719943757030372
504        0.7231496062992138
505        0.5785320584926883
506        0.7235601799775034
507        0.20017997750281202
508        0.7099437570303722
509        0.7051968503937021
510        0.5003149606299214
511        0.7216929133858275
512        0.2505624296962878
513        0.7237457817772787
514        0.28800337457817754
515        0.681040494938133
516        0.28261529808773894
517        0.6517041619797523
518        0.702649043869517
519        0.578284589426322
520        0.27207536557930256
521        0.4375309336332959
522        0.4730314960629924
523        0.7224634420697421
524        0.4678683914510686
525        0.6530371203599552
526        0.7236614173228355
527        0.467064116985377
528        0.6933408323959506
529        0.7173622047244106
530        0.3413385826771651
531        0.7194938132733423
532        0.6838751406074249
533        0.2833914510686163
534        0.5816479190101237
535        0.4861248593925761
536        0.7229415073115867
537        0.6793925759280093
538        0.7248256467941515
539        0.7225478065241856
540        0.7129977502812159
541        0.25086051743532045
542        0.28021372328458916
543        0.7240832395950514
544        0.6741451068616429
545        0.722896512935884
546        0.7231214848143993
547        0.7235883014623183
548        0.7224015748031504
549        0.6426152980877391
550        0.7231214848143995
551        0.6980258717660299
552        0.7226996625421832
553        0.35548931383577037
554        0.5636839145106862
555        0.7002755905511817
556        0.6260067491563558
557        0.7203430821147365
558        0.6879358830146238
559        0.52632733408324
560        0.7245275590551192
561        0.5596400449943758
562        0.7228121484814407
563        0.2651068616422945
564        0.7197581552305966
565        0.2512879640044994
566        0.6336107986501691
567        0.6892857142857148
568        0.723886389201351
569        0.2939595050618671
570        0.7159730033745788
571        0.692086614173229
572        0.6756974128233977
573        0.7073003374578186
574        0.6576940382452194
575        0.7199212598425209
576        0.5442350956130487
577        0.2678177727784026
578        0.28919010123734523
579        0.6720584926884142
580        0.30027559055118097
581        0.4444263217097864
582        0.6893419572553435
583        0.22949381327334073
584        0.7241282339707547
585        0.4487457817772779
586        0.7211136107986513
587        0.658205849268842
588        0.7215748031496072
589        0.30059617547806505
590        0.30060179977502793
591        0.4497806524184477
592        0.6621372328458948
593        0.7155343082114746
594        0.07330708661417307
595        0.30030933633295825
596        0.663290213723285
597        0.716923509561306
598        0.4446794150731156
599        0.29754780652418433
600        0.34429696287964
601        0.6113554555680542
602        0.6660461192350963
603        0.2649156355455567
604        0.5259448818897641
605        0.3170753655793025
606        0.7217829021372337
607        0.4190101237345331
608        0.6420584926884141
609        0.701394825646795
610        0.6843757030371213
611        0.6843925759280093
612        0.31277840269966245
613        0.713222722159731
614        0.6076152980877395
615        0.47868953880764925
616        0.3369853768278964
617        0.7228571428571441
618        0.11424071991001103
619        0.7213779527559062
620        0.5517435320584929
621        0.3119628796400449
622        0.6466985376827898
623        0.29010686164229454
624        0.590140607424072
625        0.5964229471316085
626        0.6182958380202469
627        0.6858042744656927
628        0.29023622047244085
629        0.6116985376827895
630        0.597559055118111
631        0.30820584926884137
632        0.273537682789651
633        0.21751406074240712
634        0.5484364454443198
635        0.7235151856018007
636        0.5327334083239593
637        0.7204724409448832
638        0.5574971878515185
639        0.7022665916760417
640        0.47448818897637807
641        0.03190101237345335
642        0.45236782902137235
643        0.5529921259842517
644        0.449246344206974
645        0.6986107986501695
646        0.7223115860517442
647        0.5643982002249719
648        0.1779021372328457
649        0.31338020247469056
650        0.54533183352081
651        0.5787739032620922
652        0.7034814398200233
653        0.6720922384701916
654        0.6620978627671544
655        0.712885264341958
656        0.18533183352080973
657        0.6409448818897643
658        0.297935883014623
659        0.7248987626546688
660        0.7243138357705301
661        0.4238976377952756
662        0.3302474690663666
663        0.5698987626546687
664        0.24015185601799757
665        0.6858155230596179
666        0.725849268841396
667        0.21504499437570285
668        0.7209955005624303
669        0.2880202474690661
670        0.6693757030371208
671        0.6081271091113611
672        0.5711923509561307
673        0.6941676040494943
674        0.24044994375703027
675        0.25240157480314923
676        0.2624578177727781
677        0.6476996625421829
678        0.7221541057367835
679        0.6122384701912266
680        0.2762485939257591
681        0.7184195725534319
682        0.4247300337457818
683        0.5758155230596177
684        0.29697975253093356
685        0.27243532058492675
686        0.3389707536557929
687        0.7163217097862775
688        0.28641169853768267
689        0.25390326209223835
690        0.7231777277840281
691        0.7247750281214858
692        0.7131214848143993
693        0.6738020247469071
694        0.3799325084364454
695        0.2900224971878514
696        0.2900674915635545
697        0.7235264341957266
698        0.27628796400449934
699        0.3880877390326208
700        0.13669853768278944
701        0.2753937007874014
702        0.7220191226096746
703        0.29394263217097855
704        0.49562992125984257
705        0.6768560179977513
706        0.564820022497188
707        0.7237570303712044
708        0.5109673790776155
709        0.7232170978627686
710        0.7181383577052878
711        0.26741282339707534
712        0.297002249718785
713        0.11011811023622028
714        0.6068728908886389
715        0.6217041619797526
716        0.4960011248593929
717        0.658177727784027
718        0.65099550056243
719        0.35498875140607405
720        0.5727052868391449
721        0.29061867266591673
722        0.45578177727784003
723        0.5929865016872893
724        0.6137907761529814
725        0.6050393700787402
726        0.2707142857142856
727        0.45957255343082126
728        0.13928571428571404
729        0.6462767154105741
730        0.5769010123734535
731        0.24718785151856007
732        0.2940438695163103
733        0.23876265466816626
734        0.38583239595050595
735        0.6967491563554562
736        0.7237176602924642
737        0.34378515185601777
738        0.7228571428571436
739        0.12419572553430801
740        0.5812654668166481
741        0.2762710911136106
742        0.6546962879640048
743        0.49634420697412807
744        0.2986051743532057
745        0.5928683914510685
746        0.46584364454443195
747        0.39064679415073106
748        0.28571428571428553
749        0.4671709786276713
750        0.7228177727784036
751        0.7057649043869527
752        0.2649043869516309
753        0.7066929133858276
754        0.31988188976377946
755        0.4568503937007874
756        0.2920359955005623
757        0.7007817772778412
758        0.6352643419572553
759        0.30405511811023606
760        0.17469628796400433
761        0.5290888638920134
762        0.7215579302587184
763        0.7235208098987634
764        0.5506580427446572
765        0.6925084364454449
766        0.3121822272215972
767        0.2721822272215971
768        0.6044488188976384
769        0.7235826771653552
770        0.676490438695164
771        0.7139595050618679
772        0.4913779527559056
773        0.7214004499437584
774        0.5049887514060745
775        0.28737907761529785
776        0.6707986501687292
777        0.7234308211473575
778        0.5617097862767156
779        0.40014060742407215
780        0.6522384701912266
781        0.7202249718785155
782        0.26122609673790764
783        0.3881552305961756
784        0.7018053993250858
785        0.7085995500562439
786        0.7146681664791913
787        0.47916197975253083
788        0.47480877390326226
789        0.5149156355455573
790        0.28399887514060723
791        0.68124859392576
792        0.27755905511811
793        0.3106467941507311
794        0.4549943757030372
795        0.5900168728908888
796        0.3010798650168727
797        0.08794713160854883
798        0.32275028121484794
799        0.5477671541057372
800        0.6181721034870643
801        0.7102812148481451
802        0.7156805399325096
803        0.7244544431946014
804        0.7098481439820028
805        0.5435264341957257
806        0.46477502812148486
807        0.7232789651293597
808        0.10575928008998856
809        0.31250281214848125
810        0.29745781777277835
811        0.26421822272215956
812        0.25412260967379063
813        0.4312767154105739
814        0.2370528683914509
815        0.38475253093363326
816        0.6955399325084367
817        0.609358830146232
818        0.7000056242969634
819        0.7126377952755912
820        0.6933745781777286
821        0.29384139482564664
822        0.7190663667041634
823        0.6904668166479194
824        0.29025871766029226
825        0.5895106861642297
826        0.6911079865016877
827        0.45923509561304854
828        0.4636332958380205
829        0.7194206974128243
830        0.22189538807649026
831        0.4027221597300336
832        0.7212935883014633
833        0.4482620922384703
834        0.6297525309336334
835        0.25744656917885267
836        0.26197975253093353
837        0.6466254218222725
838        0.530444319460068
839        0.7187851518560191
840        0.7088357705286852
841        0.7229640044994389
842        0.6406580427446572
843        0.7180314960629931
844        0.1345050618672664
845        0.6765466816647927
846        0.5228290213723288
847        0.5417041619797527
848        0.2653374578177726
849        0.28282339707536525
850        0.4565860517435323
851        0.6003880764904388
852        0.6110236220472443
853        0.7221203599550067
854        0.5630033745781781
855        0.6758211473565809
856        0.7234308211473574
857        0.22525871766029235
858        0.6694263217097869
859        0.6940888638920142
860        0.4776434195725537
861        0.4256861642294713
862        0.3927277840269969
863        0.44799775028121525
864        0.7028065241844775
865        0.45374015748031515
866        0.43250281214848146
867        0.29622047244094474
868        0.31430258717660275
869        0.4962823397075367
870        0.43984251968503957
871        0.26413948256467923
872        0.5802755905511814
873        0.5530033745781777
874        0.6440326209223849
875        0.30368953880764893
876        0.2832058492688412
877        0.27710348706411697
878        0.39569178852643405
879        0.28776715410573667
880        0.3079865016872889
881        0.24642294713160837
882        0.46799775028121515
883        0.29273340832395933
884        0.2038751406074239
885        0.22626546681664764
886        0.315736782902137
887        0.18204724409448794
888        0.12496062992125967
889        0.023498312710911174
