1        0.49986501687289087
2        0.7667547806524179
3        0.7824409448818891
4        0.5504724409448821
5        0.7784701912260954
6        0.6503205849268849
7        0.6930483689538807
8        0.7858661417322821
9        0.7869685039370072
10        0.3118222722159727
11        0.5612767154105739
12        0.48717660292463477
13        0.784915635545556
14        0.7736389201349819
15        0.4097300337457817
16        0.7689257592800892
17        0.3608717660292463
18        0.6009617547806527
19        0.4561642294713159
20        0.7808661417322823
21        0.7332845894263208
22        0.7814735658042732
23        0.7075253093363324
24        0.6794656917885261
25        0.7763498312710899
26        0.5948875140607428
27        0.3737457817772778
28        0.5308042744656921
29        0.4178346456692911
30        0.3842294713160854
31        0.3437064116985377
32        0.6804668166479187
33        0.7614960629921249
34        0.626884139482565
35        0.777154105736782
36        0.5343588301462315
37        0.6414398200224977
38        0.30751968503936994
39        0.5451462317210349
40        0.6055849268841398
41        0.3772722159730034
42        0.5363779527559055
43        0.41171541057367816
44        0.3511361079865017
45        0.6990269966254213
46        0.3841957255343081
47        0.7416760404949373
48        0.3196456692913383
49        0.7684476940382448
50        0.7394319460067484
51        0.7838020247469052
52        0.2558492688413947
53        0.7817716535433061
54        0.5284195725534309
55        0.7819403824521927
56        0.6688245219347582
57        0.7843082114735646
58        0.7335939257592795
59        0.7829696287963992
60        0.7473340832395948
61        0.748290213723284
62        0.41727221597300357
63        0.7617997750281205
64        0.444476940382452
65        0.5863498312710916
66        0.5542519685039372
67        0.5244094488188977
68        0.6697412823397074
69        0.4288188976377952
70        0.7421766029246338
71        0.4015635545556803
72        0.6790832395950503
73        0.6515748031496067
74        0.769707536557929
75        0.5931158605174357
76        0.3039707536557929
77        0.41309336332958396
78        0.7572384701912255
79        0.34555680539932504
80        0.06460629921259829
81        0.143402699662542
82        0.5242182227221598
83        0.33136670416197966
84        0.5427952755905516
85        0.3546681664791898
86        0.41767154105736787
87        0.4250168728908888
88        0.7857761529808763
89        0.43600674915635546
90        0.7756242969628789
91        0.7055736782902136
92        0.4002418447694036
93        0.6875815523059611
94        0.3783689538807648
95        0.7272609673790769
96        0.7142182227221595
97        0.3580371203599549
98        0.7840213723284579
99        0.39696287964004495
100        0.5259392575928009
101        0.37021934758155195
102        0.5347525309336336
103        0.42174353205849263
104        0.7858380202474682
105        0.7767885264341946
106        0.7301293588301461
107        0.3658661417322833
108        0.7842125984251961
109        0.7848481439820012
110        0.7856692913385818
111        0.6172159730033748
112        0.5354330708661417
113        0.7836107986501679
114        0.7785489313835763
115        0.6499831271091115
116        0.30765466816647913
117        0.5928402699662546
118        0.7794488188976367
119        0.4244488188976381
120        0.7569066366704156
121        0.7818953880764892
122        0.75023622047244
123        0.7834983127109095
124        0.6989257592800898
125        0.7556074240719906
126        0.5612429696287959
127        0.3465298087739032
128        0.7853205849268832
129        0.5626996625421826
130        0.7845275590551176
131        0.40546681664791895
132        0.7852980877390315
133        0.7774465691788518
134        0.7575140607424062
135        0.6834195725534312
136        0.7623397075365568
137        0.6710517435320582
138        0.5919572553430822
139        0.7865129358830134
140        0.6396456692913381
141        0.6603093363329582
142        0.3625984251968503
143        0.7793138357705274
144        0.3055849268841394
145        0.4005343082114733
146        0.5491226096737908
147        0.5142350956130485
148        0.786130483689538
149        0.39419010123734544
150        0.3580989876265466
151        0.6600449943757033
152        0.7804161979752523
153        0.5355118110236223
154        0.6564285714285716
155        0.7385995500562423
156        0.7838526434195711
157        0.5533745781777276
158        0.779583802024746
159        0.33068053993250834
160        0.68
161        0.745995500562429
162        0.7331271091113603
163        0.7849887514060729
164        0.7731777277840258
165        0.6918616422947126
166        0.7841507311586037
167        0.5631439820022497
168        0.44074240719910024
169        0.5734589426321712
170        0.7839763779527549
171        0.7773172103487052
172        0.5984645669291342
173        0.7490494938132725
174        0.5269741282339708
175        0.6684476940382453
176        0.5669403824521936
177        0.3374859392575927
178        0.7389763779527547
179        0.7184814398200224
180        0.46826771653543303
181        0.5707424071991004
182        0.37752530933633294
183        0.5623847019122612
184        0.3386557930258718
185        0.4637064116985377
186        0.46496625421822274
187        0.7107424071990998
188        0.378082114735658
189        0.7849437570303698
190        0.7163948256467941
191        0.7766085489313822
192        0.35468503937007867
193        0.7846175478065232
194        0.4007367829021373
195        0.7420584926884133
196        0.7580314960629915
197        0.7801012373453308
198        0.3291844769403823
199        0.7849831271091106
200        0.3151968503937006
201        0.404341957255343
202        0.724538807649043
203        0.3931777277840268
204        0.7842913385826766
205        0.7841732283464553
206        0.6370472440944885
207        0.7730596175478058
208        0.37433633295838015
209        0.73511811023622
210        0.7682677165354319
211        0.678492688413948
212        0.7864735658042734
213        0.6405061867266596
214        0.7728965129358817
215        0.7377109111361073
216        0.7852699662542172
217        0.49278402699662543
218        0.7290944881889756
219        0.6992688413948257
220        0.4999325084364453
221        0.6669235095613044
222        0.20944881889763753
223        0.7859336332958371
224        0.7864848143981997
225        0.7460742407199094
226        0.6956861642294715
227        0.6871822272215969
228        0.7814679415073106
229        0.6610236220472445
230        0.7846681664791894
231        0.7693925759280085
232        0.6283408323959511
233        0.7845275590551174
234        0.47974128233970725
235        0.2016535433070864
236        0.7258042744656912
237        0.7863835770528673
238        0.5069741282339709
239        0.7850618672665903
240        0.7369741282339705
241        0.6263385826771658
242        0.6685601799775026
243        0.7743813273340823
244        0.6015185601799778
245        0.7132620922384699
246        0.5888020247469068
247        0.785376827896512
248        0.6839538807649039
249        0.5778515185601804
250        0.41471316085489307
251        0.29109673790776136
252        0.23256467941507297
253        0.36331271091113615
254        0.7714904386951622
255        0.7744825646794142
256        0.7507817772778393
257        0.7789988751406065
258        0.7849606299212586
259        0.7862598425196842
260        0.7835658042744649
261        0.6645444319460068
262        0.5785151856017999
263        0.7588357705286835
264        0.5107086614173226
265        0.22508998875140582
266        0.7862204724409438
267        0.7621991001124853
268        0.34265466816647916
269        0.5799831271091113
270        0.7157536557930253
271        0.7783914510686152
272        0.6821653543307086
273        0.7847694038245204
274        0.503419572553431
275        0.7771203599550047
276        0.5352699662542186
277        0.667800899887514
278        0.7293813273340826
279        0.3571653543307086
280        0.7794150731158597
281        0.7852249718785146
282        0.5306467941507311
283        0.38140607424071993
284        0.7593869516310449
285        0.7868616422947119
286        0.6020022497187852
287        0.06500562429696281
288        0.5650843644544431
289        0.7841957255343073
290        0.7853093363329577
291        0.553875140607424
292        0.5020134983127109
293        0.36505061867266586
294        0.36982564679415064
295        0.32012373453318316
296        0.3501068616422947
297        0.7619910011248585
298        0.7155736782902131
299        0.7852080989876257
300        0.5573115860517432
301        0.7534420697412814
302        0.36982564679415075
303        0.7221316085489312
304        0.3374184476940379
305        0.38127109111361057
306        0.7846794150731147
307        0.4678852643419574
308        0.7694656917885255
309        0.6371147356580432
310        0.5452980877390329
311        0.7858717660292452
312        0.22618110236220446
313        0.0996344206974126
314        0.7777559055118098
315        0.48436445444319465
316        0.7770416197975247
317        0.7848087739032608
318        0.6477165354330711
319        0.7803205849268826
320        0.3425253093363329
321        0.7578740157480303
322        0.7861586051743522
323        0.36592238470191213
324        0.7802868391451063
325        0.5664116985376831
326        0.7047412823397071
327        0.7502474690663657
328        0.7865129358830133
329        0.4013329583802026
330        0.7113160854893134
331        0.5583295838020248
332        0.3979640044994376
333        0.5315860517435324
334        0.7192632170978623
335        0.6814848143981996
336        0.7430708661417316
337        0.7835995500562426
338        0.26438132733408315
339        0.3859673790776153
340        0.38515185601799773
341        0.7387739032620914
342        0.6747412823397079
343        0.7326209223847012
344        0.782947131608548
345        0.7340269966254211
346        0.3967997750281215
347        0.7688413948256461
348        0.7459673790776148
349        0.5777840269966259
350        0.768757030371203
351        0.7842913385826759
352        0.5461192350956134
353        0.6713442069741284
354        0.7271034870641163
355        0.3819685039370077
356        0.7842407199100101
357        0.3314960629921258
358        0.7544094488188969
359        0.5544263217097867
360        0.3932902137232847
361        0.7844488188976367
362        0.7194938132733405
363        0.514758155230596
364        0.7844825646794136
365        0.5391901012373453
366        0.37003374578177733
367        0.641029246344207
368        0.7836389201349825
369        0.7546006749156347
370        0.7870303712035984
371        0.6666029246344206
372        0.7853487064116976
373        0.6844263217097862
374        0.5890776152980876
375        0.7299943757030366
376        0.14086614173228318
377        0.7803149606299202
378        0.3269516310461191
379        0.6308661417322837
380        0.7838695163104602
381        0.7840607424071979
382        0.35485376827896514
383        0.5190044994375702
384        0.6256580427446573
385        0.7863442069741271
386        0.7841901012373441
387        0.6935433070866138
388        0.7460292463442062
389        0.7122553430821141
390        0.6979471316085487
391        0.7427109111361075
392        0.7830764904386943
393        0.7855849268841381
394        0.37506186726659174
395        0.729645669291338
396        0.7849887514060733
397        0.3114454443194598
398        0.784668166479189
399        0.7845725534308198
400        0.4203205849268841
401        0.5356130483689538
402        0.35410573678290214
403        0.7530933633295834
404        0.7805455568053986
405        0.7051518560179979
406        0.7853430821147346
407        0.7074240719910013
408        0.7839482564679408
409        0.30398762654668143
410        0.7842913385826759
411        0.565793025871766
412        0.7146231721034866
413        0.7772497187851513
414        0.5539482564679415
415        0.785658042744656
416        0.7851912260967367
417        0.7746906636670404
418        0.7727671541057353
419        0.7033014623172104
420        0.7103543307086614
421        0.7840494938132723
422        0.4193644544431946
423        0.7532902137232838
424        0.4962823397075368
425        0.7854330708661407
426        0.7812879640044984
427        0.7329133858267709
428        0.7807311586051735
429        0.5778346456692913
430        0.7820303712035988
431        0.7853993250843635
432        0.38551743532058474
433        0.784049493813272
434        0.784409448818897
435        0.640449943757031
436        0.741417322834645
437        0.7851856017997733
438        0.7779865016872882
439        0.7766535433070858
440        0.6799437570303709
441        0.7535939257592791
442        0.7852474690663656
443        0.5701799775028122
444        0.5078121484814399
445        0.753515185601799
446        0.2486557930258716
447        0.7846850393700779
448        0.7836389201349825
449        0.7854105736782888
450        0.6603037120359956
451        0.7809955005624281
452        0.7853037120359943
453        0.7848537682789641
454        0.5699268841394824
455        0.7845950506186715
456        0.784634420697412
457        0.540433070866142
458        0.7833577052868379
459        0.7853768278965123
460        0.7842407199100105
461        0.7844881889763771
462        0.7766197975253081
463        0.780601799775027
464        0.7863442069741271
465        0.7846794150731148
466        0.7873847019122597
467        0.6053543307086617
468        0.5693138357705291
469        0.7713667041619788
470        0.7736164229471306
471        0.7845613048368947
472        0.5849100112485942
473        0.36418447694038236
474        0.6984195725534309
475        0.6211417322834647
476        0.4453599550056244
477        0.7702193475815513
478        0.3862317210348708
479        0.6636389201349833
480        0.3906861642294714
481        0.7843194600674905
482        0.7860517435320575
483        0.7699156355455556
484        0.7858155230596167
485        0.7654161979752523
486        0.7764004499437561
487        0.7867097862767143
488        0.7502305961754777
489        0.5179752530933636
490        0.7865579302587168
491        0.7019066366704159
492        0.7822384701912248
493        0.3375253093363328
494        0.7362598425196842
495        0.38236782902137223
496        0.7828515185601791
497        0.57814398200225
498        0.7603655793025866
499        0.7845669291338575
500        0.7660123734533175
501        0.3383914510686163
502        0.7810348706411689
503        0.7872665916760393
504        0.7845163104611914
505        0.6797975253093362
506        0.786192350956129
507        0.3223172103487063
508        0.7761361079865001
509        0.7755005624296953
510        0.6230764904386951
511        0.7826827896512925
512        0.343683914510686
513        0.7862035995500549
514        0.3590269966254218
515        0.7739032620922373
516        0.330686164229471
517        0.754409448818897
518        0.7758436445444308
519        0.7067604049493813
520        0.38924634420697407
521        0.5453374578177728
522        0.5531608548931386
523        0.7857536557930248
524        0.5618672665916761
525        0.761597300337457
526        0.7845556805399317
527        0.5983464566929139
528        0.7768110236220466
529        0.7735095613048355
530        0.4660629921259843
531        0.7742519685039362
532        0.7604893138357697
533        0.38444881889763743
534        0.6430146231721039
535        0.5152137232845895
536        0.786287964004498
537        0.7700056242969624
538        0.7840382452193466
539        0.7829808773903251
540        0.7740157480314949
541        0.3503768278965127
542        0.3194094488188973
543        0.7860236220472427
544        0.7564510686164221
545        0.7835151856017987
546        0.7851687289088852
547        0.7844319460067483
548        0.7856411698537671
549        0.7585714285714272
550        0.7850056242969613
551        0.7853487064116971
552        0.7855736782902126
553        0.43612485939257595
554        0.6515691788526436
555        0.7736670416197964
556        0.7396681664791893
557        0.783841394825646
558        0.7414341957255337
559        0.6866254218222722
560        0.7840438695163094
561        0.6469122609673792
562        0.7842519685039363
563        0.3981046119235095
564        0.7848931383577044
565        0.31484251968503923
566        0.7349550056242964
567        0.7737007874015736
568        0.7856299212598415
569        0.4296062992125983
570        0.7853543307086608
571        0.752485939257592
572        0.7692294713160847
573        0.7780821147356574
574        0.7560911136107977
575        0.7862879640044984
576        0.6597862767154109
577        0.40615860517435304
578        0.38138920134983145
579        0.7611248593925752
580        0.3710629921259843
581        0.5608211473565808
582        0.7576152980877382
583        0.36579302587176615
584        0.7834364454443186
585        0.590264341957256
586        0.779707536557929
587        0.7181496062992122
588        0.7838638920134972
589        0.3343925759280088
590        0.3700674915635544
591        0.5951912260967379
592        0.7634420697412808
593        0.785213723284588
594        0.17046119235095591
595        0.3299437570303709
596        0.7654893138357695
597        0.786029246344206
598        0.5670922384701919
599        0.33089426321709775
600        0.3534870641169853
601        0.7221878515185594
602        0.7571766029246335
603        0.369763779527559
604        0.6519685039370082
605        0.36897637795275573
606        0.7847300337457809
607        0.5799718785151857
608        0.7520809898762646
609        0.781946006749155
610        0.7810798650168715
611        0.766844769403824
612        0.3153880764904386
613        0.780011248593925
614        0.7380033745781768
615        0.5402137232845895
616        0.3032339707536557
617        0.7849775028121476
618        0.1823228346456691
619        0.785416197975252
620        0.6989313835770524
621        0.3496062992125983
622        0.7111248593925752
623        0.3923228346456692
624        0.6874353205849265
625        0.6941338582677161
626        0.7305624296962876
627        0.7724071991001115
628        0.45930258717660316
629        0.7010854893138354
630        0.7107874015748028
631        0.3548593925759279
632        0.40168728908886386
633        0.35823959505061853
634        0.6319178852643421
635        0.7847187851518549
636        0.6717435320584927
637        0.773920134983126
638        0.6648425196850392
639        0.7673115860517428
640        0.5158492688413951
641        0.06499437570303708
642        0.5731608548931385
643        0.6632508436445441
644        0.553785151856018
645        0.7817491563554548
646        0.7851012373453305
647        0.6611417322834646
648        0.29564679415073103
649        0.4941226096737909
650        0.6390832395950511
651        0.6788582677165351
652        0.783689538807648
653        0.7509561304836889
654        0.7387064116985372
655        0.7757874015748023
656        0.28822834645669265
657        0.7315860517435315
658        0.3892688413948255
659        0.7860967379077605
660        0.7841788526434184
661        0.5336726659167605
662        0.45271653543307083
663        0.6559898762654671
664        0.3145950506186725
665        0.7781383577052859
666        0.7842463442069731
667        0.3144206974128233
668        0.7846906636670409
669        0.4638807649043868
670        0.7591844769403815
671        0.750005624296962
672        0.6673509561304839
673        0.7779415073115853
674        0.3317435320584925
675        0.35503374578177704
676        0.3820303712035994
677        0.7308830146231717
678        0.7848200224971869
679        0.7062260967379071
680        0.3545219347581552
681        0.7839538807649028
682        0.6103093363329589
683        0.6872159730033748
684        0.4098256467941506
685        0.4151912260967378
686        0.3553037120359954
687        0.7851687289088854
688        0.41779527559055113
689        0.4324634420697413
690        0.7860517435320575
691        0.7863385826771645
692        0.7860236220472432
693        0.7746062992125977
694        0.533599550056243
695        0.33847581552305955
696        0.34944319460067486
697        0.7861136107986488
698        0.43650731158605166
699        0.5025590551181106
700        0.26490438695163077
701        0.3648031496062991
702        0.7855118110236211
703        0.307092238470191
704        0.6446006749156361
705        0.7482564679415069
706        0.6914398200224972
707        0.7844206974128223
708        0.6275365579302591
709        0.7858042744656903
710        0.7843138357705273
711        0.37743532058492674
712        0.39378515185601787
713        0.21672103487064087
714        0.7374465691788522
715        0.7258042744656908
716        0.5373509561304839
717        0.7674803149606292
718        0.7312598425196842
719        0.5104668166479195
720        0.695230596175478
721        0.38607424071991014
722        0.5815804274465697
723        0.6951912260967379
724        0.7578233970753648
725        0.7181214848143977
726        0.3630877390326211
727        0.5857424071991001
728        0.20185601799775005
729        0.722924634420697
730        0.7302474690663662
731        0.42596175478065246
732        0.38956130483689533
733        0.33030371203599546
734        0.5692519685039371
735        0.7745219347581543
736        0.7857367829021364
737        0.4911923509561306
738        0.7852474690663653
739        0.17351518560179957
740        0.7221709786276708
741        0.40192913385826773
742        0.7344431946006748
743        0.6322328458942635
744        0.33548368953880753
745        0.7231158605174346
746        0.572767154105737
747        0.4640888638920135
748        0.33875703037120347
749        0.6041282339707539
750        0.7852474690663657
751        0.7864116985376819
752        0.33055118110236215
753        0.78457255343082
754        0.3975478065241844
755        0.5878571428571431
756        0.3620809898762653
757        0.7841001124859381
758        0.7198650168728905
759        0.43259280089988744
760        0.308217097862767
761        0.6795781777277842
762        0.7853768278965119
763        0.7861248593925745
764        0.6948312710911132
765        0.7778290213723278
766        0.32693475815523043
767        0.3582508436445442
768        0.7268166479190092
769        0.7847862767154093
770        0.7776265466816641
771        0.7852474690663656
772        0.6993475815523061
773        0.7864960629921248
774        0.5659505061867265
775        0.37455568053993255
776        0.7579246344206969
777        0.7850281214848134
778        0.6906805399325079
779        0.5467547806524188
780        0.7611304836895383
781        0.78457255343082
782        0.35741282339707536
783        0.5182508436445445
784        0.7717041619797519
785        0.7800449943757023
786        0.7697075365579295
787        0.5509055118110242
788        0.5336276715410574
789        0.607671541057368
790        0.3265073115860516
791        0.7553543307086609
792        0.392244094488189
793        0.33485939257592784
794        0.5800056242969628
795        0.6825309336332956
796        0.42259280089988754
797        0.18188976377952737
798        0.4027446569178853
799        0.6828571428571426
800        0.7416704161979749
801        0.7822215973003362
802        0.7795556805399315
803        0.7849381327334073
804        0.7847975253093352
805        0.6796175478065242
806        0.6053037120359959
807        0.7851856017997746
808        0.22850393700787375
809        0.401861642294713
810        0.3626434195725534
811        0.3576490438695161
812        0.3764623172103484
813        0.5842350956130486
814        0.3892575928009
815        0.5000449943757029
816        0.7815354330708653
817        0.737868391451068
818        0.7752024746906626
819        0.7846569178852634
820        0.7767322834645652
821        0.35407761529808757
822        0.7852924634420684
823        0.7815073115860507
824        0.4254330708661416
825        0.7012092238470187
826        0.7498368953880756
827        0.6288582677165359
828        0.5778346456692915
829        0.7852699662542172
830        0.29174353205849235
831        0.5235489313835768
832        0.7770809898762646
833        0.5930821147356583
834        0.729921259842519
835        0.3495894263217096
836        0.3776940382452193
837        0.7499325084364448
838        0.6125084364454447
839        0.784521934758154
840        0.7858155230596169
841        0.7834533183352067
842        0.7345331833520805
843        0.7811698537682774
844        0.1661867266591674
845        0.7618335208098981
846        0.6726321709786276
847        0.6648200224971877
848        0.3227615298087738
849        0.37093925759280055
850        0.5899493813273342
851        0.6720809898762654
852        0.7245950506186715
853        0.784060742407198
854        0.6889370078740152
855        0.7496400449943752
856        0.785191226096737
857        0.4197244094488187
858        0.749448818897637
859        0.7777559055118104
860        0.5736614173228349
861        0.5889313835770531
862        0.48746906636670423
863        0.5786220472440945
864        0.780967379077614
865        0.5593925759280094
866        0.5973678290213728
867        0.35455005624296954
868        0.36641169853768285
869        0.6981327334083239
870        0.5223172103487063
871        0.34679415073115827
872        0.6946231721034867
873        0.6899212598425197
874        0.7225421822272209
875        0.3651181102362204
876        0.38071428571428567
877        0.3728121484814399
878        0.4401687289088865
879        0.3426659167604049
880        0.38988188976377935
881        0.3149662542182225
882        0.6011473565804275
883        0.3305511811023619
884        0.2835376827896511
885        0.4097525309336331
886        0.3810123734533181
887        0.2960236220472439
888        0.1696681664791898
889        0.05737345331833511
