1        0.2111698537682789
2        0.4311023622047244
3        0.44482002249718744
4        0.23515748031496053
5        0.5655905511811024
6        0.31794150731158594
7        0.30520809898762635
8        0.509730033745782
9        0.5620697412823398
10        0.10799212598425183
11        0.2260011248593925
12        0.18222722159730023
13        0.5747694038245216
14        0.5182564679415074
15        0.13377390326209204
16        0.4505849268841395
17        0.14239595050618656
18        0.24133858267716518
19        0.20447694038245207
20        0.5160686164229472
21        0.3997131608548931
22        0.6050843644544437
23        0.3048650168728908
24        0.3080539932508434
25        0.5417716535433074
26        0.23898762654668143
27        0.1379077615298086
28        0.23406636670416187
29        0.08978627671541047
30        0.1187457817772777
31        0.09236220472440931
32        0.3804049493813272
33        0.4185883014623171
34        0.3150393700787402
35        0.5537626546681664
36        0.220787401574803
37        0.2982845894263217
38        0.23445444319460051
39        0.19307086614173208
40        0.2779133858267715
41        0.1893082114735657
42        0.1961979752530933
43        0.1584589426321708
44        0.14007874015748015
45        0.27718222722159713
46        0.13896512935882996
47        0.30351518560179963
48        0.11655793025871748
49        0.5431214848143986
50        0.250922384701912
51        0.5918897637795276
52        0.05881327334083229
53        0.5526940382452196
54        0.21111361079864988
55        0.5701068616422947
56        0.35510123734533167
57        0.6190101237345335
58        0.4714735658042743
59        0.6177840269966258
60        0.35574240719909994
61        0.4648425196850393
62        0.15473565804274447
63        0.5096175478065239
64        0.2094038245219345
65        0.3123172103487063
66        0.2529246344206972
67        0.2872328458942631
68        0.3917097862767153
69        0.1445838020247467
70        0.5079471316085492
71        0.19590551181102342
72        0.4079302587176604
73        0.3786051743532058
74        0.4700618672665915
75        0.2576321709786275
76        0.07773903262092229
77        0.21263217097862747
78        0.501597300337458
79        0.14764904386951616
80        0.011017997750281222
81        0.01457255343082116
82        0.13015185601799759
83        0.06668166479190087
84        0.2605343082114733
85        0.20250281214848134
86        0.06200224971878504
87        0.09354330708661408
88        0.6037739032620923
89        0.16628796400449924
90        0.5135208098987626
91        0.33376827896512923
92        0.18251406074240706
93        0.36794713160854875
94        0.20218785151855992
95        0.41430258717660284
96        0.4596119235095611
97        0.11980877390326192
98        0.6115241844769403
99        0.16749718785151843
100        0.22485376827896497
101        0.11330708661417305
102        0.2456861642294712
103        0.11867266591676019
104        0.5864173228346459
105        0.5670584926884145
106        0.4428008998875142
107        0.18871203599550035
108        0.6018053993250845
109        0.5989426321709787
110        0.5797694038245222
111        0.2830371203599548
112        0.21308773903262082
113        0.615208098987627
114        0.559943757030371
115        0.4427615298087734
116        0.15790776152980857
117        0.30395388076490437
118        0.6106749156355457
119        0.23081552305961744
120        0.5252362204724408
121        0.5864285714285713
122        0.4426884139482564
123        0.6152755905511814
124        0.43600674915635523
125        0.5218391451068619
126        0.2828346456692913
127        0.12138920134983106
128        0.5767716535433071
129        0.2705568053993248
130        0.5980089988751407
131        0.16356017997750263
132        0.6194769403824525
133        0.5657199100112487
134        0.460050618672666
135        0.32217097862767147
136        0.4623734533183353
137        0.3712317210348705
138        0.2976040494938131
139        0.5947075365579305
140        0.4203712035995501
141        0.3862992125984252
142        0.1180821147356579
143        0.5679302587176607
144        0.20237907761529794
145        0.1816591676040494
146        0.2727446569178852
147        0.27834645669291325
148        0.5863273340832399
149        0.15256467941507296
150        0.14368391451068604
151        0.3571091113610796
152        0.5426209223847018
153        0.24541057367829008
154        0.2908942632170977
155        0.4627896512935882
156        0.5704611923509564
157        0.2843419572553429
158        0.5869010123734535
159        0.1280652418447692
160        0.3954443194600674
161        0.528880764904387
162        0.4922328458942634
163        0.5954049493813274
164        0.5688582677165356
165        0.43448818897637786
166        0.5908323959505065
167        0.2738807649043868
168        0.16198537682789635
169        0.2882958380202473
170        0.6195950506186728
171        0.5456467941507314
172        0.3054611923509561
173        0.4369010123734533
174        0.25663104611923493
175        0.37601237345331817
176        0.34073115860517417
177        0.14957255343082093
178        0.45831833520809917
179        0.4421484814398201
180        0.2280539932508434
181        0.3008267716535431
182        0.13660854893138344
183        0.29771653543307075
184        0.19518560179977484
185        0.2470472440944879
186        0.18579302587176577
187        0.41325084364454445
188        0.1624353205849267
189        0.539392575928009
190        0.43088301462317213
191        0.544015748031496
192        0.15871203599550043
193        0.5711023622047243
194        0.20462317210348682
195        0.5189426321709786
196        0.4910236220472444
197        0.5210854893138357
198        0.1101462317210347
199        0.617390326209224
200        0.10674353205849257
201        0.1655118110236219
202        0.4174353205849269
203        0.21832395950506167
204        0.6150281214848147
205        0.6109111361079866
206        0.3946569178852643
207        0.5508605174353204
208        0.14617547806524167
209        0.4507930258717658
210        0.5231496062992128
211        0.4081439820022492
212        0.6173453318335209
213        0.306676040494938
214        0.5461642294713163
215        0.5050281214848147
216        0.6155568053993253
217        0.20767716535433056
218        0.4478177727784027
219        0.42897075365579296
220        0.1930089988751405
221        0.31576490438695154
222        0.04735658042744647
223        0.5975028121484813
224        0.6112035995500562
225        0.43380764904386937
226        0.36404949381327306
227        0.3357086614173227
228        0.565939257592801
229        0.3289257592800898
230        0.6166985376827899
231        0.5657311586051746
232        0.2801237345331832
233        0.6166929133858268
234        0.17744656917885243
235        0.07206974128233957
236        0.45879640044994346
237        0.6148031496062994
238        0.18281777277840255
239        0.6156242969628795
240        0.48115298087739033
241        0.33584364454443183
242        0.3423959505061866
243        0.502328458942632
244        0.32595050618672644
245        0.38473003374578185
246        0.2703374578177727
247        0.6161304836895386
248        0.4509617547806525
249        0.281957255343082
250        0.09679415073115841
251        0.14347581552305944
252        0.06659730033745767
253        0.15037120359954992
254        0.5317660292463445
255        0.5342238470191227
256        0.5136895388076491
257        0.6025196850393701
258        0.6004949381327337
259        0.6181214848143988
260        0.61710911136108
261        0.3032508436445442
262        0.3461698537682789
263        0.4747975253093365
264        0.21951068616422933
265        0.07899887514060731
266        0.6194544431946006
267        0.49514060742407195
268        0.12800337457817756
269        0.27267154105736774
270        0.46278965129358846
271        0.5437401574803149
272        0.4197581552305962
273        0.616175478065242
274        0.20996062992125966
275        0.5751912260967382
276        0.3189707536557929
277        0.39146794150731146
278        0.4301631046119233
279        0.15807649043869504
280        0.5778458942632172
281        0.6044825646794151
282        0.27227221597300333
283        0.19643419572553417
284        0.5057649043869517
285        0.6159955005624301
286        0.3482002249718784
287        0.020534308211473597
288        0.28085489313835743
289        0.6037795275590552
290        0.5996737907761528
291        0.3312767154105736
292        0.2887457817772775
293        0.22574240719909988
294        0.187469066366704
295        0.10568053993250823
296        0.14970753655793012
297        0.45930821147356604
298        0.42314960629921267
299        0.6089032620922388
300        0.27997750281214834
301        0.5101349831271089
302        0.1403599550056241
303        0.4374521934758156
304        0.17746344206974116
305        0.1674465691788525
306        0.5732339707536559
307        0.17674915635545532
308        0.5361754780652416
309        0.380607424071991
310        0.2857199100112485
311        0.572620922384702
312        0.0358661417322835
313        0.007885264341957238
314        0.5437289088863895
315        0.22134420697412815
316        0.5461979752530938
317        0.6200843644544435
318        0.26480314960629886
319        0.5583183352080991
320        0.20469066366704147
321        0.49531496062992114
322        0.6163667041619799
323        0.18683914510686148
324        0.5631214848143984
325        0.2882339707536557
326        0.4348706411698536
327        0.4218841394825645
328        0.5568391451068618
329        0.18440944881889748
330        0.4081383577052868
331        0.28259842519685036
332        0.19307086614173216
333        0.2855118110236219
334        0.45777840269966247
335        0.3612879640044993
336        0.49289651293588305
337        0.6069853768278968
338        0.0908661417322833
339        0.14722159730033726
340        0.13155793025871754
341        0.3881833520809899
342        0.3872159730033744
343        0.4192744656917884
344        0.5754105736782905
345        0.44088301462317203
346        0.18894825646794136
347        0.5825984251968506
348        0.5107255343082115
349        0.3236614173228346
350        0.5230371203599553
351        0.6116366704161985
352        0.30851518560179964
353        0.3951181102362204
354        0.46735095613048366
355        0.12155793025871751
356        0.6100618672665916
357        0.072750281214848
358        0.5084139482564678
359        0.31802587176602903
360        0.1893982002249717
361        0.5997525309336335
362        0.4616872890888639
363        0.22859955005624286
364        0.6105399325084369
365        0.29474128233970753
366        0.16791901012373436
367        0.3502530933633294
368        0.6092463442069745
369        0.5215748031496062
370        0.6130483689538808
371        0.3611304836895388
372        0.5935770528683915
373        0.42925759280089976
374        0.2863104611923509
375        0.4210461192350955
376        0.05198537682789638
377        0.531827896512936
378        0.14921259842519663
379        0.3396400449943755
380        0.6164229471316086
381        0.6034645669291341
382        0.16214848143981989
383        0.2615523059617546
384        0.31436445444319455
385        0.5740607424071993
386        0.617592800899888
387        0.40327896512935885
388        0.5373003374578177
389        0.39961754780652436
390        0.3629133858267713
391        0.4852193475815525
392        0.6162992125984258
393        0.6173734533183355
394        0.17208098987626536
395        0.43113048368953877
396        0.6052868391451073
397        0.14218785151856003
398        0.6067997750281213
399        0.6144319460067496
400        0.17794713160854875
401        0.28502812148481427
402        0.1618222722159728
403        0.5366591676040493
404        0.5967604049493813
405        0.4476827896512934
406        0.574026996625422
407        0.49925759280089993
408        0.6177896512935885
409        0.12176602924634401
410        0.616771653543307
411        0.2732452193475815
412        0.4431664791901011
413        0.5193813273340832
414        0.23313273340832383
415        0.6092069741282341
416        0.6161079865016874
417        0.5679358830146233
418        0.5292688413948258
419        0.36521372328458945
420        0.4424634420697416
421        0.5989820022497191
422        0.17363892013498294
423        0.5227165354330711
424        0.2518953880764903
425        0.6001574803149609
426        0.6008717660292465
427        0.4668841394825645
428        0.5920584926884143
429        0.28393700787401577
430        0.5934814398200231
431        0.6162710911136109
432        0.187142857142857
433        0.6180146231721036
434        0.6182283464566933
435        0.38654105736782896
436        0.4863779527559055
437        0.6054218222722163
438        0.5613723284589429
439        0.5292125984251972
440        0.3380202474690662
441        0.49316085489313827
442        0.5968110236220473
443        0.3500449943757028
444        0.23034308211473548
445        0.5090269966254218
446        0.10647356580427435
447        0.61810461192351
448        0.6185264341957255
449        0.6168785151856021
450        0.36174353205849274
451        0.6119347581552307
452        0.6154893138357707
453        0.6178740157480319
454        0.3241001124859392
455        0.6178627671541057
456        0.5988357705286838
457        0.2945050618672664
458        0.6182789651293592
459        0.6019572553430824
460        0.5969910011248598
461        0.5934308211473568
462        0.578340832395951
463        0.5990044994375705
464        0.5899381327334084
465        0.6002362204724411
466        0.6174296962879642
467        0.2725928008998874
468        0.34677165354330713
469        0.5303655793025872
470        0.5884758155230599
471        0.6163273340832394
472        0.28511248593925737
473        0.18710348706411684
474        0.38974690663667055
475        0.4217660292463444
476        0.17378515185601784
477        0.5099718785151853
478        0.18642294713160845
479        0.35502812148481433
480        0.10977502812148465
481        0.6062767154105739
482        0.617204724409449
483        0.5022047244094489
484        0.6097356580427449
485        0.5665635545556804
486        0.5896231721034872
487        0.6075590551181101
488        0.5096119235095615
489        0.3341957255343082
490        0.6105399325084367
491        0.44477502812148473
492        0.5542688413948255
493        0.22741282339707516
494        0.501631046119235
495        0.17087176602924622
496        0.6080764904386955
497        0.3274465691788525
498        0.5183802024746906
499        0.6009898762654673
500        0.5083520809898763
501        0.18609673790776135
502        0.5468503937007877
503        0.5889088863892016
504        0.6173734533183352
505        0.43060742407199093
506        0.6205961754780652
507        0.11618672665916746
508        0.5823115860517436
509        0.5794769403824526
510        0.31258155230596146
511        0.6054161979752535
512        0.17065804274465676
513        0.6037064116985381
514        0.15297525309336313
515        0.5300168728908887
516        0.15892575928008984
517        0.4736895388076492
518        0.5548200224971882
519        0.4592857142857141
520        0.2138976377952754
521        0.257744656917885
522        0.22367266591676027
523        0.607874015748032
524        0.343723284589426
525        0.4933970753655793
526        0.6107367829021373
527        0.31730596175478065
528        0.5622890888638923
529        0.5764735658042749
530        0.22327896512935863
531        0.5933352080989879
532        0.5047525309336334
533        0.18663104611923487
534        0.3969010123734533
535        0.28894825646794137
536        0.6198706411698539
537        0.5328571428571428
538        0.6179133858267721
539        0.5877221597300339
540        0.5875365579302588
541        0.1487401574803148
542        0.16180539932508414
543        0.6107255343082115
544        0.5276771653543308
545        0.6184814398200226
546        0.6081721034870644
547        0.6200731158605177
548        0.6173959505061867
549        0.4762035995500562
550        0.6196681664791904
551        0.5912879640044997
552        0.6160123734533185
553        0.23244656917885237
554        0.37746906636670396
555        0.5294094488188977
556        0.457064116985377
557        0.6047075365579305
558        0.5367547806524187
559        0.4160404949381327
560        0.6087570303712037
561        0.4092125984251968
562        0.6175309336332958
563        0.15465691788526423
564        0.6098200224971881
565        0.19563554555680518
566        0.4534195725534307
567        0.5234983127109113
568        0.6174465691788528
569        0.15576490438695145
570        0.598458942632171
571        0.49012935883014647
572        0.5448200224971881
573        0.5485376827896513
574        0.5178683914510687
575        0.5964735658042748
576        0.4225309336332959
577        0.17416197975253078
578        0.17742407199100096
579        0.5311811023622045
580        0.16134420697412807
581        0.30618110236220464
582        0.5191001124859393
583        0.17304836895388054
584        0.6012148481439823
585        0.30081552305961745
586        0.5576040494938135
587        0.45197412823397065
588        0.6200674915635548
589        0.24039932508436426
590        0.1658267716535432
591        0.347992125984252
592        0.4917660292463444
593        0.5615410573678292
594        0.059611923509561154
595        0.1581833520809897
596        0.47980314960629916
597        0.5940438695163108
598        0.3358661417322834
599        0.16569178852643404
600        0.17057930258717643
601        0.4599999999999999
602        0.4749718785151857
603        0.1867547806524183
604        0.3974184476940381
605        0.17699100112485927
606        0.6164398200224971
607        0.2827446569178852
608        0.4560573678290215
609        0.5833858267716537
610        0.5084195725534311
611        0.5108042744656919
612        0.15556805399325063
613        0.5831946006749158
614        0.4709448818897637
615        0.2899268841394823
616        0.17053430821147342
617        0.6180202474690667
618        0.05722722159730032
619        0.6039876265466815
620        0.41237907761529785
621        0.1711923509561303
622        0.4678121484814398
623        0.16507874015748014
624        0.40866704161979756
625        0.4345781777277841
626        0.47904949381327355
627        0.5099999999999999
628        0.1805793025871765
629        0.4009898762654666
630        0.415326209223847
631        0.18386389201349815
632        0.1664229471316084
633        0.10653543307086595
634        0.362525309336333
635        0.6160348706411704
636        0.35480877390326193
637        0.5766591676040497
638        0.3687626546681663
639        0.5547806524184481
640        0.2600112485939256
641        0.017536557930258722
642        0.25146794150731144
643        0.34676602924634403
644        0.27686164229471294
645        0.5536614173228347
646        0.6200506186726659
647        0.3372890888638919
648        0.09347019122609655
649        0.19677727784026972
650        0.35754780652418444
651        0.41320584926884124
652        0.5498200224971881
653        0.5213667041619794
654        0.46576490438695173
655        0.560568053993251
656        0.10090551181102345
657        0.5068447694038244
658        0.14849268841394805
659        0.6147019122609677
660        0.6108548931383577
661        0.26519122609673773
662        0.22251968503936992
663        0.3426996625421822
664        0.1284139482564678
665        0.5200281214848144
666        0.6158098987626547
667        0.1559167604049492
668        0.6135264341957258
669        0.14645669291338556
670        0.51710911136108
671        0.4387570303712039
672        0.39030933633295845
673        0.5658436445444321
674        0.12152418447694019
675        0.1565748031496061
676        0.19832958380202462
677        0.4845050618672666
678        0.5862879640044995
679        0.4156974128233972
680        0.18602924634420684
681        0.5754105736782903
682        0.2832114735658041
683        0.4169628796400447
684        0.1803093363329582
685        0.1981496062992124
686        0.2116479190101235
687        0.5944263217097862
688        0.17187289088863875
689        0.19508436445444297
690        0.6155118110236224
691        0.6104105736782905
692        0.5966647919010124
693        0.5503824521934759
694        0.26084926884139464
695        0.1862429696287961
696        0.1874409448818896
697        0.6200506186726659
698        0.21424634420697405
699        0.22055680539932487
700        0.05430258717660278
701        0.14570303712035976
702        0.6038245219347584
703        0.167609673790776
704        0.3148593925759279
705        0.5245838020247467
706        0.3588920134983129
707        0.6146569178852641
708        0.37096737907761523
709        0.6139313835770531
710        0.6163442069741278
711        0.16919010123734515
712        0.21771653543307073
713        0.04737345331833511
714        0.45139482564679434
715        0.4239820022497187
716        0.3037064116985376
717        0.507665916760405
718        0.46938695163104627
719        0.18508436445444307
720        0.38064679415073094
721        0.14641169853768263
722        0.27541057367829
723        0.4137007874015746
724        0.4460798650168728
725        0.4548875140607426
726        0.15645106861642277
727        0.3347412823397073
728        0.056636670416197854
729        0.38949381327334087
730        0.3928346456692912
731        0.1503880764904385
732        0.2215073115860516
733        0.1384139482564678
734        0.24611923509561293
735        0.5758605174353209
736        0.6185208098987627
737        0.23167604049493806
738        0.6128346456692917
739        0.035838020247469
740        0.4003599550056242
741        0.16857705286839125
742        0.4591057367829022
743        0.2922890888638918
744        0.19596175478065223
745        0.37984814398200206
746        0.2696062992125982
747        0.25430821147356564
748        0.2054668166479188
749        0.3025590551181102
750        0.6172384701912264
751        0.5375703037120357
752        0.16817772778402681
753        0.5783408323959505
754        0.18823397075365564
755        0.31849268841394823
756        0.20721034870641147
757        0.559066366704162
758        0.45030371203599534
759        0.18340832395950493
760        0.11869516310461176
761        0.3223228346456692
762        0.6202924634420698
763        0.6177109111361079
764        0.3954893138357706
765        0.5523340832395955
766        0.169758155230596
767        0.16719910011248568
768        0.4865073115860517
769        0.614116985376828
770        0.5231833520809898
771        0.5292688413948258
772        0.3531271091113609
773        0.5472665916760405
774        0.276209223847019
775        0.16128796400449924
776        0.5189482564679415
777        0.596259842519685
778        0.4061417322834648
779        0.20574803149606283
780        0.49840269966254236
781        0.6114341957255348
782        0.18626546681664774
783        0.23280089988751398
784        0.5327109111361079
785        0.5892969628796405
786        0.5515185601799775
787        0.31030933633295826
788        0.3243250843644542
789        0.2758605174353204
790        0.16555680539932494
791        0.4746006749156354
792        0.17999999999999985
793        0.19971878515185576
794        0.2871484814398199
795        0.4419516310461193
796        0.16388638920134965
797        0.09101799775028108
798        0.18659167604049479
799        0.40455568053993235
800        0.47773340832395944
801        0.5395894263217097
802        0.5886389201349832
803        0.603188976377953
804        0.5922834645669294
805        0.37021372328458946
806        0.3859448818897636
807        0.6033970753655791
808        0.056912260967378954
809        0.14652980877390312
810        0.18967941507311573
811        0.20142294713160844
812        0.18260967379077597
813        0.2706411698537683
814        0.2105961754780651
815        0.19483689538807636
816        0.5512767154105739
817        0.4643307086614174
818        0.5535883014623172
819        0.5696737907761529
820        0.55318335208099
821        0.20195725534308195
822        0.6067097862767155
823        0.545607424071991
824        0.17987064116985352
825        0.4229977502812149
826        0.49040494938132734
827        0.378363329583802
828        0.29037682789651287
829        0.5953880764904386
830        0.09775028121484793
831        0.221304836895388
832        0.5623734533183353
833        0.3296681664791899
834        0.4355849268841394
835        0.1467941507311584
836        0.1040832395950504
837        0.5126602924634421
838        0.26903824521934744
839        0.6044938132733407
840        0.6008773903262091
841        0.6020922384701912
842        0.4165804274465692
843        0.5781327334083243
844        0.06935320584926874
845        0.5460517435320587
846        0.381721034870641
847        0.38537682789651273
848        0.1519797525309335
849        0.12182789651293578
850        0.3066535433070865
851        0.4116085489313835
852        0.4682114735658043
853        0.6117154105736785
854        0.38644544431946004
855        0.5090551181102362
856        0.614043869516311
857        0.13113048368953859
858        0.5221709786276717
859        0.5096625421822273
860        0.26567491563554546
861        0.22341957255343062
862        0.21402137232845878
863        0.3039651293588301
864        0.5249043869516311
865        0.31872890888638916
866        0.302564679415073
867        0.15751406074240698
868        0.140506186726659
869        0.368408323959505
870        0.25615860517435296
871        0.16063554555680526
872        0.3791901012373453
873        0.3689988751406076
874        0.4533464566929136
875        0.153728908886389
876        0.18349831271091102
877        0.21167604049493804
878        0.17467941507311566
879        0.17178852643419557
880        0.13931383577052847
881        0.10888638920134965
882        0.3282283464566928
883        0.19891451068616406
884        0.057969628796400385
885        0.11734533183352054
886        0.19036557930258702
887        0.11273903262092226
888        0.03836895388076489
889        0.0016985376827896505
