1        0.010106861642294698
2        0.031833520809898784
3        0.024268841394825654
4        0.01330146231721035
5        0.16078177727784013
6        0.016327334083239605
7        0.025078740157480323
8        0.056006749156355465
9        0.10697975253093354
10        0.0014848143982002248
11        0.011732283464566918
12        0.007328458942632164
13        0.16557930258717643
14        0.09624859392575917
15        0.01045556805399327
16        0.06387514060742402
17        0.011524184476940378
18        0.012030371203599533
19        0.009983127109111343
20        0.05178852643419565
21        0.062266591676040414
22        0.21904386951631025
23        0.020798650168728915
24        0.022148481439820008
25        0.0831102362204724
26        0.018672665916760443
27        0.010624296962879632
28        0.03372890888638914
29        0.003571428571428563
30        0.007570303712035974
31        0.0056692913385826705
32        0.022424071991001146
33        0.04505624296962873
34        0.02289088863892016
35        0.13572553430821135
36        0.03019122609673795
37        0.023127109111361076
38        0.04308773903262079
39        0.011490438695163106
40        0.047199100112485855
41        0.028931383577052855
42        0.01465129358830145
43        0.023419572553430835
44        0.014915635545556851
45        0.010337457817772764
46        0.009521934758155205
47        0.037739032620922396
48        0.00339145106861641
49        0.12862767154105728
50        0.015798650168728903
51        0.22598425196850377
52        0.0015691788526434193
53        0.1265073115860516
54        0.0142969628796401
55        0.09331833520809889
56        0.03656917885264343
57        0.2078571428571427
58        0.08982564679415063
59        0.18710911136107977
60        0.027902137232845892
61        0.08837457817772769
62        0.02356017997750285
63        0.08856580427446556
64        0.016636670416198016
65        0.0861023622047243
66        0.03694038245219345
67        0.046034870641169824
68        0.11556242969628779
69        0.006794150731158594
70        0.14371203599550048
71        0.03095613048368952
72        0.13093363329583788
73        0.10600112485939243
74        0.08870641169853757
75        0.020388076490438736
76        0.0015804274465691791
77        0.03731158605174342
78        0.11896512935883012
79        0.010545556805399339
80        0.0012598425196850354
81        0.0015973003374578172
82        0.010365579302587191
83        0.011535433070866128
84        0.03979752530933628
85        0.022007874015748056
86        0.00523622047244093
87        0.003818897637795274
88        0.18450506186726642
89        0.021563554555680587
90        0.09867266591676024
91        0.03283464566929129
92        0.03638357705286833
93        0.08394263217097846
94        0.04220472440944869
95        0.07361079865016858
96        0.07501687289088861
97        0.005011248593925749
98        0.20528683914510665
99        0.012013498312710945
100        0.015123734533183372
101        0.005286839145106843
102        0.036692913385826725
103        0.026833520809898776
104        0.18929696287963993
105        0.15850393700787388
106        0.07563554555680535
107        0.028222722159730002
108        0.15142857142857133
109        0.18815523059617534
110        0.19236220472440935
111        0.022019122609673807
112        0.018087739032620977
113        0.2775590551181102
114        0.14173228346456684
115        0.07620922384701899
116        0.023475815523059707
117        0.020140607424072043
118        0.22155793025871767
119        0.04060179977502807
120        0.12941507311586029
121        0.15529808773903242
122        0.09010686164229456
123        0.21716535433070872
124        0.07188976377952744
125        0.10350393700787394
126        0.04176602924634415
127        0.008239595050618657
128        0.15700224971878496
129        0.03313835770528684
130        0.2073172103487062
131        0.02770528683914507
132        0.32338582677165356
133        0.20621484814398194
134        0.13401012373453297
135        0.028520809898762642
136        0.12964566929133836
137        0.05241282339707528
138        0.05919010123734523
139        0.2634251968503935
140        0.07883577052868387
141        0.06373453318335201
142        0.010224971878515175
143        0.14551181102362182
144        0.04935883014623168
145        0.031377952755905436
146        0.02032620922384707
147        0.06912260967379065
148        0.18446006749156332
149        0.02832395950506187
150        0.011777277840269973
151        0.037384701912260954
152        0.15480314960629904
153        0.058239595050618556
154        0.04724971878515181
155        0.1275590551181101
156        0.14574803149606275
157        0.028897637795275623
158        0.19567491563554543
159        0.03487064116985369
160        0.11555680539932496
161        0.11380764904386935
162        0.07179415073115847
163        0.17182789651293578
164        0.20554555680539938
165        0.10829583802024738
166        0.16064116985376808
167        0.04257592800899882
168        0.015826771653543337
169        0.055061867266591596
170        0.32926884139482554
171        0.14098987626546672
172        0.04135545556805391
173        0.08251406074240705
174        0.047688413948256375
175        0.06732845894263205
176        0.05219910011248587
177        0.012705286839145154
178        0.09569178852643402
179        0.10833520809898749
180        0.05484251968503924
181        0.053194600674915486
182        0.04497187851518554
183        0.05691788526434187
184        0.021642294713160922
185        0.028115860517435323
186        0.026417322834645658
187        0.08215410573678276
188        0.009527559055118082
189        0.15201349831271074
190        0.08271091113610785
191        0.19779527559055105
192        0.06560179977502804
193        0.17162542182227206
194        0.02571991001124859
195        0.14225534308211457
196        0.11277277840269954
197        0.17132170978627653
198        0.004775028121484793
199        0.31790776152980876
200        0.013593925759280095
201        0.037356580427446495
202        0.1208323959505061
203        0.06340832395950499
204        0.3378740157480315
205        0.24257592800899858
206        0.09413948256467927
207        0.15509561304836883
208        0.024206974128233957
209        0.13214848143981986
210        0.12206974128233958
211        0.07868391451068601
212        0.2658830146231718
213        0.06272778402699646
214        0.14284026996625407
215        0.11938132733408315
216        0.22202474690663665
217        0.031614173228346414
218        0.13051181102362194
219        0.08860517435320572
220        0.02568616422947133
221        0.045281214848143944
222        0.010140607424071985
223        0.23881889763779524
224        0.27133858267716526
225        0.10976377952755889
226        0.07097300337457806
227        0.04461754780652413
228        0.23398762654668165
229        0.04206411698537679
230        0.3055793025871766
231        0.21187851518560166
232        0.021321709786276753
233        0.29647919010123736
234        0.016732283464566976
235        0.004600674915635542
236        0.1115579302587175
237        0.2893419572553429
238        0.038931383577052815
239        0.2698931383577051
240        0.13220472440944872
241        0.043622047244094464
242        0.0920922384701911
243        0.15566366704161966
244        0.08364454443194591
245        0.08957817772778386
246        0.07194038245219335
247        0.24488188976377934
248        0.09005624296962864
249        0.04405511811023619
250        0.007024746906636654
251        0.008447694038245189
252        0.008048368953880754
253        0.03158042744656908
254        0.12897637795275577
255        0.16547806524184466
256        0.15104049493813257
257        0.18326209223847
258        0.22274465691788511
259        0.3079415073115861
260        0.2971372328458943
261        0.059319460067491475
262        0.07017997750281205
263        0.14360517435320572
264        0.053397075365579166
265        0.0013329583802024721
266        0.2899493813273341
267        0.10249156355455556
268        0.020078740157480405
269        0.08392575928008984
270        0.1340213723284588
271        0.1555399325084363
272        0.09734533183352072
273        0.3380483689538807
274        0.037187851518560154
275        0.21190101237345316
276        0.07061304836895374
277        0.08975253093363308
278        0.09934758155230586
279        0.038475815523059544
280        0.19676040494938124
281        0.22355455568053986
282        0.038942632170978556
283        0.043813273340832265
284        0.15110236220472423
285        0.2967379077615297
286        0.06363329583802012
287        0.0013667041619797506
288        0.054746906636670284
289        0.24830146231721018
290        0.2520866141732284
291        0.05209786276715403
292        0.04884701912260962
293        0.04535433070866132
294        0.041861642294713064
295        0.01128796400449948
296        0.017384701912261005
297        0.16596737907761522
298        0.12119235095613044
299        0.2586107986501686
300        0.09322272215972989
301        0.129713160854893
302        0.014825646794150738
303        0.11208098987626532
304        0.038312710911136055
305        0.02940944881889764
306        0.16675478065241833
307        0.038070866141732246
308        0.1666704161979751
309        0.07323397075365567
310        0.06775028121484807
311        0.1999550056242969
312        0.004724409448818898
313        0.0013667041619797498
314        0.1711979752530932
315        0.046332958380202384
316        0.18255343082114728
317        0.28124859392575924
318        0.039190101237345364
319        0.18033183352080986
320        0.05883014623172095
321        0.1521709786276714
322        0.30272215973003375
323        0.03348706411698538
324        0.21378515185601793
325        0.07447694038245208
326        0.1286839145106861
327        0.10391451068616414
328        0.18917885264341947
329        0.04044431946006739
330        0.13189538807649032
331        0.050753655793025744
332        0.042412823397075264
333        0.04496062992125977
334        0.11497187851518546
335        0.07964004499437558
336        0.16849831271091098
337        0.2324578177727783
338        0.008205849268841374
339        0.055404949381327256
340        0.028813273340832408
341        0.09298650168728897
342        0.08168728908886377
343        0.14901012373453307
344        0.18013498312710896
345        0.0974071991001124
346        0.054921259842519596
347        0.16682789651293584
348        0.1528852643419571
349        0.0824803149606298
350        0.1460742407199099
351        0.23441507311586032
352        0.05889763779527549
353        0.08429696287963993
354        0.16177727784026988
355        0.018768278965129438
356        0.24314398200224954
357        0.004493813273340813
358        0.15493813273340815
359        0.05997750281214834
360        0.05875140607424062
361        0.25341957255343084
362        0.10958380202474675
363        0.047007874015747984
364        0.26281214848143974
365        0.0550674915635544
366        0.03859392575928001
367        0.12951631046119222
368        0.20657480314960627
369        0.17827334083239582
370        0.27672103487064126
371        0.10220472440944864
372        0.24507311586051736
373        0.08823397075365563
374        0.07700787401574789
375        0.08613048368953864
376        0.007125984251968495
377        0.1750562429696287
378        0.04001687289088855
379        0.08077052868391434
380        0.3161023622047243
381        0.2567829021372328
382        0.038678290213723245
383        0.0480708661417322
384        0.05245781777277832
385        0.2115354330708661
386        0.3067660292463442
387        0.09358830146231707
388        0.1708605174353205
389        0.12477502812148465
390        0.08299212598425186
391        0.15505624296962864
392        0.28455568053993247
393        0.31992688413948267
394        0.03623172103487058
395        0.11808773903262086
396        0.2360461192350954
397        0.016209223847019196
398        0.2697356580427445
399        0.33349831271091096
400        0.038689538807649033
401        0.09947694038245201
402        0.030871766029246274
403        0.18311586051743517
404        0.2668672665916758
405        0.11952193475815515
406        0.2472328458942631
407        0.16183352080989863
408        0.2955961754780651
409        0.0030539932508436385
410        0.3053262092238468
411        0.06236220472440933
412        0.11254218222722147
413        0.12973565804274448
414        0.06021372328458935
415        0.23174915635545548
416        0.3363610798650168
417        0.2180146231721034
418        0.1523115860517433
419        0.06454443194600666
420        0.10578177727784009
421        0.2828290213723284
422        0.023059617547806558
423        0.16496062992125973
424        0.059550056242969544
425        0.26407199100112466
426        0.23059055118110228
427        0.16291338582677156
428        0.23353205849268832
429        0.10277840269966243
430        0.2467041619797525
431        0.3388807649043869
432        0.032947131608548896
433        0.30629358830146236
434        0.29041057367829004
435        0.08335770528683904
436        0.12236782902137223
437        0.24591676040494925
438        0.2095725534308211
439        0.17858267716535423
440        0.10928008998875127
441        0.1505118110236219
442        0.2222272215973002
443        0.07897075365579288
444        0.05907199100112478
445        0.1481889763779525
446        0.006276715410573667
447        0.3387007874015749
448        0.33478627671541056
449        0.32737345331833523
450        0.08206411698537666
451        0.2790607424071991
452        0.267469066366704
453        0.3243419572553429
454        0.06870641169853758
455        0.29838020247469066
456        0.2950168728908885
457        0.05997750281214837
458        0.31845894263217084
459        0.2592800899887514
460        0.22782902137232847
461        0.24230033745781782
462        0.1968222722159729
463        0.2689088863892012
464        0.25394825646794145
465        0.23726659167604036
466        0.30203599550056226
467        0.038734533183352036
468        0.08235658042744644
469        0.17225534308211457
470        0.20600112485939245
471        0.29131608548931376
472        0.06768841394825634
473        0.057508436445444205
474        0.1028627671541056
475        0.12255343082114724
476        0.03402699662542181
477        0.1577615298087738
478        0.024887514060742456
479        0.05572553430821139
480        0.027075365579302586
481        0.23866141732283452
482        0.32584926884139476
483        0.1973172103487064
484        0.24860517435320567
485        0.17555118110236212
486        0.22284026996625414
487        0.26712598425196843
488        0.14800899887514044
489        0.07448818897637781
490        0.2739145106861641
491        0.12071991001124846
492        0.18240157480314947
493        0.06766591676040483
494        0.16393700787401563
495        0.04060179977502801
496        0.28456692913385817
497        0.07035433070866129
498        0.18374578177727763
499        0.2526152980877389
500        0.1266816647919009
501        0.05568616422947122
502        0.18044994375703025
503        0.2527052868391451
504        0.33142857142857124
505        0.1360854893138356
506        0.30506749156355456
507        0.016417322834645698
508        0.23077615298087728
509        0.19763217097862742
510        0.07847581552305952
511        0.2627784026996625
512        0.05550618672665904
513        0.2542632170978627
514        0.037289088863891935
515        0.18046119235095603
516        0.020208098987626603
517        0.15235658042744643
518        0.21569178852643422
519        0.18269966254218206
520        0.038172103487064055
521        0.06080427446569165
522        0.06368953880764891
523        0.28942069741282334
524        0.09829583802024733
525        0.1442857142857141
526        0.26628233970753656
527        0.09841957255343071
528        0.20411136107986483
529        0.25043869516310463
530        0.05291338582677153
531        0.23757030371203602
532        0.15016310461192334
533        0.028070866141732282
534        0.09026434195725522
535        0.061704161979752474
536        0.3341788526434196
537        0.17158042744656893
538        0.3225478065241843
539        0.24043869516310448
540        0.23138920134983124
541        0.02821147356580424
542        0.025658042744656964
543        0.2705961754780651
544        0.1758548931383576
545        0.29183914510686165
546        0.29880202474690665
547        0.2958042744656917
548        0.289482564679415
549        0.14678290213723272
550        0.3304218222722159
551        0.20543869516310453
552        0.2746062992125982
553        0.04648481439820011
554        0.0726152980877389
555        0.20870078740157474
556        0.10132170978627654
557        0.24239032620922374
558        0.1756130483689537
559        0.11469628796400436
560        0.2591057367829019
561        0.135179977502812
562        0.3230258717660292
563        0.031619797525309246
564        0.24643419572553413
565        0.049493813273340716
566        0.1619741282339707
567        0.15295838020247454
568        0.31696850393700804
569        0.043627671541057296
570        0.20322272215973008
571        0.1705624296962878
572        0.18588863892013494
573        0.17208661417322818
574        0.18269966254218203
575        0.24430821147356585
576        0.14889201349831266
577        0.06380764904386937
578        0.04220472440944877
579        0.16566366704161964
580        0.04714285714285706
581        0.09002249718785142
582        0.13763779527559045
583        0.039595050618672564
584        0.2684476940382453
585        0.08050618672665905
586        0.21395388076490426
587        0.11240719910011236
588        0.2886332958380202
589        0.0496794150731158
590        0.030298087739032583
591        0.09491563554555665
592        0.14051181102362195
593        0.22402137232845867
594        0.00786276715410572
595        0.026766029246344213
596        0.15290776152980856
597        0.19737345331833508
598        0.07786276715410559
599        0.03901012373453312
600        0.04187851518560175
601        0.1258436445444318
602        0.11699662542182213
603        0.05478065241844753
604        0.09329021372328446
605        0.040016872890888615
606        0.2576715410573678
607        0.06939820022497177
608        0.11829021372328437
609        0.21810461192350927
610        0.14896512935882997
611        0.17139482564679395
612        0.02093363329583805
613        0.2144375703037119
614        0.11061867266591661
615        0.06097300337457803
616        0.049167604049493746
617        0.32587176602924617
618        0.0031158605174353084
619        0.2500112485939257
620        0.1036332958380201
621        0.06364454443194587
622        0.15343644544431928
623        0.041023622047244024
624        0.11447694038245203
625        0.1246456692913384
626        0.12539370078740142
627        0.1406017997750279
628        0.05590551181102349
629        0.11835208098987617
630        0.10303712035995483
631        0.03727784026996619
632        0.04992125984251961
633        0.01980877390326214
634        0.06888638920134971
635        0.3180202474690663
636        0.08489876265466799
637        0.18577052868391433
638        0.06422947131608538
639        0.1884701912260966
640        0.05134420697412818
641        0.0014791901012373438
642        0.047874015748031414
643        0.08056805399325072
644        0.044797525309336235
645        0.17748593925759273
646        0.27530933633295823
647        0.10086614173228328
648        0.019966254218222762
649        0.04125984251968498
650        0.10030933633295824
651        0.10494938132733393
652        0.17437007874015736
653        0.14519685039370064
654        0.12463442069741265
655        0.17410573678290206
656        0.00813835770528682
657        0.12009561304836881
658        0.030281214848143993
659        0.25512935883014615
660        0.2671878515185602
661        0.05301462317210345
662        0.05537120359954994
663        0.0667097862767153
664        0.01826771653543313
665        0.1756524184476939
666        0.27726659167604045
667        0.011456692913385828
668        0.23672665916760394
669        0.029566929133858288
670        0.14988188976377942
671        0.0680877390326208
672        0.13052305961754773
673        0.15780089988751392
674        0.022125984251968493
675        0.023886389201349854
676        0.030596175478065216
677        0.1304274465691787
678        0.2244600674915635
679        0.09114173228346445
680        0.03324521934758155
681        0.21535433070866128
682        0.07581552305961738
683        0.09196850393700771
684        0.05466254218222713
685        0.026136107986501712
686        0.05382452193475811
687        0.19767154105736767
688        0.03502812148481435
689        0.06524184476940369
690        0.3040494938132732
691        0.22666479190101232
692        0.2300112485939256
693        0.12742969628796388
694        0.0446569178852643
695        0.04912823397075353
696        0.032497187851518554
697        0.3040888638920135
698        0.04563554555680536
699        0.022935883014623175
700        0.004791901012373447
701        0.020433070866141746
702        0.2618391451068615
703        0.04538807649043858
704        0.070320584926884
705        0.18182789651293568
706        0.09944881889763767
707        0.29580427446569185
708        0.08708098987626535
709        0.29347019122609647
710        0.2496119235095613
711        0.03936445444319456
712        0.056456692913385724
713        0.006377952755905493
714        0.13138920134983115
715        0.11674915635545532
716        0.0768222722159729
717        0.11942069741282321
718        0.1367997750281214
719        0.010039370078740143
720        0.11193475815523048
721        0.04088863892013492
722        0.05620359955005614
723        0.109010123734533
724        0.10789088863891998
725        0.10816647919010108
726        0.04876265466816641
727        0.08934758155230582
728        0.004994375703037107
729        0.08675478065241835
730        0.08959505061867254
731        0.04612485939257588
732        0.05731721034870629
733        0.01617547806524192
734        0.021473565804274536
735        0.1895388076490438
736        0.33101237345331813
737        0.049167604049493725
738        0.2772778402699661
739        0.009561304836895372
740        0.09968503937007858
741        0.023588301462317246
742        0.17175478065241837
743        0.07092800899887504
744        0.044105736782902055
745        0.10784026996625405
746        0.055584926884139386
747        0.04692913385826764
748        0.0178346456692914
749        0.07920697412823383
750        0.3049100112485939
751        0.17231721034870628
752        0.03626546681664786
753        0.21185601799775022
754        0.0377671541057367
755        0.08881889763779513
756        0.04553430821147347
757        0.1837176602924633
758        0.08920697412823383
759        0.04800899887514049
760        0.009780652418447668
761        0.05718222722159716
762        0.32787401574803143
763        0.2678908886389201
764        0.10172103487064105
765        0.15870641169853753
766        0.049235095613048244
767        0.05100112485939248
768        0.13676040494938121
769        0.2926040494938132
770        0.16259280089988742
771        0.17782339707536537
772        0.08170416197975237
773        0.18236220472440925
774        0.07398200224971864
775        0.044448818897637674
776        0.1719797525309335
777        0.2525421822272215
778        0.1002980877390325
779        0.023678290213723294
780        0.14477502812148468
781        0.26673228346456684
782        0.04401012373453311
783        0.03349268841394828
784        0.17117547806524164
785        0.20066366704161978
786        0.18449381327334066
787        0.077750281214848
788        0.07334645669291326
789        0.08156917885264328
790        0.03455568053993253
791        0.10039370078740135
792        0.06589988751406062
793        0.03719910011248589
794        0.06345894263217092
795        0.09685601799775016
796        0.04264341957255335
797        0.004409448818897638
798        0.030157480314960648
799        0.1137964004499436
800        0.11883577052868378
801        0.2089538807649042
802        0.2379190101237345
803        0.23241844769403813
804        0.22973003374578163
805        0.09746344206974111
806        0.09163104611923491
807        0.24312710911136098
808        0.004943757030371196
809        0.026400449943757075
810        0.03313835770528681
811        0.04824521934758146
812        0.025230596175478036
813        0.0410967379077615
814        0.032328458942632164
815        0.051417322834645535
816        0.2096400449943757
817        0.14499999999999982
818        0.17283464566929113
819        0.20006186726659145
820        0.16390326209223827
821        0.03142294713160855
822        0.2528065241844768
823        0.1927896512935882
824        0.02009561304836896
825        0.09007874015748017
826        0.14870641169853752
827        0.0950674915635544
828        0.052575928008998754
829        0.20368953880764892
830        0.011299212598425187
831        0.03179977502812148
832        0.19523059617547797
833        0.06772215973003362
834        0.11985376827896495
835        0.017694038245219364
836        0.022238470191226184
837        0.17982564679415072
838        0.04917885264341952
839        0.2230202474690662
840        0.2115748031496063
841        0.21285151856017986
842        0.0952530933633295
843        0.21486501687289078
844        0.0042800899887514
845        0.14955005624296944
846        0.09857705286839134
847        0.07872890888638906
848        0.03524746906636667
849        0.0341226096737907
850        0.042806524184476835
851        0.11213160854893126
852        0.11825084364454433
853        0.23826771653543305
854        0.0857086614173227
855        0.15956692913385814
856        0.2655736782902135
857        0.013385826771653635
858        0.13249156355455555
859        0.1252980877390325
860        0.07022497187851505
861        0.02852643419572554
862        0.037176602924634344
863        0.07759842519685026
864        0.13863892013498297
865        0.061501687289088815
866        0.08507311586051731
867        0.026299212598425162
868        0.062041619797525156
869        0.09585489313835754
870        0.024021372328458933
871        0.019842519685039438
872        0.08219910011248585
873        0.06225534308211463
874        0.0884645669291337
875        0.031175478065241794
876        0.04553993250843631
877        0.057244094488188894
878        0.023475815523059634
879        0.03137232845894258
880        0.01767716535433073
881        0.008155230596175473
882        0.07650168728908872
883        0.038599550056242944
884        0.006647919010123706
885        0.01006186726659165
886        0.04720472440944877
887        0.00477502812148481
888        0.0013160854893138323
889        0.0012654668166479156
